,post_id,party_name,case_number,case_type,case_status,file_date,status_date
0,37579,Harvest Credit Management,1169SP000126,Supplementary Process,Disposed (Statistical Purposes),20110419,20111005
1,260238,Harvest Credit Management,1251SP000033,Supplementary Process,Disposed (Statistical Purposes),20120208,20120328
2,346964,Harvest Credit Management,1043SP000424,Supplementary Process,Disposed (Statistical Purposes),20101126,20120113
3,558837,Harvest Credit Management,1158SP000422,Supplementary Process,Disposed (Statistical Purposes),20111107,20120105
4,886489,Harvest Credit Management,1134SC000287,Small Claims,Disposed (Statistical Purposes),20110328,20110602
5,1167019,Harvest Credit Management,1015SP000305,Supplementary Process,Disposed (Statistical Purposes),20100304,20100422
6,1439872,Harvest Credit Management,1334CV000555,Civil,Disposed (Statistical Purposes),20130930,20150114
7,2524253,Harvest Credit Management,1266CV000481,Civil,Disposed (Statistical Purposes),20121119,20131216
8,3315253,Harvest Credit Management,1229SP000086,Supplementary Process,Disposed (Statistical Purposes),20121022,20121206
9,3419243,Harvest Credit Management,1053SP000517,Supplementary Process,Disposed (Statistical Purposes),20100712,20100927
10,4183157,Harvest Credit Management,1356CV001144,Civil,Disposed (Statistical Purposes),20130715,20140627
11,4417300,Harvest Credit Management,1123SC002950,Small Claims,Disposed (Statistical Purposes),20111109,20120104
12,6062045,Harvest Credit Management,1223SC001778,Small Claims,Disposed (Statistical Purposes),20120618,20121010
13,6810640,Harvest Credit Management,1262SP000580,Supplementary Process,Disposed (Statistical Purposes),20120822,20130130
14,6857455,Harvest Credit Management,1014SP000061,Supplementary Process,Disposed (Statistical Purposes),20100125,20100512
15,6859312,Harvest Credit Management,1262SP000569,Supplementary Process,Disposed (Statistical Purposes),20120912,20130130
16,7223612,Harvest Credit Management,1042SC000382,Small Claims,Disposed (Statistical Purposes),20101018,20110506
17,7228378,Harvest Credit Management,1157SC001123,Small Claims,Disposed (Statistical Purposes),20111101,20120209
18,7372793,Harvest Credit Management,1014SC000670,Small Claims,Disposed (Statistical Purposes),20100608,20100727
19,8225725,Harvest Credit Management,1047CV000071,Civil,Disposed (Statistical Purposes),20100208,20100423
20,9592930,Harvest Credit Management,1150SP000785,Supplementary Process,Disposed (Statistical Purposes),20111031,20120105
21,9603332,Harvest Credit Management,1004CV000065,Civil,Disposed (Statistical Purposes),20100816,20110401
22,10560274,Harvest Credit Management,1166SC000240,Small Claims,Disposed (Statistical Purposes),20110329,20110422
23,11199676,Harvest Credit Management,1433SP000068,Supplementary Process,Disposed (Statistical Purposes),20140324,20140701
24,11317190,Harvest Credit Management,1136SC000362,Small Claims,Disposed (Statistical Purposes),20110331,20110719
25,11528051,Harvest Credit Management,1016SC000490,Small Claims,Disposed (Statistical Purposes),20100806,20100929
26,11583216,Harvest Credit Management,1054CV000504,Civil,Disposed (Statistical Purposes),20100412,20100708
27,12680200,Harvest Credit Management,1145SP000210,Supplementary Process,Disposed (Statistical Purposes),20111011,20111227
28,13048218,Harvest Credit Management,1064SP000045,Supplementary Process,Disposed (Statistical Purposes),20100125,20100428
29,13737707,Harvest Credit Management,1011SP000493,Supplementary Process,Disposed (Statistical Purposes),20100405,20100816
30,15205843,Harvest Credit Management,1033SC000065,Small Claims,Disposed (Statistical Purposes),20100111,20100210
31,15348954,Harvest Credit Management,1032SC000463,Small Claims,Disposed (Statistical Purposes),20100312,20100517
32,15381918,Harvest Credit Management,1113SC001696,Small Claims,Disposed (Statistical Purposes),20111007,20111207
33,16214288,Harvest Credit Management,1064SC001379,Small Claims,Disposed (Statistical Purposes),20101227,20110107
34,16431213,Harvest Credit Management,1069SC000559,Small Claims,Disposed (Statistical Purposes),20100803,20100922
35,16445759,Harvest Credit Management,1105SC000999,Small Claims,Pending,20111031,20111031
36,16786601,Harvest Credit Management,1016SP000033,Supplementary Process,Disposed (Statistical Purposes),20100125,20101118
37,16977089,Harvest Credit Management,1226SP000188,Supplementary Process,Disposed (Statistical Purposes),20121022,20151029
38,17240779,Harvest Credit Management,1431SP000013,Supplementary Process,Disposed (Statistical Purposes),20140128,20140814
39,17322444,Harvest Credit Management,1389SP000179,Supplementary Process,Disposed (Statistical Purposes),20131007,20131115
40,17841318,Harvest Credit Management,1108SC000301,Small Claims,Disposed (Statistical Purposes),20110927,20120427
41,17946797,Harvest Credit Management,1106SP000219,Supplementary Process,Disposed (Statistical Purposes),20110412,20111229
42,17974693,Harvest Credit Management,1007SC000232,Small Claims,Disposed (Statistical Purposes),20100310,20100430
43,18273360,Harvest Credit Management,1007SP000921,Supplementary Process,Disposed (Statistical Purposes),20101101,20101209
44,18400495,Harvest Credit Management,1308SP000102,Supplementary Process,Disposed (Statistical Purposes),20131224,20140324
45,18454262,Harvest Credit Management,1105SC000337,Small Claims,Disposed (Statistical Purposes),20110706,20110830
46,18635760,Harvest Credit Management,1206SP000056,Supplementary Process,Disposed (Statistical Purposes),20120206,20120516
47,18850034,Harvest Credit Management,1407SP000228,Supplementary Process,Disposed (Statistical Purposes),20140805,20140905
48,19011340,Harvest Credit Management,1007SP000261,Supplementary Process,Disposed (Statistical Purposes),20100330,20100513
49,19018458,Harvest Credit Management,1003SC000040,Small Claims,Disposed (Statistical Purposes),20100315,20150514
0,19265447,Harvest Credit Management,1203SP000094,Supplementary Process,Disposed (Statistical Purposes),20120806,20121227
1,19317007,Harvest Credit Management,1106SP000175,Supplementary Process,Disposed (Statistical Purposes),20110317,20111229
2,19419493,Harvest Credit Management,1106SP000186,Supplementary Process,Disposed (Statistical Purposes),20110324,20130416
3,19809951,Harvest Credit Management,0506CV000086,Civil,Disposed (Statistical Purposes),20050208,20051006
4,19829728,Harvest Credit Management,0508CV000074,Civil,Disposed (Statistical Purposes),20050324,20050725
5,19848783,Harvest Credit Management,0506CV000175,Civil,Disposed (Statistical Purposes),20050325,20050621
6,19857951,Harvest Credit Management,0506CV000207,Civil,Disposed (Statistical Purposes),20050406,20050622
7,19872494,Harvest Credit Management,0607CV000015,Civil,Disposed (Statistical Purposes),20060105,20060516
8,19877532,Harvest Credit Management,0502CV000217,Civil,Disposed (Statistical Purposes),20050621,20051114
9,20124187,Harvest Credit Management,0534SP000112,Supplementary Process,Disposed (Statistical Purposes),20050527,20051121
10,20180101,Harvest Credit Management,0534SP000128,Supplementary Process,Disposed (Statistical Purposes),20050620,20051215
11,20185308,Harvest Credit Management,0707SP000919,Supplementary Process,Disposed (Statistical Purposes),20071025,20080118
12,20248001,Harvest Credit Management,0515CV000017,Civil,Disposed (Statistical Purposes),20050106,20050406
13,20292837,Harvest Credit Management,0506CV000720,Civil,Disposed (Statistical Purposes),20051011,20061011
14,20351812,Harvest Credit Management,0802SP000224,Supplementary Process,Pending,20080505,20080505
15,20448545,Harvest Credit Management,0806SP000213,Supplementary Process,Disposed (Statistical Purposes),20080401,20080522
16,20527891,Harvest Credit Management,0802CV000140,Civil,Pending,20080212,20080212
17,20532784,Harvest Credit Management,0702SC000125,Small Claims,Disposed (Statistical Purposes),20070126,20070502
18,20550408,Harvest Credit Management,0802SC000149,Small Claims,Disposed (Statistical Purposes),20080212,20080715
19,20736956,Harvest Credit Management,0534SP000274,Supplementary Process,Disposed (Statistical Purposes),20051207,20060202
20,20751732,Harvest Credit Management,0706SP000096,Supplementary Process,Disposed (Statistical Purposes),20070205,20070601
21,20841091,Harvest Credit Management,0706SP000132,Supplementary Process,Disposed (Statistical Purposes),20070226,20070919
22,20858088,Harvest Credit Management,0606SP000449,Supplementary Process,Disposed (Statistical Purposes),20060828,20061121
23,21033206,Harvest Credit Management,0806SP000073,Supplementary Process,Disposed (Statistical Purposes),20080201,20080319
24,21133139,Harvest Credit Management,0734SC000301,Small Claims,Disposed (Statistical Purposes),20070314,20070321
25,21135459,Harvest Credit Management,0648SC000914,Small Claims,Disposed (Statistical Purposes),20061211,20070125
26,21274263,Harvest Credit Management,0907SC002017,Small Claims,Disposed (Statistical Purposes),20090915,20091109
27,21407438,Harvest Credit Management,0906SP001095,Supplementary Process,Disposed (Statistical Purposes),20091028,20110602
28,21840481,Harvest Credit Management,0549SC000346,Small Claims,Disposed (Statistical Purposes),20050307,20050422
29,21940908,Harvest Credit Management,1503CV000093,Civil,Pending,20151123,20151123
30,22007122,Harvest Credit Management,0925SP001851,Supplementary Process,Disposed (Statistical Purposes),20090804,20120420
31,22142303,Harvest Credit Management,1515SP000352,Supplementary Process,Disposed (Statistical Purposes),20151006,20160120
32,22227378,Harvest Credit Management,0915CV003682,Civil,Disposed (Statistical Purposes),20091215,20100125
33,22672677,Harvest Credit Management,0614SP000033,Supplementary Process,Disposed (Statistical Purposes),20060124,20060328
34,22880376,Harvest Credit Management,0914SP000794,Supplementary Process,Disposed (Statistical Purposes),20091028,20100226
35,22888405,Harvest Credit Management,0625CV001126,Civil,Disposed (Statistical Purposes),20060927,20070129
36,23009531,Harvest Credit Management,0834SP000113,Supplementary Process,Disposed (Statistical Purposes),20080324,20080522
37,23202634,Harvest Credit Management,0906SP000712,Supplementary Process,Disposed (Statistical Purposes),20090615,20091130
38,23218572,Harvest Credit Management,0906SP000735,Supplementary Process,Disposed (Statistical Purposes),20090622,20091130
39,23627031,Harvest Credit Management,0561SP000012,Supplementary Process,Disposed (Statistical Purposes),20050202,20050317
40,23682230,Harvest Credit Management,0815SP000312,Supplementary Process,Disposed (Statistical Purposes),20080331,20080522
41,23796121,Harvest Credit Management,0920SC000829,Small Claims,Disposed (Statistical Purposes),20090819,20091103
42,23910315,Harvest Credit Management,0598SP000096,Supplementary Process,Disposed (Statistical Purposes),20050801,20051006
43,23942066,Harvest Credit Management,0968SP000211,Supplementary Process,Disposed (Statistical Purposes),20090916,20091103
44,24197486,Harvest Credit Management,0947SP000216,Supplementary Process,Disposed (Statistical Purposes),20090915,20091120
45,24610543,Harvest Credit Management,0852SC001610,Small Claims,Disposed (Statistical Purposes),20081024,20081218
46,24808818,Harvest Credit Management,0820SP000081,Supplementary Process,Disposed (Statistical Purposes),20080324,20080718
47,24870476,Harvest Credit Management,0898SP000124,Supplementary Process,Disposed (Statistical Purposes),20080609,20080918
48,25050689,Harvest Credit Management,0968CV000053,Civil,Disposed (Statistical Purposes),20090202,20090701
49,25157474,Harvest Credit Management,0764SP000287,Supplementary Process,Disposed (Statistical Purposes),20071009,20071120
0,25329153,Harvest Credit Management,0754SP000111,Supplementary Process,Disposed (Statistical Purposes),20070423,20070622
1,25660147,Harvest Credit Management,0769SP000046,Supplementary Process,Disposed (Statistical Purposes),20070319,20070521
2,25805752,Harvest Credit Management,0939SP000253,Supplementary Process,Disposed (Statistical Purposes),20091028,20100107
3,25814523,Harvest Credit Management,0732SP000741,Supplementary Process,Disposed (Statistical Purposes),20071113,20110909
4,25849485,Harvest Credit Management,0989SC001078,Small Claims,Disposed (Statistical Purposes),20090914,20091029
5,26151421,Harvest Credit Management,0732SP000218,Supplementary Process,Disposed (Statistical Purposes),20070417,20070727
6,26181365,Harvest Credit Management,0732SP000231,Supplementary Process,Disposed (Statistical Purposes),20070423,20070529
7,26186557,Harvest Credit Management,0732SP000232,Supplementary Process,Disposed (Statistical Purposes),20070423,20070622
8,26246440,Harvest Credit Management,0732CV000289,Civil,Disposed (Statistical Purposes),20070213,20070328
9,26313298,Harvest Credit Management,0841SP000103,Supplementary Process,Disposed (Statistical Purposes),20080428,20080428
10,26626504,Harvest Credit Management,0989SC000259,Small Claims,Disposed (Statistical Purposes),20090224,20090507
11,26630203,Harvest Credit Management,0989SC000347,Small Claims,Disposed (Statistical Purposes),20090316,20090514
12,26640371,Harvest Credit Management,0963SC000442,Small Claims,Disposed (Statistical Purposes),20090914,20091027
13,26646298,Harvest Credit Management,0939CV000349,Civil,Disposed (Statistical Purposes),20090820,20090918
14,26700508,Harvest Credit Management,1538SP000154,Supplementary Process,Disposed (Statistical Purposes),20150727,20151008
15,26760566,Harvest Credit Management,0941SP000232,Supplementary Process,Disposed (Statistical Purposes),20090914,20090914
16,26767019,Harvest Credit Management,0941SC000600,Small Claims,Disposed (Statistical Purposes),20090817,20091023
17,26802641,Harvest Credit Management,0938SP000337,Supplementary Process,Disposed (Statistical Purposes),20090706,20090928
18,26963639,Harvest Credit Management,0749SP000114,Supplementary Process,Disposed (Statistical Purposes),20070330,20070517
19,26965732,Harvest Credit Management,0542CV000116,Civil,Disposed (Statistical Purposes),20050526,20050803
20,27102153,Harvest Credit Management,0739CV000034,Civil,Disposed (Statistical Purposes),20070131,20070409
21,27149611,Harvest Credit Management,1538SP000096,Supplementary Process,Disposed (Statistical Purposes),20150427,20151022
22,27247402,Harvest Credit Management,0549CV000625,Civil,Disposed (Statistical Purposes),20050729,20051011
23,27264554,Harvest Credit Management,0543SC000277,Small Claims,Disposed (Statistical Purposes),20050404,20050527
24,27305642,Harvest Credit Management,0741CV000059,Civil,Disposed (Statistical Purposes),20070207,20070531
25,27535688,Harvest Credit Management,0725SP002231,Supplementary Process,Disposed (Statistical Purposes),20070928,20080415
26,27568419,Harvest Credit Management,0526SC000161,Small Claims,Disposed (Statistical Purposes),20050208,20050707
27,27824369,Harvest Credit Management,0741CV000294,Civil,Disposed (Statistical Purposes),20070626,20070824
28,27905178,Harvest Credit Management,0613SP000043,Supplementary Process,Disposed (Statistical Purposes),20060125,20060324
29,27934282,Harvest Credit Management,0758SP000048,Supplementary Process,Disposed (Statistical Purposes),20070220,20070419
30,28155172,Harvest Credit Management,1649SP000042,Supplementary Process,Pending,20160324,20160324
31,28270716,Harvest Credit Management,0818SP000427,Supplementary Process,Disposed (Statistical Purposes),20080527,20080902
32,28542007,Harvest Credit Management,0854SP000454,Supplementary Process,Disposed (Statistical Purposes),20081112,20090227
33,28556815,Harvest Credit Management,0858SP000238,Supplementary Process,Disposed (Statistical Purposes),20080721,20080828
34,28690252,Harvest Credit Management,0717SP000051,Supplementary Process,Disposed (Statistical Purposes),20070423,20070815
35,28693787,Harvest Credit Management,0632SP000611,Supplementary Process,Disposed (Statistical Purposes),20061204,20070314
36,28696709,Harvest Credit Management,0632SP000610,Supplementary Process,Disposed (Statistical Purposes),20061204,20070314
37,28711317,Harvest Credit Management,0717SP000071,Supplementary Process,Disposed (Statistical Purposes),20070521,20070629
38,28861464,Harvest Credit Management,0718SP000215,Supplementary Process,Disposed (Statistical Purposes),20070402,20070612
39,28889646,Harvest Credit Management,0618CV001316,Civil,Disposed (Statistical Purposes),20060926,20061127
40,29012193,Harvest Credit Management,0969SP000156,Supplementary Process,Disposed (Statistical Purposes),20090421,20091228
41,29234392,Harvest Credit Management,0611SP000625,Supplementary Process,Disposed (Statistical Purposes),20060811,20070806
42,29235352,Harvest Credit Management,0611SP000627,Supplementary Process,Disposed (Statistical Purposes),20060811,20061023
43,29235787,Harvest Credit Management,0611SP000624,Supplementary Process,Disposed (Statistical Purposes),20060811,20061023
44,29303833,Harvest Credit Management,0811SP000736,Supplementary Process,Disposed (Statistical Purposes),20080527,20080908
45,29409754,Harvest Credit Management,0817CV000004,Civil,Disposed (Statistical Purposes),20080111,20081009
46,29448317,Harvest Credit Management,0714SP000397,Supplementary Process,Disposed (Statistical Purposes),20070917,20071120
47,29628028,Harvest Credit Management,0932SP000356,Supplementary Process,Pending,20090413,20090413
48,29693811,Harvest Credit Management,0840SP000032,Supplementary Process,Disposed (Statistical Purposes),20080331,20080609
49,29796283,Harvest Credit Management,0613SP000549,Supplementary Process,Disposed (Statistical Purposes),20060829,20061030
0,29855719,Harvest Credit Management,0711SP000084,Supplementary Process,Disposed (Statistical Purposes),20070209,20070725
1,29876924,Harvest Credit Management,0511CV001678,Civil,Disposed (Statistical Purposes),20050801,20051024
2,29974199,Harvest Credit Management,0523SC001500,Small Claims,Disposed (Statistical Purposes),20050502,20050804
3,30003649,Harvest Credit Management,0536SP000070,Supplementary Process,Disposed (Statistical Purposes),20050331,20050526
4,30243603,Harvest Credit Management,0750SP000246,Supplementary Process,Disposed (Statistical Purposes),20070409,20071026
5,30509921,Harvest Credit Management,0721SP000061,Supplementary Process,Disposed (Statistical Purposes),20070424,20070713
6,30517674,Harvest Credit Management,1556SP000648,Supplementary Process,Disposed (Statistical Purposes),20151028,20151208
7,30571373,Harvest Credit Management,0713CV000496,Civil,Disposed (Statistical Purposes),20070312,20070531
8,30665308,Harvest Credit Management,0721CV000367,Civil,Disposed (Statistical Purposes),20070628,20080624
9,30740365,Harvest Credit Management,0523CV001502,Civil,Disposed (Statistical Purposes),20050621,20051024
10,30785769,Harvest Credit Management,0640CV000165,Civil,Disposed (Statistical Purposes),20061221,20070918
11,30792944,Harvest Credit Management,0640CV000164,Civil,Disposed (Statistical Purposes),20061229,20070604
12,30987025,Harvest Credit Management,0766CV000439,Civil,Disposed (Statistical Purposes),20070627,20070913
13,31165216,Harvest Credit Management,0531CV000542,Civil,Disposed (Statistical Purposes),20050621,20060228
14,31190562,Harvest Credit Management,0942SP000145,Supplementary Process,Disposed (Statistical Purposes),20091028,20100107
15,31202896,Harvest Credit Management,0821SP000122,Supplementary Process,Disposed (Statistical Purposes),20080610,20080917
16,31218711,Harvest Credit Management,0987SP000089,Supplementary Process,Disposed (Statistical Purposes),20090714,20091123
17,31272025,Harvest Credit Management,0987SC000351,Small Claims,Disposed (Statistical Purposes),20090917,20100204
18,31335373,Harvest Credit Management,0721SP000003,Supplementary Process,Disposed (Statistical Purposes),20070105,20070315
19,31410029,Harvest Credit Management,0733CV000664,Civil,Disposed (Statistical Purposes),20070417,20080205
20,31462108,Harvest Credit Management,0732SP000586,Supplementary Process,Disposed (Statistical Purposes),20070917,20080519
21,31780225,Harvest Credit Management,0922SP000284,Supplementary Process,Disposed (Statistical Purposes),20090804,20091016
22,31801521,Harvest Credit Management,0789SC001101,Small Claims,Disposed (Statistical Purposes),20070924,20080109
23,31823260,Harvest Credit Management,0833SP000253,Supplementary Process,Disposed (Statistical Purposes),20080416,20080805
24,31891924,Harvest Credit Management,0688SP000017,Supplementary Process,Disposed (Statistical Purposes),20060605,20060713
25,31976644,Harvest Credit Management,0787SC000089,Small Claims,Disposed (Statistical Purposes),20070220,20070406
26,32113410,Harvest Credit Management,0722SP000172,Supplementary Process,Disposed (Statistical Purposes),20071016,20080312
27,32117985,Harvest Credit Management,0866SP000066,Supplementary Process,Disposed (Statistical Purposes),20080324,20080514
28,32128255,Harvest Credit Management,0567SC000473,Small Claims,Disposed (Statistical Purposes),20050526,20051026
29,32170104,Harvest Credit Management,0822SP000099,Supplementary Process,Disposed (Statistical Purposes),20080501,20080703
30,32426760,Harvest Credit Management,0959SP000878,Supplementary Process,Disposed (Statistical Purposes),20091028,20100122
31,32475628,Harvest Credit Management,0712CV000587,Civil,Disposed (Statistical Purposes),20071207,20080310
32,32493591,Harvest Credit Management,0542SP000116,Supplementary Process,Disposed (Statistical Purposes),20050908,20061202
33,32494955,Harvest Credit Management,0812CV000277,Civil,Disposed (Statistical Purposes),20080603,20090121
34,32514752,Harvest Credit Management,0567CV000074,Civil,Disposed (Statistical Purposes),20050201,20051122
35,32667664,Harvest Credit Management,0642CV000158,Civil,Disposed (Statistical Purposes),20060714,20061114
36,33153451,Harvest Credit Management,0942SC000389,Small Claims,Disposed (Statistical Purposes),20090930,20091202
37,33316136,Harvest Credit Management,0543CV000350,Civil,Disposed (Statistical Purposes),20050901,20051116
38,33563142,Harvest Credit Management,0943SP000308,Supplementary Process,Disposed (Statistical Purposes),20090805,20091028
39,33628305,Harvest Credit Management,0742SP000003,Supplementary Process,Disposed (Statistical Purposes),20070109,20070719
40,33792102,Harvest Credit Management,0726SC000106,Small Claims,Disposed (Statistical Purposes),20070202,20070308
41,34024269,Harvest Credit Management,0550SP000675,Supplementary Process,Disposed (Statistical Purposes),20051230,20060228
42,34248498,Harvest Credit Management,0786SP000037,Supplementary Process,Disposed (Statistical Purposes),20070226,20070409
43,34503662,Harvest Credit Management,0923SC005578,Small Claims,Disposed (Statistical Purposes),20091222,20100312
44,34971303,Harvest Credit Management,0927SP000026,Supplementary Process,Disposed (Statistical Purposes),20090209,20090505
45,35178236,Harvest Credit Management,0736SP000109,Supplementary Process,Disposed (Statistical Purposes),20070402,20080617
46,35199320,Harvest Credit Management,0736CV000469,Civil,Disposed (Statistical Purposes),20070402,20080128
47,35412960,Harvest Credit Management,0736SC000011,Small Claims,Disposed (Statistical Purposes),20070103,20070607
48,35941587,Harvest Credit Management,0929SP000079,Supplementary Process,Disposed (Statistical Purposes),20090805,20090909
49,35957787,Harvest Credit Management,0929SP000071,Supplementary Process,Disposed (Statistical Purposes),20090706,20091106
0,36174483,Harvest Credit Management,0755SP000234,Supplementary Process,Disposed (Statistical Purposes),20071017,20080204
1,36189693,Harvest Credit Management,0755SP000233,Supplementary Process,Disposed (Statistical Purposes),20071017,20080204
2,36394221,Harvest Credit Management,0866SP000367,Supplementary Process,Disposed (Statistical Purposes),20081231,20090408
3,36402528,Harvest Credit Management,0731SP000127,Supplementary Process,Disposed (Statistical Purposes),20070409,20070524
4,36458708,Harvest Credit Management,0931SP000599,Supplementary Process,Disposed (Statistical Purposes),20090803,20091113
5,37104340,Harvest Credit Management,0765SP000029,Supplementary Process,Disposed (Statistical Purposes),20070213,20070629
6,37393573,Harvest Credit Management,0960SC001181,Small Claims,Disposed (Statistical Purposes),20090818,20090918
7,37425775,Harvest Credit Management,0760SC001594,Small Claims,Disposed (Statistical Purposes),20071217,20080201
8,37521418,Harvest Credit Management,0767SC001271,Small Claims,Disposed (Statistical Purposes),20071019,20080806
9,37581799,Harvest Credit Management,0667CV000649,Civil,Disposed (Statistical Purposes),20060918,20080220
10,37669272,Harvest Credit Management,0760SP000069,Supplementary Process,Disposed (Statistical Purposes),20070226,20070426
11,37713179,Harvest Credit Management,0831CV000215,Civil,Disposed (Statistical Purposes),20080211,20080530
12,37873557,Harvest Credit Management,0744SP000332,Supplementary Process,Disposed (Statistical Purposes),20071217,20080228
13,37885397,Harvest Credit Management,0767SP000024,Supplementary Process,Disposed (Statistical Purposes),20070206,20070405
14,38117135,Harvest Credit Management,0744SP000033,Supplementary Process,Disposed (Statistical Purposes),20070205,20070329
15,38263397,Harvest Credit Management,0636SP000469,Supplementary Process,Disposed (Statistical Purposes),20061226,20070207
16,38317768,Harvest Credit Management,0753CV000900,Civil,Disposed (Statistical Purposes),20070620,20070928
17,38445980,Harvest Credit Management,0610CV001323,Civil,Disposed (Statistical Purposes),20061204,20070529
18,38494481,Harvest Credit Management,0967SC000125,Small Claims,Disposed (Statistical Purposes),20090129,20090331
19,38744386,Harvest Credit Management,0743SP000195,Supplementary Process,Disposed (Statistical Purposes),20070813,20070924
20,38765060,Harvest Credit Management,0655CV000713,Civil,Disposed (Statistical Purposes),20061117,20071002
21,38894513,Harvest Credit Management,0886SC000905,Small Claims,Disposed (Statistical Purposes),20081009,20081208
22,39031032,Harvest Credit Management,0757SP000126,Supplementary Process,Disposed (Statistical Purposes),20070508,20070508
23,39163395,Harvest Credit Management,0526SC001179,Small Claims,Disposed (Statistical Purposes),20051107,20051215
24,39210408,Harvest Credit Management,0526SP000144,Supplementary Process,Disposed (Statistical Purposes),20051209,20060518
25,39263309,Harvest Credit Management,0831SP000269,Supplementary Process,Disposed (Statistical Purposes),20080527,20080801
26,39305212,Harvest Credit Management,0727SP000182,Supplementary Process,Disposed (Statistical Purposes),20070827,20071030
27,39341372,Harvest Credit Management,0827CV000914,Civil,Disposed (Statistical Purposes),20081120,20081230
28,39359631,Harvest Credit Management,0727SP000209,Supplementary Process,Disposed (Statistical Purposes),20070917,20071127
29,39593508,Harvest Credit Management,0953CV000390,Civil,Disposed (Statistical Purposes),20090302,20090526
30,39637307,Harvest Credit Management,0865SP000120,Supplementary Process,Disposed (Statistical Purposes),20080602,20090622
31,39650437,Harvest Credit Management,1553SP000188,Supplementary Process,Disposed (Statistical Purposes),20150727,20160222
32,39751287,Harvest Credit Management,0943SP000214,Supplementary Process,Disposed (Statistical Purposes),20090622,20090910
33,39802595,Harvest Credit Management,0943SP000213,Supplementary Process,Disposed (Statistical Purposes),20090622,20090910
34,39902102,Harvest Credit Management,0986SC000518,Small Claims,Disposed (Statistical Purposes),20090601,20090720
35,40214591,Harvest Credit Management,0831SP000450,Supplementary Process,Disposed (Statistical Purposes),20080722,20080912
36,40298021,Harvest Credit Management,0853SC000193,Small Claims,Disposed (Statistical Purposes),20080211,20080319
37,40308692,Harvest Credit Management,0986SP000221,Supplementary Process,Disposed (Statistical Purposes),20090608,20090825
38,40452947,Harvest Credit Management,0860SP000253,Supplementary Process,Disposed (Statistical Purposes),20080610,20080814
39,40460643,Harvest Credit Management,0736SP000390,Supplementary Process,Disposed (Statistical Purposes),20070917,20071030
40,40478457,Harvest Credit Management,0865SP000153,Supplementary Process,Disposed (Statistical Purposes),20080714,20081014
41,41240150,Harvest Credit Management,0657SP000334,Supplementary Process,Disposed (Statistical Purposes),20061219,20061219
42,41391296,Harvest Credit Management,0555SC001010,Small Claims,Disposed (Statistical Purposes),20051007,20060301
43,41767417,Harvest Credit Management,0823SP001302,Supplementary Process,Disposed (Statistical Purposes),20081031,20090212
44,42626491,Harvest Credit Management,0965CV000409,Civil,Disposed (Statistical Purposes),20090629,20100629
45,43103366,Harvest Credit Management,0960SP000326,Supplementary Process,Disposed (Statistical Purposes),20090622,20090813
46,43146174,Harvest Credit Management,0757SP000262,Supplementary Process,Disposed (Statistical Purposes),20070830,20070831
47,45593069,Harvest Credit Management,0529SP000033,Supplementary Process,Disposed (Statistical Purposes),20050729,20050909
48,45797135,Harvest Credit Management,0598CV000236,Civil,Disposed (Statistical Purposes),20050804,20060619
49,46026434,Harvest Credit Management,0632CV000924,Civil,Disposed (Statistical Purposes),20060727,20070322
0,46119002,Harvest Credit Management,0641SP000011,Supplementary Process,Disposed (Statistical Purposes),20060130,20060130
1,46285668,Harvest Credit Management,0708SP000136,Supplementary Process,Disposed (Statistical Purposes),20070828,20071109
2,46409554,Harvest Credit Management,0713SP000687,Supplementary Process,Disposed (Statistical Purposes),20070928,20071203
3,46478425,Harvest Credit Management,0729SP000030,Supplementary Process,Disposed (Statistical Purposes),20070409,20070518
4,46495960,Harvest Credit Management,0734SP000096,Supplementary Process,Disposed (Statistical Purposes),20070326,20070524
5,46673836,Harvest Credit Management,0757SC000841,Small Claims,Disposed (Statistical Purposes),20070801,20070907
6,46706694,Harvest Credit Management,0788CV000056,Civil,Disposed (Statistical Purposes),20070618,20071018
7,46802844,Harvest Credit Management,0820SP000159,Supplementary Process,Disposed (Statistical Purposes),20080609,20081114
8,47059583,Harvest Credit Management,0855SP000129,Supplementary Process,Disposed (Statistical Purposes),20080515,20080926
9,47291315,Harvest Credit Management,0923SC003907,Small Claims,Disposed (Statistical Purposes),20090817,20091116
10,47291932,Harvest Credit Management,0923SC003906,Small Claims,Disposed (Statistical Purposes),20090818,20091116
11,47292214,Harvest Credit Management,0923SC003908,Small Claims,Disposed (Statistical Purposes),20090818,20091116
12,47578857,Harvest Credit Management,0998SC000849,Small Claims,Disposed (Statistical Purposes),20091215,20100129
13,47583515,Harvest Credit Management,0967SP000351,Supplementary Process,Disposed (Statistical Purposes),20091028,20100309
14,47766316,Harvest Credit Management,1105SC000571,Small Claims,Disposed (Statistical Purposes),20111101,20120214
15,47790811,Harvest Credit Management,1154SC000449,Small Claims,Disposed (Statistical Purposes),20110328,20110510
16,47883617,Harvest Credit Management,1206SC000371,Small Claims,Pending,20120320,20120320
17,49490459,Harvest Credit Management,0756SP000262,Supplementary Process,Disposed (Statistical Purposes),20070313,20070508
18,49859729,Harvest Credit Management,0723SC001030,Small Claims,Disposed (Statistical Purposes),20070312,20070424
19,49998469,Harvest Credit Management,1250SP000064,Supplementary Process,Disposed (Statistical Purposes),20120206,20120329
20,50408369,Harvest Credit Management,0715SP000261,Supplementary Process,Disposed (Statistical Purposes),20070314,20070604
21,50431725,Harvest Credit Management,0923SC002964,Small Claims,Disposed (Statistical Purposes),20090622,20090904
22,50580397,Harvest Credit Management,1156SC001511,Small Claims,Disposed (Statistical Purposes),20110329,20110425
23,50737629,Harvest Credit Management,1056SC002889,Small Claims,Disposed (Statistical Purposes),20100805,20100812
24,50939151,Harvest Credit Management,0623CV003030,Civil,Disposed (Statistical Purposes),20061115,20070620
25,51008546,Harvest Credit Management,0911SP000876,Supplementary Process,Disposed (Statistical Purposes),20090615,20100120
26,51197390,Harvest Credit Management,0856CV002433,Civil,Disposed (Statistical Purposes),20080728,20090407
27,51232748,Harvest Credit Management,0862SP000696,Supplementary Process,Disposed (Statistical Purposes),20080718,20081001
28,51475005,Harvest Credit Management,0862SP000752,Supplementary Process,Disposed (Statistical Purposes),20080731,20081008
29,51693939,Harvest Credit Management,0556SC004876,Small Claims,Disposed (Statistical Purposes),20051207,20060103
30,51957037,Harvest Credit Management,0515CV000235,Civil,Disposed (Statistical Purposes),20050215,20050621
31,52510081,Harvest Credit Management,0623SP001071,Supplementary Process,Disposed (Statistical Purposes),20060927,20070321
32,52752825,Harvest Credit Management,0711CV001777,Civil,Disposed (Statistical Purposes),20070625,20071026
33,52957596,Harvest Credit Management,1215SP000463,Supplementary Process,Disposed (Statistical Purposes),20120712,20121115
34,53177925,Harvest Credit Management,0911SP000404,Supplementary Process,Disposed (Statistical Purposes),20090319,20090727
35,53336216,Harvest Credit Management,1015SP000582,Supplementary Process,Disposed (Statistical Purposes),20100513,20100709
36,53378027,Harvest Credit Management,1015SC001075,Small Claims,Disposed (Statistical Purposes),20100608,20100625
37,53456468,Harvest Credit Management,1215SC000672,Small Claims,Disposed (Statistical Purposes),20120315,20120515
38,53470891,Harvest Credit Management,1215SP000335,Supplementary Process,Disposed (Statistical Purposes),20120419,20120824
39,53488123,Harvest Credit Management,0723CV001796,Civil,Disposed (Statistical Purposes),20070618,20070910
40,53760938,Harvest Credit Management,0811SP000397,Supplementary Process,Disposed (Statistical Purposes),20080331,20080811
41,53766466,Harvest Credit Management,0623SP000537,Supplementary Process,Disposed (Statistical Purposes),20060511,20070319
42,53766902,Harvest Credit Management,0623SP000539,Supplementary Process,Disposed (Statistical Purposes),20060511,20060811
43,55512251,Harvest Credit Management,0956SC001755,Small Claims,Disposed (Statistical Purposes),20090422,20090604
44,55705414,Harvest Credit Management,0756SC000328,Small Claims,Disposed (Statistical Purposes),20070131,20070307
45,55751775,Harvest Credit Management,0556CV000208,Civil,Disposed (Statistical Purposes),20050127,20050715
46,55971763,Harvest Credit Management,0915SP001562,Supplementary Process,Disposed (Statistical Purposes),20091028,20091215
47,56072003,Harvest Credit Management,0723SC004207,Small Claims,Disposed (Statistical Purposes),20071002,20071116
48,56079922,Harvest Credit Management,0723SC004209,Small Claims,Disposed (Statistical Purposes),20071002,20080304
49,56124784,Harvest Credit Management,0756SP001041,Supplementary Process,Disposed (Statistical Purposes),20070924,20071113
0,56467906,Harvest Credit Management,0823SP000515,Supplementary Process,Disposed (Statistical Purposes),20080505,20080721
1,56713933,Harvest Credit Management,0815SP000486,Supplementary Process,Disposed (Statistical Purposes),20080519,20080702
2,57246666,Harvest Credit Management,0915CV002477,Civil,Disposed (Statistical Purposes),20090824,20091118
3,57533259,Harvest Credit Management,0831SP000464,Supplementary Process,Disposed (Statistical Purposes),20080728,20081001
4,57716602,Harvest Credit Management,0913SP000728,Supplementary Process,Disposed (Statistical Purposes),20090617,20090928
5,58012064,Harvest Credit Management,0807SP001182,Supplementary Process,Disposed (Statistical Purposes),20081119,20090129
6,58504269,Harvest Credit Management,0823SP001347,Supplementary Process,Disposed (Statistical Purposes),20081113,20090212
7,58561140,Harvest Credit Management,1450SP000243,Supplementary Process,Disposed (Statistical Purposes),20140724,20140925
8,58738633,Harvest Credit Management,0813SP000886,Supplementary Process,Disposed (Statistical Purposes),20081007,20090112
9,58748708,Harvest Credit Management,0711CV002508,Civil,Disposed (Statistical Purposes),20070831,20071130
10,59525916,Harvest Credit Management,0956SC003856,Small Claims,Disposed (Statistical Purposes),20090916,20091009
11,59554856,Harvest Credit Management,0956SC003855,Small Claims,Disposed (Statistical Purposes),20090916,20091009
12,59606636,Harvest Credit Management,0756SC001519,Small Claims,Disposed (Statistical Purposes),20070502,20070629
13,59890008,Harvest Credit Management,0933SC000896,Small Claims,Disposed (Statistical Purposes),20090224,20090325
14,60653896,Harvest Credit Management,0733SC003648,Small Claims,Disposed (Statistical Purposes),20071002,20071030
15,60681686,Harvest Credit Management,0950SC002235,Small Claims,Disposed (Statistical Purposes),20090930,20100208
16,61089321,Harvest Credit Management,0915SP000266,Supplementary Process,Disposed (Statistical Purposes),20090209,20090410
17,61384722,Harvest Credit Management,1115SC002835,Small Claims,Disposed (Statistical Purposes),20111107,20111206
18,61955872,Harvest Credit Management,0959SP000531,Supplementary Process,Disposed (Statistical Purposes),20090703,20090827
19,62247003,Harvest Credit Management,0523SP000324,Supplementary Process,Disposed (Statistical Purposes),20050506,20050628
20,62489001,Harvest Credit Management,0523SC003221,Small Claims,Disposed (Statistical Purposes),20050829,20050928
21,63200475,Harvest Credit Management,0811SP000562,Supplementary Process,Disposed (Statistical Purposes),20080428,20080805
22,63320393,Harvest Credit Management,0956SP001387,Supplementary Process,Disposed (Statistical Purposes),20090804,20090908
23,63328591,Harvest Credit Management,0956SP001378,Supplementary Process,Disposed (Statistical Purposes),20090804,20090908
24,64187222,Harvest Credit Management,0833SC000662,Small Claims,Disposed (Statistical Purposes),20080212,20080616
25,65190032,Harvest Credit Management,0901CV002837,Civil,Closed,20090630,20091026
26,66975308,Harvest Credit Management,1336SP000106,Supplementary Process,Disposed (Statistical Purposes),20130418,20130612
27,67052477,Harvest Credit Management,0701CV004819,Civil,Closed,20070904,20090105
28,68879881,Harvest Credit Management,1313SP000025,Supplementary Process,Disposed (Statistical Purposes),20130122,20130401
29,69028425,Harvest Credit Management,0701CV000616,Civil,Closed,20070201,20070423
30,69061637,Harvest Credit Management,0701CV000617,Civil,Closed,20070201,20070201
31,69724563,Harvest Credit Management,0601CV005599,Civil,Open,20061124,20090107
32,70401058,Harvest Credit Management,0501SC005274,Small Claims,Closed,20051104,20051104
33,70401237,Harvest Credit Management,0501SC005272,Small Claims,Closed,20051104,20051104
34,70422953,Harvest Credit Management,0501CV000046,Civil,Closed,20050105,20050224
35,70555518,Harvest Credit Management,0501CV003474,Civil,Closed,20050823,20060825
36,70565637,Harvest Credit Management,0601CV004295,Civil,Closed,20060911,20070126
37,70595594,Harvest Credit Management,0501SP000112,Supplementary Process,Closed,20050629,20050629
38,70622345,Harvest Credit Management,1123SC000801,Small Claims,Disposed (Statistical Purposes),20110329,20110526
39,72633588,Harvest Credit Management,1617SP000018,Supplementary Process,Disposed (Statistical Purposes),20160620,20160825
40,73483855,Harvest Credit Management,1349SP000059,Supplementary Process,Disposed (Statistical Purposes),20130225,20140613
41,74071848,Harvest Credit Management,0514SP000171,Supplementary Process,Disposed (Statistical Purposes),20050620,20050914
42,74074884,Harvest Credit Management,0514SP000172,Supplementary Process,Disposed (Statistical Purposes),20050620,20050914
43,75160256,Harvest Credit Management,0801CV000268,Civil,Closed,20080114,20080708
44,75837570,Harvest Credit Management,1604SP000004,Supplementary Process,Pending,20161107,20161107
45,78120878,Harvest Credit Management,0813SP000759,Supplementary Process,Disposed (Statistical Purposes),20080903,20081112
46,78126052,Harvest Credit Management,0923SC004454,Small Claims,Disposed (Statistical Purposes),20090915,20100108
47,190120,Harvest Credit Management VII LLC,1160SC001176,Small Claims,Disposed (Statistical Purposes),20111017,20120119
48,191334,Harvest Credit Management VII LLC,1160SC001177,Small Claims,Disposed (Statistical Purposes),20111017,20120119
49,193063,Harvest Credit Management VII LLC,1160SC001178,Small Claims,Disposed (Statistical Purposes),20111017,20120123
0,222512,Harvest Credit Management VII LLC,1415CV001163,Civil,Disposed (Statistical Purposes),20140801,20150303
1,222557,Harvest Credit Management VII LLC,1063CV000173,Civil,Disposed (Statistical Purposes),20100510,20100813
2,468976,Harvest Credit Management VII LLC,1164CV000688,Civil,Disposed (Statistical Purposes),20110926,20120111
3,544508,Harvest Credit Management VII LLC,1160SC001261,Small Claims,Disposed (Statistical Purposes),20111107,20120424
4,624329,Harvest Credit Management VII LLC,1455CV000514,Civil,Disposed (Statistical Purposes),20141202,20150113
5,668121,Harvest Credit Management VII LLC,1036SP000057,Supplementary Process,Disposed (Statistical Purposes),20100126,20101005
6,904911,Harvest Credit Management VII LLC,1134SP000161,Supplementary Process,Disposed (Statistical Purposes),20110328,20110517
7,962342,Harvest Credit Management VII LLC,1111SP000743,Supplementary Process,Disposed (Statistical Purposes),20110620,20110819
8,975868,Harvest Credit Management VII LLC,1152SC000559,Small Claims,Disposed (Statistical Purposes),20110621,20110804
9,1010658,Harvest Credit Management VII LLC,1116SC000627,Small Claims,Disposed (Statistical Purposes),20110926,20111128
10,1140866,Harvest Credit Management VII LLC,1041CV000161,Civil,Disposed (Statistical Purposes),20100510,20100706
11,1316412,Harvest Credit Management VII LLC,1159SC001617,Small Claims,Disposed (Statistical Purposes),20111107,20120110
12,1559804,Harvest Credit Management VII LLC,1143SC001003,Small Claims,Disposed (Statistical Purposes),20111030,20120130
13,1572772,Harvest Credit Management VII LLC,1240SP000061,Supplementary Process,Pending,20121029,20121029
14,1588424,Harvest Credit Management VII LLC,1462SP000527,Supplementary Process,Disposed (Statistical Purposes),20141010,20141203
15,1647312,Harvest Credit Management VII LLC,1215SC002452,Small Claims,Disposed (Statistical Purposes),20121105,20130111
16,2044779,Harvest Credit Management VII LLC,1457SP000007,Supplementary Process,Pending,20140204,20140204
17,2205513,Harvest Credit Management VII LLC,1160SC000375,Small Claims,Disposed (Statistical Purposes),20110328,20110505
18,2301092,Harvest Credit Management VII LLC,1033SC002272,Small Claims,Disposed (Statistical Purposes),20100804,20100812
19,2442922,Harvest Credit Management VII LLC,1210SC000505,Small Claims,Disposed (Statistical Purposes),20120328,20120522
20,2447530,Harvest Credit Management VII LLC,1051CV000133,Civil,Disposed (Statistical Purposes),20100216,20101122
21,2537629,Harvest Credit Management VII LLC,1114SP000488,Supplementary Process,Disposed (Statistical Purposes),20111011,20111125
22,2666126,Harvest Credit Management VII LLC,1033CV001470,Civil,Disposed (Statistical Purposes),20100816,20101005
23,2780611,Harvest Credit Management VII LLC,1123SC001695,Small Claims,Disposed (Statistical Purposes),20110706,20110801
24,2871369,Harvest Credit Management VII LLC,1032CV001537,Civil,Disposed (Statistical Purposes),20100820,20110121
25,2871568,Harvest Credit Management VII LLC,1032CV001538,Civil,Disposed (Statistical Purposes),20100820,20110524
26,2872623,Harvest Credit Management VII LLC,1032CV001539,Civil,Disposed (Statistical Purposes),20100820,20101222
27,3088755,Harvest Credit Management VII LLC,1156CV001589,Civil,Disposed (Statistical Purposes),20110706,20110816
28,3470526,Harvest Credit Management VII LLC,1187CV000228,Civil,Disposed (Statistical Purposes),20111130,20120227
29,3523493,Harvest Credit Management VII LLC,1149SP000427,Supplementary Process,Disposed (Statistical Purposes),20110906,20111027
30,3610033,Harvest Credit Management VII LLC,1229CV000033,Civil,Disposed (Statistical Purposes),20120319,20120822
31,3738127,Harvest Credit Management VII LLC,1057SP000133,Supplementary Process,Disposed (Statistical Purposes),20100315,20100318
32,3765524,Harvest Credit Management VII LLC,1033SP000841,Supplementary Process,Disposed (Statistical Purposes),20101012,20110901
33,4021088,Harvest Credit Management VII LLC,1351SP000147,Supplementary Process,Disposed (Statistical Purposes),20130701,20130801
34,4137757,Harvest Credit Management VII LLC,1170SC000228,Small Claims,Disposed (Statistical Purposes),20110929,20111101
35,4155294,Harvest Credit Management VII LLC,1013SP001060,Supplementary Process,Disposed (Statistical Purposes),20101110,20110419
36,4589024,Harvest Credit Management VII LLC,1085CV01290,Contract / Business Cases,Closed,20100614,20101108
37,4701577,Harvest Credit Management VII LLC,1351CV000475,Civil,Disposed (Statistical Purposes),20131112,20140331
38,4732534,Harvest Credit Management VII LLC,1211SC000897,Small Claims,Disposed (Statistical Purposes),20120316,20120702
39,4918852,Harvest Credit Management VII LLC,1022CV000505,Civil,Disposed (Statistical Purposes),20100816,20101112
40,4984651,Harvest Credit Management VII LLC,1120CV000504,Civil,Disposed (Statistical Purposes),20111125,20120202
41,5198534,Harvest Credit Management VII LLC,1134SP000294,Supplementary Process,Disposed (Statistical Purposes),20110705,20131104
42,5312393,Harvest Credit Management VII LLC,1050SC001246,Small Claims,Disposed (Statistical Purposes),20100804,20100914
43,5332997,Harvest Credit Management VII LLC,1048SC000458,Small Claims,Disposed (Statistical Purposes),20100803,20120316
44,5417905,Harvest Credit Management VII LLC,1163SC000303,Small Claims,Disposed (Statistical Purposes),20110927,20120227
45,5438620,Harvest Credit Management VII LLC,1031CV000810,Civil,Disposed (Statistical Purposes),20100510,20101116
46,5500297,Harvest Credit Management VII LLC,1214SP000335,Supplementary Process,Disposed (Statistical Purposes),20121023,20131004
47,5500586,Harvest Credit Management VII LLC,1214SP000336,Supplementary Process,Disposed (Statistical Purposes),20121023,20130308
48,5878787,Harvest Credit Management VII LLC,1133SP000568,Supplementary Process,Disposed (Statistical Purposes),20110906,20130208
49,5940232,Harvest Credit Management VII LLC,1131CV000826,Civil,Disposed (Statistical Purposes),20110705,20111109
0,6031906,Harvest Credit Management VII LLC,1134SC000968,Small Claims,Disposed (Statistical Purposes),20111003,20111214
1,6289676,Harvest Credit Management VII LLC,1134SC001079,Small Claims,Disposed (Statistical Purposes),20111031,20120201
2,6403507,Harvest Credit Management VII LLC,1147SC000623,Small Claims,Disposed (Statistical Purposes),20111110,20120110
3,6403679,Harvest Credit Management VII LLC,1211SP000381,Supplementary Process,Disposed (Statistical Purposes),20120605,20120716
4,6566393,Harvest Credit Management VII LLC,1252SP000152,Supplementary Process,Disposed (Statistical Purposes),20120605,20120717
5,6673132,Harvest Credit Management VII LLC,1211SP000457,Supplementary Process,Disposed (Statistical Purposes),20120625,20120917
6,6944441,Harvest Credit Management VII LLC,1028CV000259,Civil,Disposed (Statistical Purposes),20100831,20101123
7,6950850,Harvest Credit Management VII LLC,1231SP000613,Supplementary Process,Disposed (Statistical Purposes),20121030,20130322
8,7148738,Harvest Credit Management VII LLC,1157SC000998,Small Claims,Disposed (Statistical Purposes),20111003,20111229
9,7203145,Harvest Credit Management VII LLC,1165SC000664,Small Claims,Disposed (Statistical Purposes),20111107,20120713
10,7224981,Harvest Credit Management VII LLC,1165CV000481,Civil,Disposed (Statistical Purposes),20111125,20120227
11,7270822,Harvest Credit Management VII LLC,1161SC001346,Small Claims,Disposed (Statistical Purposes),20111107,20120124
12,7314842,Harvest Credit Management VII LLC,1265SP000205,Supplementary Process,Disposed (Statistical Purposes),20121024,20130515
13,7332767,Harvest Credit Management VII LLC,1154CV000938,Civil,Disposed (Statistical Purposes),20110926,20111129
14,7333205,Harvest Credit Management VII LLC,1154CV000939,Civil,Disposed (Statistical Purposes),20110926,20111128
15,7435455,Harvest Credit Management VII LLC,1151CV000630,Civil,Disposed (Statistical Purposes),20110926,20121023
16,7770752,Harvest Credit Management VII LLC,1151CV000788,Civil,Disposed (Statistical Purposes),20111213,20120510
17,8016713,Harvest Credit Management VII LLC,1160CV000727,Civil,Disposed (Statistical Purposes),20110926,20111107
18,8062723,Harvest Credit Management VII LLC,1060CV000430,Civil,Disposed (Statistical Purposes),20100510,20100818
19,8069787,Harvest Credit Management VII LLC,1257SP000019,Supplementary Process,Disposed (Statistical Purposes),20120119,20150115
20,8148614,Harvest Credit Management VII LLC,1036CV000232,Civil,Disposed (Statistical Purposes),20100218,20101115
21,8193751,Harvest Credit Management VII LLC,1247SC000240,Small Claims,Disposed (Statistical Purposes),20120430,20121002
22,8463789,Harvest Credit Management VII LLC,1150SP000732,Supplementary Process,Disposed (Statistical Purposes),20110928,20111110
23,8528788,Harvest Credit Management VII LLC,1115SP000785,Supplementary Process,Pending,20110705,20110705
24,8560433,Harvest Credit Management VII LLC,1247SC000379,Small Claims,Disposed (Statistical Purposes),20120605,20130627
25,8566604,Harvest Credit Management VII LLC,1038CV000466,Civil,Disposed (Statistical Purposes),20100510,20101020
26,8691503,Harvest Credit Management VII LLC,1133SC002875,Small Claims,Disposed (Statistical Purposes),20110926,20111026
27,8902097,Harvest Credit Management VII LLC,1055CV000742,Civil,Disposed (Statistical Purposes),20100816,20101102
28,8969729,Harvest Credit Management VII LLC,1008CV000255,Civil,Disposed (Statistical Purposes),20100831,20101109
29,8994824,Harvest Credit Management VII LLC,1034CV000749,Civil,Disposed (Statistical Purposes),20100615,20100830
30,9131590,Harvest Credit Management VII LLC,1008CV000146,Civil,Disposed (Statistical Purposes),20100510,20101116
31,9231054,Harvest Credit Management VII LLC,1250SP000394,Supplementary Process,Disposed (Statistical Purposes),20120709,20130117
32,9355612,Harvest Credit Management VII LLC,1058SP000138,Supplementary Process,Disposed (Statistical Purposes),20100322,20100429
33,9444806,Harvest Credit Management VII LLC,1150SC001908,Small Claims,Disposed (Statistical Purposes),20111024,20120106
34,9456794,Harvest Credit Management VII LLC,1150SP000252,Supplementary Process,Disposed (Statistical Purposes),20110321,20110506
35,9507020,Harvest Credit Management VII LLC,1058CV000458,Civil,Disposed (Statistical Purposes),20100512,20100702
36,9545656,Harvest Credit Management VII LLC,1068CV000363,Civil,Disposed (Statistical Purposes),20100816,20101004
37,9574497,Harvest Credit Management VII LLC,1238SC000932,Small Claims,Disposed (Statistical Purposes),20120814,20130226
38,9590538,Harvest Credit Management VII LLC,1150SP000784,Supplementary Process,Disposed (Statistical Purposes),20111031,20120105
39,9612016,Harvest Credit Management VII LLC,1058SP000219,Supplementary Process,Disposed (Statistical Purposes),20100607,20100715
40,9845904,Harvest Credit Management VII LLC,1015SP001315,Supplementary Process,Disposed (Statistical Purposes),20101012,20101215
41,9894087,Harvest Credit Management VII LLC,1017CV000143,Civil,Disposed (Statistical Purposes),20100510,20100706
42,10066712,Harvest Credit Management VII LLC,1053CV000726,Civil,Disposed (Statistical Purposes),20100510,20100721
43,10068719,Harvest Credit Management VII LLC,1115CV000816,Civil,Disposed (Statistical Purposes),20110428,20110620
44,10188017,Harvest Credit Management VII LLC,1358CV000377,Civil,Disposed (Statistical Purposes),20130801,20131216
45,10251387,Harvest Credit Management VII LLC,1156SC004242,Small Claims,Pending,20110930,20110930
46,10359199,Harvest Credit Management VII LLC,1121SP000133,Supplementary Process,Disposed (Statistical Purposes),20110620,20111013
47,10363221,Harvest Credit Management VII LLC,1249CV000416,Civil,Disposed (Statistical Purposes),20120605,20120823
48,10371502,Harvest Credit Management VII LLC,1254SP000172,Supplementary Process,Disposed (Statistical Purposes),20120605,20120814
49,10410769,Harvest Credit Management VII LLC,1212SP000116,Supplementary Process,Disposed (Statistical Purposes),20120814,20130228
0,10466457,Harvest Credit Management VII LLC,1153SP000146,Supplementary Process,Disposed (Statistical Purposes),20110321,20110513
1,10542649,Harvest Credit Management VII LLC,1254SP000195,Supplementary Process,Disposed (Statistical Purposes),20120625,20120816
2,10675537,Harvest Credit Management VII LLC,1132SC001294,Small Claims,Disposed (Statistical Purposes),20110707,20110810
3,10721703,Harvest Credit Management VII LLC,1018SP000232,Supplementary Process,Disposed (Statistical Purposes),20100222,20100917
4,10740992,Harvest Credit Management VII LLC,1264SC000161,Small Claims,Disposed (Statistical Purposes),20120206,20120424
5,10876771,Harvest Credit Management VII LLC,1136SP000181,Supplementary Process,Disposed (Statistical Purposes),20110321,20110518
6,10933847,Harvest Credit Management VII LLC,1111SP001055,Supplementary Process,Disposed (Statistical Purposes),20110922,20120227
7,11003301,Harvest Credit Management VII LLC,1138SP000342,Supplementary Process,Disposed (Statistical Purposes),20110912,20111215
8,11033710,Harvest Credit Management VII LLC,1456SP000738,Supplementary Process,Disposed (Statistical Purposes),20141107,20150309
9,11075581,Harvest Credit Management VII LLC,1187SC000092,Small Claims,Disposed (Statistical Purposes),20110328,20110706
10,11157776,Harvest Credit Management VII LLC,1031CV001525,Civil,Disposed (Statistical Purposes),20100830,20110301
11,11284841,Harvest Credit Management VII LLC,1256SP000751,Supplementary Process,Disposed (Statistical Purposes),20120925,20121120
12,11514003,Harvest Credit Management VII LLC,1264SP000196,Supplementary Process,Disposed (Statistical Purposes),20120605,20120622
13,11520844,Harvest Credit Management VII LLC,1132SP000603,Supplementary Process,Disposed (Statistical Purposes),20110906,20120105
14,11521741,Harvest Credit Management VII LLC,1018CV000892,Civil,Disposed (Statistical Purposes),20100510,20100715
15,11522819,Harvest Credit Management VII LLC,1018CV000893,Civil,Disposed (Statistical Purposes),20100510,20100902
16,11523624,Harvest Credit Management VII LLC,1018CV000894,Civil,Disposed (Statistical Purposes),20100510,20100715
17,11524449,Harvest Credit Management VII LLC,1018CV000895,Civil,Disposed (Statistical Purposes),20100510,20100716
18,11553663,Harvest Credit Management VII LLC,1018SP000550,Supplementary Process,Disposed (Statistical Purposes),20100510,20101026
19,11661831,Harvest Credit Management VII LLC,1018SP000601,Supplementary Process,Disposed (Statistical Purposes),20100524,20101109
20,11750382,Harvest Credit Management VII LLC,1018SP000585,Supplementary Process,Disposed (Statistical Purposes),20100524,20101103
21,11791271,Harvest Credit Management VII LLC,1138SC001047,Small Claims,Disposed (Statistical Purposes),20111108,20120113
22,11883224,Harvest Credit Management VII LLC,1054CV000654,Civil,Disposed (Statistical Purposes),20100510,20100706
23,11977872,Harvest Credit Management VII LLC,1136CV000761,Civil,Disposed (Statistical Purposes),20110705,20110831
24,12192291,Harvest Credit Management VII LLC,1061SP000017,Supplementary Process,Disposed (Statistical Purposes),20100125,20100302
25,12196526,Harvest Credit Management VII LLC,1143SC000565,Small Claims,Disposed (Statistical Purposes),20110620,20110926
26,12216487,Harvest Credit Management VII LLC,1121SC000479,Small Claims,Disposed (Statistical Purposes),20110708,20111128
27,12333830,Harvest Credit Management VII LLC,1049CV001106,Civil,Disposed (Statistical Purposes),20100816,20101104
28,12459333,Harvest Credit Management VII LLC,1238SC000236,Small Claims,Disposed (Statistical Purposes),20120228,20120409
29,12473561,Harvest Credit Management VII LLC,1158SC000734,Small Claims,Disposed (Statistical Purposes),20110705,20110818
30,12639100,Harvest Credit Management VII LLC,1061CV000278,Civil,Disposed (Statistical Purposes),20100510,20101102
31,12639878,Harvest Credit Management VII LLC,1061CV000279,Civil,Disposed (Statistical Purposes),20100510,20101228
32,12777863,Harvest Credit Management VII LLC,1259SP000460,Supplementary Process,Disposed (Statistical Purposes),20120731,20120910
33,12951663,Harvest Credit Management VII LLC,1067CV000350,Civil,Disposed (Statistical Purposes),20100510,20110502
34,12978902,Harvest Credit Management VII LLC,1067SP000163,Supplementary Process,Disposed (Statistical Purposes),20100510,20100819
35,13159451,Harvest Credit Management VII LLC,1152SP000116,Supplementary Process,Disposed (Statistical Purposes),20110406,20110517
36,13441987,Harvest Credit Management VII LLC,1340CV000083,Civil,Disposed (Statistical Purposes),20130729,20140715
37,13818388,Harvest Credit Management VII LLC,1128SP000102,Supplementary Process,Disposed (Statistical Purposes),20110718,20110908
38,13846285,Harvest Credit Management VII LLC,1350CV000677,Civil,Disposed (Statistical Purposes),20130718,20140828
39,13969118,Harvest Credit Management VII LLC,1013SP000036,Supplementary Process,Disposed (Statistical Purposes),20100125,20100405
40,14180079,Harvest Credit Management VII LLC,1128SP000128,Supplementary Process,Disposed (Statistical Purposes),20110906,20140818
41,14211338,Harvest Credit Management VII LLC,1335SP000022,Supplementary Process,Disposed (Statistical Purposes),20130716,20131212
42,14226301,Harvest Credit Management VII LLC,1159SC001394,Small Claims,Disposed (Statistical Purposes),20110926,20111117
43,14229037,Harvest Credit Management VII LLC,1159SC001395,Small Claims,Disposed (Statistical Purposes),20110926,20111117
44,14241264,Harvest Credit Management VII LLC,1051SC000660,Small Claims,Disposed (Statistical Purposes),20100803,20100921
45,14344697,Harvest Credit Management VII LLC,1069CV000303,Civil,Disposed (Statistical Purposes),20100510,20100722
46,14351782,Harvest Credit Management VII LLC,1051CV000723,Civil,Disposed (Statistical Purposes),20100823,20101007
47,14361668,Harvest Credit Management VII LLC,1159SC001437,Small Claims,Disposed (Statistical Purposes),20111003,20111125
48,14546235,Harvest Credit Management VII LLC,1098CV000226,Civil,Disposed (Statistical Purposes),20100510,20100728
49,14585566,Harvest Credit Management VII LLC,1050CV000836,Civil,Disposed (Statistical Purposes),20100512,20100715
0,14823704,Harvest Credit Management VII LLC,1021CV000314,Civil,Disposed (Statistical Purposes),20100510,20100818
1,14854318,Harvest Credit Management VII LLC,1121CV000401,Civil,Disposed (Statistical Purposes),20111005,20111123
2,14864987,Harvest Credit Management VII LLC,1136CV001092,Civil,Disposed (Statistical Purposes),20110926,20111220
3,14957449,Harvest Credit Management VII LLC,1151SP000104,Supplementary Process,Disposed (Statistical Purposes),20110404,20110808
4,15345635,Harvest Credit Management VII LLC,1149SP000181,Supplementary Process,Disposed (Statistical Purposes),20110328,20110420
5,15403176,Harvest Credit Management VII LLC,1152CV000756,Civil,Disposed (Statistical Purposes),20110927,20111202
6,15439287,Harvest Credit Management VII LLC,1333CV000665,Civil,Disposed (Statistical Purposes),20130715,20130909
7,15452059,Harvest Credit Management VII LLC,1033CV000791,Civil,Disposed (Statistical Purposes),20100510,20100709
8,15452563,Harvest Credit Management VII LLC,1033CV000792,Civil,Disposed (Statistical Purposes),20100510,20101007
9,15452966,Harvest Credit Management VII LLC,1033CV000793,Civil,Disposed (Statistical Purposes),20100510,20100709
10,15466267,Harvest Credit Management VII LLC,1236CV000084,Civil,Disposed (Statistical Purposes),20120131,20130131
11,15469896,Harvest Credit Management VII LLC,1142SC000397,Small Claims,Disposed (Statistical Purposes),20111003,20111118
12,16399117,Harvest Credit Management VII LLC,1240CV000050,Civil,Disposed (Statistical Purposes),20120409,20120625
13,16399642,Harvest Credit Management VII LLC,1113SC001905,Small Claims,Disposed (Statistical Purposes),20111104,20120119
14,16505845,Harvest Credit Management VII LLC,1240SP000042,Supplementary Process,Disposed (Statistical Purposes),20120625,20120809
15,16629461,Harvest Credit Management VII LLC,1151CV000433,Civil,Disposed (Statistical Purposes),20110627,20120404
16,16752652,Harvest Credit Management VII LLC,1158SP000121,Supplementary Process,Disposed (Statistical Purposes),20110322,20111215
17,16867515,Harvest Credit Management VII LLC,1189SC000718,Small Claims,Disposed (Statistical Purposes),20110705,20110923
18,16867925,Harvest Credit Management VII LLC,1189SC000719,Small Claims,Disposed (Statistical Purposes),20110705,20110921
19,16907017,Harvest Credit Management VII LLC,1114SP000324,Supplementary Process,Disposed (Statistical Purposes),20110620,20110825
20,17103823,Harvest Credit Management VII LLC,1117SP000029,Supplementary Process,Disposed (Statistical Purposes),20110321,20111020
21,17192317,Harvest Credit Management VII LLC,1289SC000987,Small Claims,Disposed (Statistical Purposes),20120816,20121207
22,17205363,Harvest Credit Management VII LLC,1113CV001800,Civil,Disposed (Statistical Purposes),20111205,20120301
23,17352485,Harvest Credit Management VII LLC,1059CV000833,Civil,Disposed (Statistical Purposes),20100510,20100714
24,17352540,Harvest Credit Management VII LLC,1059CV000834,Civil,Disposed (Statistical Purposes),20100510,20100714
25,17448185,Harvest Credit Management VII LLC,1118SP000316,Supplementary Process,Disposed (Statistical Purposes),20110328,20110621
26,17457903,Harvest Credit Management VII LLC,1006CV000440,Civil,Disposed (Statistical Purposes),20100510,20110728
27,17459185,Harvest Credit Management VII LLC,1006CV000441,Civil,Disposed (Statistical Purposes),20100510,20100719
28,17504864,Harvest Credit Management VII LLC,1103CV000113,Civil,Disposed (Statistical Purposes),20110927,20111220
29,17515007,Harvest Credit Management VII LLC,1189SP000361,Supplementary Process,Disposed (Statistical Purposes),20110929,20111102
30,17540446,Harvest Credit Management VII LLC,1161SP000062,Supplementary Process,Disposed (Statistical Purposes),20110328,20110526
31,17602726,Harvest Credit Management VII LLC,1189SP000392,Supplementary Process,Disposed (Statistical Purposes),20111031,20111230
32,17642756,Harvest Credit Management VII LLC,1150SC001190,Small Claims,Disposed (Statistical Purposes),20110705,20110912
33,17686510,Harvest Credit Management VII LLC,1150CV000928,Civil,Closed,20110711,20110901
34,17946092,Harvest Credit Management VII LLC,1106CV000300,Civil,Disposed (Statistical Purposes),20110415,20110726
35,17953297,Harvest Credit Management VII LLC,1006CV000826,Civil,Disposed (Statistical Purposes),20100816,20110204
36,18311366,Harvest Credit Management VII LLC,1205CV000151,Civil,Pending,20120530,20120530
37,18474170,Harvest Credit Management VII LLC,1403SP000106,Supplementary Process,Disposed (Statistical Purposes),20141223,20150916
38,18670384,Harvest Credit Management VII LLC,1006CV000442,Civil,Disposed (Statistical Purposes),20100510,20100719
39,19082691,Harvest Credit Management VII LLC,1107SC000948,Small Claims,Disposed (Statistical Purposes),20110706,20111017
40,20413401,Harvest Credit Management VII LLC,0606CV000917,Civil,Disposed (Statistical Purposes),20061204,20070206
41,21263438,Harvest Credit Management VII LLC,0907CV001079,Civil,Disposed (Statistical Purposes),20090817,20091118
42,21480750,Harvest Credit Management VII LLC,0934SC000892,Small Claims,Disposed (Statistical Purposes),20090703,20091103
43,23206631,Harvest Credit Management VII LLC,0906CV000642,Civil,Disposed (Statistical Purposes),20090601,20090728
44,23230777,Harvest Credit Management VII LLC,0906CV000643,Civil,Disposed (Statistical Purposes),20090601,20090826
45,23236702,Harvest Credit Management VII LLC,0906CV000640,Civil,Disposed (Statistical Purposes),20090601,20090827
46,23263992,Harvest Credit Management VII LLC,0615CV002563,Civil,Disposed (Statistical Purposes),20061114,20061227
47,23337043,Harvest Credit Management VII LLC,0914CV001057,Civil,Disposed (Statistical Purposes),20090817,20091123
48,23415660,Harvest Credit Management VII LLC,0947CV000621,Civil,Disposed (Statistical Purposes),20091123,20100519
49,23441973,Harvest Credit Management VII LLC,0934CV000632,Civil,Disposed (Statistical Purposes),20090511,20090626
0,25044418,Harvest Credit Management VII LLC,1539SP000072,Supplementary Process,Pending,20151123,20151123
1,26339376,Harvest Credit Management VII LLC,0949CV001180,Civil,Disposed (Statistical Purposes),20090817,20091112
2,26380724,Harvest Credit Management VII LLC,0949CV001181,Civil,Disposed (Statistical Purposes),20090817,20091112
3,26765724,Harvest Credit Management VII LLC,0941SC000601,Small Claims,Disposed (Statistical Purposes),20090817,20091023
4,26919101,Harvest Credit Management VII LLC,0852CV001646,Civil,Disposed (Statistical Purposes),20081210,20090527
5,27664645,Harvest Credit Management VII LLC,0920CV000381,Civil,Disposed (Statistical Purposes),20090601,20090826
6,27800740,Harvest Credit Management VII LLC,0741CV000293,Civil,Disposed (Statistical Purposes),20070626,20070910
7,27868613,Harvest Credit Management VII LLC,0968CV000263,Civil,Disposed (Statistical Purposes),20090601,20090727
8,27900058,Harvest Credit Management VII LLC,0669CV000516,Civil,Disposed (Statistical Purposes),20061114,20070108
9,28064492,Harvest Credit Management VII LLC,0947CV000293,Civil,Disposed (Statistical Purposes),20090601,20090730
10,28433665,Harvest Credit Management VII LLC,0961SC001144,Small Claims,Disposed (Statistical Purposes),20090817,20091006
11,28832772,Harvest Credit Management VII LLC,0964CV000584,Civil,Disposed (Statistical Purposes),20090601,20090812
12,30103456,Harvest Credit Management VII LLC,1611SP000079,Supplementary Process,Pending,20160321,20160321
13,30256391,Harvest Credit Management VII LLC,0641CV000467,Civil,Disposed (Statistical Purposes),20061219,20070530
14,30619572,Harvest Credit Management VII LLC,0658CV000888,Civil,Disposed (Statistical Purposes),20061218,20070507
15,30751054,Harvest Credit Management VII LLC,0640CV000136,Civil,Disposed (Statistical Purposes),20061113,20070108
16,31840870,Harvest Credit Management VII LLC,1533CV000494,Civil,Pending,20150713,20150713
17,32048774,Harvest Credit Management VII LLC,0912CV000443,Civil,Disposed (Statistical Purposes),20090821,20100326
18,32437324,Harvest Credit Management VII LLC,0958SP000196,Supplementary Process,Disposed (Statistical Purposes),20090508,20090625
19,32577169,Harvest Credit Management VII LLC,0958CV000641,Civil,Disposed (Statistical Purposes),20090601,20100218
20,33072785,Harvest Credit Management VII LLC,0839CV000557,Civil,Disposed (Statistical Purposes),20081208,20090219
21,33077787,Harvest Credit Management VII LLC,0839CV000556,Civil,Disposed (Statistical Purposes),20081208,20090209
22,33238611,Harvest Credit Management VII LLC,0918CV001164,Civil,Disposed (Statistical Purposes),20090601,20091014
23,33240199,Harvest Credit Management VII LLC,0918CV001165,Civil,Disposed (Statistical Purposes),20090601,20090923
24,33257054,Harvest Credit Management VII LLC,0918CV001163,Civil,Disposed (Statistical Purposes),20090601,20091014
25,33264713,Harvest Credit Management VII LLC,0918SC001414,Small Claims,Disposed (Statistical Purposes),20090601,20091201
26,33688574,Harvest Credit Management VII LLC,0961CV000390,Civil,Disposed (Statistical Purposes),20090601,20090727
27,34697820,Harvest Credit Management VII LLC,0956CV002680,Civil,Disposed (Statistical Purposes),20090817,20091027
28,34854307,Harvest Credit Management VII LLC,0913CV001298,Civil,Disposed (Statistical Purposes),20090601,20090805
29,34875433,Harvest Credit Management VII LLC,0913CV001300,Civil,Disposed (Statistical Purposes),20090601,20100608
30,34883244,Harvest Credit Management VII LLC,0913CV001297,Civil,Disposed (Statistical Purposes),20090601,20110902
31,34884211,Harvest Credit Management VII LLC,0913CV001299,Civil,Disposed (Statistical Purposes),20090601,20100120
32,36051767,Harvest Credit Management VII LLC,0955CV000710,Civil,Disposed (Statistical Purposes),20090817,20091103
33,36533554,Harvest Credit Management VII LLC,0823SP000605,Supplementary Process,Disposed (Statistical Purposes),20080522,20080811
34,37070044,Harvest Credit Management VII LLC,0951CV000733,Civil,Disposed (Statistical Purposes),20090817,20091110
35,37605340,Harvest Credit Management VII LLC,0828SC000620,Small Claims,Disposed (Statistical Purposes),20081103,20090116
36,37721537,Harvest Credit Management VII LLC,0967CV000639,Civil,Disposed (Statistical Purposes),20090817,20091119
37,37943664,Harvest Credit Management VII LLC,0944CV000667,Civil,Disposed (Statistical Purposes),20090817,20091119
38,38296405,Harvest Credit Management VII LLC,0953CV001476,Civil,Disposed (Statistical Purposes),20090817,20091210
39,38301683,Harvest Credit Management VII LLC,0953CV001475,Civil,Disposed (Statistical Purposes),20090817,20091215
40,39778337,Harvest Credit Management VII LLC,0660CV000693,Civil,Disposed (Statistical Purposes),20061113,20061226
41,40257794,Harvest Credit Management VII LLC,0644CV000523,Civil,Disposed (Statistical Purposes),20061113,20070118
42,40523063,Harvest Credit Management VII LLC,0859CV002106,Civil,Disposed (Statistical Purposes),20081209,20090611
43,41428930,Harvest Credit Management VII LLC,0936CV000912,Civil,Disposed (Statistical Purposes),20090601,20090818
44,41617309,Harvest Credit Management VII LLC,0910SP000231,Supplementary Process,Disposed (Statistical Purposes),20090416,20090819
45,42819922,Harvest Credit Management VII LLC,0851CV001112,Civil,Disposed (Statistical Purposes),20081208,20090304
46,43520678,Harvest Credit Management VII LLC,0944CV000461,Civil,Disposed (Statistical Purposes),20090601,20090819
47,46160311,Harvest Credit Management VII LLC,0645CV000453,Civil,Disposed (Statistical Purposes),20061113,20070207
48,46567801,Harvest Credit Management VII LLC,0750CV001343,Civil,Disposed (Statistical Purposes),20070802,20071002
49,47183393,Harvest Credit Management VII LLC,0907SC001353,Small Claims,Disposed (Statistical Purposes),20090601,20091105
0,47291783,Harvest Credit Management VII LLC,0923CV002463,Civil,Disposed (Statistical Purposes),20090818,20091207
1,47292090,Harvest Credit Management VII LLC,0923CV002462,Civil,Disposed (Statistical Purposes),20090818,20091207
2,47422410,Harvest Credit Management VII LLC,0948CV000355,Civil,Disposed (Statistical Purposes),20090601,20090730
3,47606088,Harvest Credit Management VII LLC,1002SP000318,Supplementary Process,Disposed (Statistical Purposes),20100601,20100806
4,47632492,Harvest Credit Management VII LLC,1032CV000870,Civil,Disposed (Statistical Purposes),20100511,20100719
5,47632604,Harvest Credit Management VII LLC,1032CV000872,Civil,Disposed (Statistical Purposes),20100511,20100712
6,47635404,Harvest Credit Management VII LLC,1032SP000428,Supplementary Process,Disposed (Statistical Purposes),20100511,20100804
7,47674925,Harvest Credit Management VII LLC,1041SC000394,Small Claims,Disposed (Statistical Purposes),20100803,20110107
8,47768663,Harvest Credit Management VII LLC,1106CV000486,Civil,Disposed (Statistical Purposes),20110628,20110816
9,48308942,Harvest Credit Management VII LLC,1555CV000096,Civil,Open,20150309,20150309
10,48382459,Harvest Credit Management VII LLC,1614CV000113,Civil,Pending,20160330,20160330
11,48928572,Harvest Credit Management VII LLC,1156SP000308,Supplementary Process,Disposed (Statistical Purposes),20110321,20110503
12,48929207,Harvest Credit Management VII LLC,1156SP000315,Supplementary Process,Disposed (Statistical Purposes),20110321,20110503
13,48930269,Harvest Credit Management VII LLC,1156SP000307,Supplementary Process,Disposed (Statistical Purposes),20110321,20110503
14,49528263,Harvest Credit Management VII LLC,1156SC003083,Small Claims,Disposed (Statistical Purposes),20110707,20110825
15,49538801,Harvest Credit Management VII LLC,1156SC003084,Small Claims,Disposed (Statistical Purposes),20110707,20110831
16,49650401,Harvest Credit Management VII LLC,1111SP000300,Supplementary Process,Disposed (Statistical Purposes),20110321,20110516
17,50230333,Harvest Credit Management VII LLC,0818CV002302,Civil,Disposed (Statistical Purposes),20081023,20090304
18,50260265,Harvest Credit Management VII LLC,1133SC003334,Small Claims,Disposed (Statistical Purposes),20111108,20120109
19,50394286,Harvest Credit Management VII LLC,0959CV001006,Civil,Disposed (Statistical Purposes),20090601,20100128
20,50514002,Harvest Credit Management VII LLC,1156CV000721,Civil,Disposed (Statistical Purposes),20110321,20110503
21,50514237,Harvest Credit Management VII LLC,1156CV000722,Civil,Disposed (Statistical Purposes),20110321,20110426
22,50514452,Harvest Credit Management VII LLC,1156CV000720,Civil,Disposed (Statistical Purposes),20110321,20110617
23,50909301,Harvest Credit Management VII LLC,1156CV002233,Civil,Disposed (Statistical Purposes),20110926,20120731
24,50910942,Harvest Credit Management VII LLC,1156CV002234,Civil,Disposed (Statistical Purposes),20110926,20111115
25,51818865,Harvest Credit Management VII LLC,1156SC002896,Small Claims,Disposed (Statistical Purposes),20110623,20110627
26,51821583,Harvest Credit Management VII LLC,0962CV001742,Civil,Disposed (Statistical Purposes),20090601,20090729
27,51857086,Harvest Credit Management VII LLC,0962SC002648,Small Claims,Disposed (Statistical Purposes),20090601,20090902
28,52015382,Harvest Credit Management VII LLC,1011SC001686,Small Claims,Disposed (Statistical Purposes),20100803,20100927
29,52015818,Harvest Credit Management VII LLC,1011SC001684,Small Claims,Disposed (Statistical Purposes),20100803,20100914
30,52287439,Harvest Credit Management VII LLC,1256SC002130,Small Claims,Disposed (Statistical Purposes),20120702,20121123
31,52680804,Harvest Credit Management VII LLC,1015CV002307,Civil,Disposed (Statistical Purposes),20100824,20101005
32,52886937,Harvest Credit Management VII LLC,1115CV001931,Civil,Disposed (Statistical Purposes),20111012,20111205
33,53141398,Harvest Credit Management VII LLC,0811SP001030,Supplementary Process,Disposed (Statistical Purposes),20080724,20081103
34,53334211,Harvest Credit Management VII LLC,1015CV001298,Civil,Disposed (Statistical Purposes),20100513,20100706
35,53334724,Harvest Credit Management VII LLC,1015CV001295,Civil,Disposed (Statistical Purposes),20100513,20100706
36,53335001,Harvest Credit Management VII LLC,1015CV001297,Civil,Disposed (Statistical Purposes),20100513,20100706
37,53612080,Harvest Credit Management VII LLC,1432SP000192,Supplementary Process,Disposed (Statistical Purposes),20140804,20140926
38,53972056,Harvest Credit Management VII LLC,1018SC001211,Small Claims,Disposed (Statistical Purposes),20100803,20101101
39,54137772,Harvest Credit Management VII LLC,1156SC004240,Small Claims,Disposed (Statistical Purposes),20111005,20111213
40,54200750,Harvest Credit Management VII LLC,1156SP001208,Supplementary Process,Disposed (Statistical Purposes),20111006,20111206
41,54239814,Harvest Credit Management VII LLC,1150CV001426,Civil,Disposed (Statistical Purposes),20111026,20140212
42,54633169,Harvest Credit Management VII LLC,1023CV001170,Civil,Disposed (Statistical Purposes),20100511,20100813
43,54633954,Harvest Credit Management VII LLC,1023CV001171,Civil,Disposed (Statistical Purposes),20100511,20100813
44,54636935,Harvest Credit Management VII LLC,1023CV001172,Civil,Disposed (Statistical Purposes),20100511,20100817
45,54638042,Harvest Credit Management VII LLC,1023CV001169,Civil,Disposed (Statistical Purposes),20100511,20100813
46,55630326,Harvest Credit Management VII LLC,0913SC001198,Small Claims,Disposed (Statistical Purposes),20090423,20091002
47,55894539,Harvest Credit Management VII LLC,1011SP000399,Supplementary Process,Disposed (Statistical Purposes),20100322,20100802
48,55997942,Harvest Credit Management VII LLC,1011SP000476,Supplementary Process,Disposed (Statistical Purposes),20100330,20100809
49,56158073,Harvest Credit Management VII LLC,1011CV001612,Civil,Disposed (Statistical Purposes),20100510,20101207
0,56168636,Harvest Credit Management VII LLC,1011CV001611,Civil,Disposed (Statistical Purposes),20100510,20100722
1,56514819,Harvest Credit Management VII LLC,1062SP000129,Supplementary Process,Disposed (Statistical Purposes),20100205,20100407
2,56907115,Harvest Credit Management VII LLC,0836CV001992,Civil,Disposed (Statistical Purposes),20081209,20090203
3,57259283,Harvest Credit Management VII LLC,0915CV002476,Civil,Disposed (Statistical Purposes),20090824,20091110
4,57578292,Harvest Credit Management VII LLC,1036CV000736,Civil,Disposed (Statistical Purposes),20100510,20100714
5,57579323,Harvest Credit Management VII LLC,1036CV000737,Civil,Disposed (Statistical Purposes),20100510,20100706
6,58147715,Harvest Credit Management VII LLC,1256SP000566,Supplementary Process,Disposed (Statistical Purposes),20120606,20121010
7,58245726,Harvest Credit Management VII LLC,1056SC005226,Small Claims,Disposed (Statistical Purposes),20101220,20110126
8,58546408,Harvest Credit Management VII LLC,0911CV002148,Civil,Disposed (Statistical Purposes),20090601,20090803
9,58549188,Harvest Credit Management VII LLC,0911CV002141,Civil,Disposed (Statistical Purposes),20090601,20090803
10,58549685,Harvest Credit Management VII LLC,0911CV002146,Civil,Disposed (Statistical Purposes),20090601,20090924
11,58551120,Harvest Credit Management VII LLC,0911CV002144,Civil,Disposed (Statistical Purposes),20090601,20090730
12,58551556,Harvest Credit Management VII LLC,0911CV002140,Civil,Disposed (Statistical Purposes),20090601,20090803
13,58553103,Harvest Credit Management VII LLC,0911CV002147,Civil,Disposed (Statistical Purposes),20090601,20091105
14,58553600,Harvest Credit Management VII LLC,0911CV002145,Civil,Disposed (Statistical Purposes),20090601,20090824
15,58718496,Harvest Credit Management VII LLC,0911SC002090,Small Claims,Disposed (Statistical Purposes),20090602,20090831
16,59417546,Harvest Credit Management VII LLC,0923CV001750,Civil,Disposed (Statistical Purposes),20090601,20090813
17,59418723,Harvest Credit Management VII LLC,0923CV001749,Civil,Disposed (Statistical Purposes),20090601,20090813
18,59500369,Harvest Credit Management VII LLC,0853CV002096,Civil,Disposed (Statistical Purposes),20081208,20090306
19,59531315,Harvest Credit Management VII LLC,1262SP000090,Supplementary Process,Disposed (Statistical Purposes),20120222,20120614
20,59864247,Harvest Credit Management VII LLC,1023SC001997,Small Claims,Disposed (Statistical Purposes),20100804,20101014
21,60010626,Harvest Credit Management VII LLC,1023SP001232,Supplementary Process,Disposed (Statistical Purposes),20101012,20101206
22,60012825,Harvest Credit Management VII LLC,1023SP001223,Supplementary Process,Disposed (Statistical Purposes),20101012,20101206
23,60130666,Harvest Credit Management VII LLC,1156SC004775,Small Claims,Disposed (Statistical Purposes),20111115,20120809
24,61778804,Harvest Credit Management VII LLC,0913SC002306,Small Claims,Disposed (Statistical Purposes),20090819,20091019
25,61882696,Harvest Credit Management VII LLC,1523SP000268,Supplementary Process,Disposed (Statistical Purposes),20150428,20150618
26,62739866,Harvest Credit Management VII LLC,1056SC004127,Small Claims,Disposed (Statistical Purposes),20101020,20101231
27,62859568,Harvest Credit Management VII LLC,1056CV002942,Civil,Disposed (Statistical Purposes),20100927,20101117
28,63048199,Harvest Credit Management VII LLC,0813CV002312,Civil,Disposed (Statistical Purposes),20081024,20090324
29,63165461,Harvest Credit Management VII LLC,0856SP001979,Supplementary Process,Disposed (Statistical Purposes),20081218,20090210
30,63488636,Harvest Credit Management VII LLC,1256SP000129,Supplementary Process,Disposed (Statistical Purposes),20120322,-11130
31,63591119,Harvest Credit Management VII LLC,1056CV001401,Civil,Disposed (Statistical Purposes),20100510,20100707
32,63593559,Harvest Credit Management VII LLC,1056CV001400,Civil,Disposed (Statistical Purposes),20100510,20100707
33,63596468,Harvest Credit Management VII LLC,1056CV001399,Civil,Disposed (Statistical Purposes),20100510,20100908
34,63909788,Harvest Credit Management VII LLC,1355SP000051,Supplementary Process,Disposed (Statistical Purposes),20130228,20130719
35,63913144,Harvest Credit Management VII LLC,1355SP000053,Supplementary Process,Disposed (Statistical Purposes),20130228,20130719
36,63939192,Harvest Credit Management VII LLC,1355SP000076,Supplementary Process,Disposed (Statistical Purposes),20130408,20131021
37,64138259,Harvest Credit Management VII LLC,0901CV004052,Civil,Closed,20090928,20100104
38,64140799,Harvest Credit Management VII LLC,0901CV004051,Civil,Closed,20090928,20090928
39,64576978,Harvest Credit Management VII LLC,1359CV000034,Civil,Disposed (Statistical Purposes),20130114,20130524
40,65240705,Harvest Credit Management VII LLC,0901CV002412,Civil,Closed,20090601,20090818
41,67884449,Harvest Credit Management VII LLC,1082CV01090,Contract / Business Cases,Closed,20100614,20101001
42,68341300,Harvest Credit Management VII LLC,1201SC000380,Small Claims,Closed,20120206,20131210
43,68386469,Harvest Credit Management VII LLC,1356CV000994,Civil,Disposed (Statistical Purposes),20130617,20140423
44,68626243,Harvest Credit Management VII LLC,1356SP000492,Supplementary Process,Disposed (Statistical Purposes),20130607,20131211
45,68675891,Harvest Credit Management VII LLC,1356SC000662,Small Claims,Disposed (Statistical Purposes),20130202,20130424
46,68926511,Harvest Credit Management VII LLC,1356SP000105,Supplementary Process,Disposed (Statistical Purposes),20130130,20130618
47,69689606,Harvest Credit Management VII LLC,1101SC001735,Small Claims,Closed,20110620,20110620
48,69849080,Harvest Credit Management VII LLC,1001SC002071,Small Claims,Closed,20100803,20101018
49,70131939,Harvest Credit Management VII LLC,1311CV000312,Civil,Disposed (Statistical Purposes),20130311,20140625
0,70643387,Harvest Credit Management VII LLC,1111CV002639,Civil,Disposed (Statistical Purposes),20110926,20120203
1,70733435,Harvest Credit Management VII LLC,1389SP000130,Supplementary Process,Disposed (Statistical Purposes),20130626,20130906
2,70859490,Harvest Credit Management VII LLC,1323CV000007,Civil,Disposed (Statistical Purposes),20130103,20130821
3,71060007,Harvest Credit Management VII LLC,1084CV02364,Contract / Business Cases,Open,20100614,20110727
4,72405326,Harvest Credit Management VII LLC,1614CV000389,Civil,Pending,20160920,20160920
5,72582906,Harvest Credit Management VII LLC,1662SP000109,Supplementary Process,Pending,20160509,20160509
6,73573058,Harvest Credit Management VII LLC,1179CV00923,Contract / Business Cases,Closed,20111031,20120201
7,74705595,Harvest Credit Management VII LLC,1182CV01203,Contract / Business Cases,Closed,20110815,20111125
8,76510307,Harvest Credit Management VII LLC,1351CV000109,Civil,Disposed (Statistical Purposes),20130311,20130708
9,77891871,Harvest Credit Management VII LLC,1858CV000156,Civil,Open,20180424,20180424
10,78165892,Harvest Credit Management VII LLC,1747CV000301,Civil,Disposed (Statistical Purposes),20171115,20180307
11,78749822,Harvest Credit Management VII LLC,1702SP000069,Supplementary Process,Disposed (Statistical Purposes),20171213,20180212
12,79441296,Harvest Credit Management VII LLC,1829SP000002,Supplementary Process,Disposed (Statistical Purposes),20180129,20180308
13,79496573,Harvest Credit Management VII LLC,1823CV000020,Civil,Open,20180105,20180105
14,80157208,Harvest Credit Management VII LLC,1750SP000172,Supplementary Process,Open,20171003,20171003
15,81450035,Harvest Credit Management VII LLC,2040SP000001,Supplementary Process,Open,20200309,20200309
16,82898819,Harvest Credit Management VII LLC,2057CV000045,Civil,Open,20200127,20200127
17,83125077,Harvest Credit Management VII LLC,1754CV000687,Civil,Disposed (Statistical Purposes),20171211,20180831
18,83706557,Harvest Credit Management VII LLC,1738CV000112,Civil,Disposed (Statistical Purposes),20170313,20170322
19,83883222,Harvest Credit Management VII LLC,1806SP000085,Supplementary Process,Open,20180612,20180612
20,84938147,Harvest Credit Management VII LLC,1801CV001445,Civil,Open,20180806,20210818
21,85745799,Harvest Credit Management VII LLC,1850SP000066,Supplementary Process,Disposed (Statistical Purposes),20180403,20180531
22,86584947,Harvest Credit Management VII LLC,1822SP000016,Supplementary Process,Disposed (Statistical Purposes),20180409,20180607
23,232337,Harvest Credit Management Vii,1068CV000230,Civil,Disposed (Statistical Purposes),20100524,20100928
24,271474,Harvest Credit Management Vii,1068SP000124,Supplementary Process,Disposed (Statistical Purposes),20100528,20100719
25,274169,Harvest Credit Management Vii,1111SP000383,Supplementary Process,Disposed (Statistical Purposes),20110328,20110613
26,493672,Harvest Credit Management Vii,1039SP000054,Supplementary Process,Disposed (Statistical Purposes),20100315,20100426
27,515787,Harvest Credit Management Vii,1158SC001297,Small Claims,Disposed (Statistical Purposes),20111107,20120105
28,548115,Harvest Credit Management Vii,1087CV000174,Civil,Disposed (Statistical Purposes),20100702,20110610
29,563514,Harvest Credit Management Vii,1039SP000069,Supplementary Process,Disposed (Statistical Purposes),20100329,20100506
30,638183,Harvest Credit Management Vii,1023SP000991,Supplementary Process,Disposed (Statistical Purposes),20100809,20101007
31,661906,Harvest Credit Management Vii,1469SP000181,Supplementary Process,Pending,20140929,20140929
32,676592,Harvest Credit Management Vii,1243SP000235,Supplementary Process,Disposed (Statistical Purposes),20120608,20131217
33,789410,Harvest Credit Management Vii,1164SP000376,Supplementary Process,Disposed (Statistical Purposes),20111012,20111103
34,828704,Harvest Credit Management Vii,1036CV000181,Civil,Disposed (Statistical Purposes),20100208,20100422
35,912813,Harvest Credit Management Vii,1041CV000033,Civil,Disposed (Statistical Purposes),20100208,20100406
36,1368949,Harvest Credit Management Vii,1198SP000090,Supplementary Process,Disposed (Statistical Purposes),20110328,20110623
37,1378463,Harvest Credit Management Vii,1034CV000152,Civil,Disposed (Statistical Purposes),20100208,20100405
38,1380413,Harvest Credit Management Vii,1013SC001381,Small Claims,Disposed (Statistical Purposes),20100804,20100922
39,1511836,Harvest Credit Management Vii,1033CV001143,Civil,Disposed (Statistical Purposes),20100702,20110412
40,1570145,Harvest Credit Management Vii,1044CV000671,Civil,Disposed (Statistical Purposes),20100830,20110909
41,1957945,Harvest Credit Management Vii,1014SP000630,Supplementary Process,Disposed (Statistical Purposes),20101013,20110201
42,1982874,Harvest Credit Management Vii,1034SP000113,Supplementary Process,Disposed (Statistical Purposes),20100222,20100511
43,2053745,Harvest Credit Management Vii,1044SP000436,Supplementary Process,Disposed (Statistical Purposes),20101012,20110405
44,2272039,Harvest Credit Management Vii,1243SP000307,Supplementary Process,Disposed (Statistical Purposes),20121023,20130910
45,2395675,Harvest Credit Management Vii,1186SP000197,Supplementary Process,Disposed (Statistical Purposes),20110705,20110915
46,2640143,Harvest Credit Management Vii,1136SP000319,Supplementary Process,Disposed (Statistical Purposes),20110621,20120615
47,2653736,Harvest Credit Management Vii,1136SP000324,Supplementary Process,Disposed (Statistical Purposes),20110621,20110913
48,2780146,Harvest Credit Management Vii,1218SP000421,Supplementary Process,Disposed (Statistical Purposes),20120813,20121026
49,2786986,Harvest Credit Management Vii,1123SP000649,Supplementary Process,Disposed (Statistical Purposes),20110706,20120301
0,2790627,Harvest Credit Management Vii,1123SP000652,Supplementary Process,Disposed (Statistical Purposes),20110706,20110830
1,3018160,Harvest Credit Management Vii,1034CV001029,Civil,Disposed (Statistical Purposes),20100816,20110427
2,3088812,Harvest Credit Management Vii,1218SP000441,Supplementary Process,Disposed (Statistical Purposes),20120827,20120921
3,3123259,Harvest Credit Management Vii,1144SP000240,Supplementary Process,Disposed (Statistical Purposes),20110705,20120412
4,3450698,Harvest Credit Management Vii,1032SP000854,Supplementary Process,Disposed (Statistical Purposes),20101004,20110119
5,3790670,Harvest Credit Management Vii,1053SP000585,Supplementary Process,Disposed (Statistical Purposes),20100810,20101109
6,3922539,Harvest Credit Management Vii,1447SP000035,Supplementary Process,Disposed (Statistical Purposes),20140604,20150106
7,4103914,Harvest Credit Management Vii,1223SP000570,Supplementary Process,Disposed (Statistical Purposes),20120814,20121101
8,4143067,Harvest Credit Management Vii,1118CV001343,Civil,Disposed (Statistical Purposes),20111011,20120210
9,4295685,Harvest Credit Management Vii,1149SP000504,Supplementary Process,Disposed (Statistical Purposes),20111031,20111227
10,4439676,Harvest Credit Management Vii,1148CV000230,Civil,Disposed (Statistical Purposes),20110425,20110920
11,4571879,Harvest Credit Management Vii,1053SC001180,Small Claims,Disposed (Statistical Purposes),20101018,20110203
12,4615814,Harvest Credit Management Vii,1034SC000832,Small Claims,Disposed (Statistical Purposes),20101021,20101116
13,4684393,Harvest Credit Management Vii,1311SP000400,Supplementary Process,Disposed (Statistical Purposes),20130715,20130916
14,4913534,Harvest Credit Management Vii,1034SP000723,Supplementary Process,Disposed (Statistical Purposes),20101130,20110207
15,5032385,Harvest Credit Management Vii,1233SP000309,Supplementary Process,Disposed (Statistical Purposes),20120605,20120824
16,5087784,Harvest Credit Management Vii,1153SP000558,Supplementary Process,Disposed (Statistical Purposes),20110907,20120206
17,5306392,Harvest Credit Management Vii,1168SP000117,Supplementary Process,Disposed (Statistical Purposes),20110705,20111101
18,5376682,Harvest Credit Management Vii,1053SP000904,Supplementary Process,Disposed (Statistical Purposes),20101227,20110321
19,5386295,Harvest Credit Management Vii,1052CV000182,Civil,Disposed (Statistical Purposes),20100209,20110307
20,5434398,Harvest Credit Management Vii,1031CV000808,Civil,Disposed (Statistical Purposes),20100510,20101110
21,5683984,Harvest Credit Management Vii,1048SP000258,Supplementary Process,Disposed (Statistical Purposes),20101005,20101202
22,5727115,Harvest Credit Management Vii,1464SP000025,Supplementary Process,Disposed (Statistical Purposes),20140131,20140311
23,5871537,Harvest Credit Management Vii,1167SP000074,Supplementary Process,Disposed (Statistical Purposes),20110328,20120106
24,5955050,Harvest Credit Management Vii,1048SP000298,Supplementary Process,Disposed (Statistical Purposes),20101126,20110107
25,6022678,Harvest Credit Management Vii,1311SP000741,Supplementary Process,Disposed (Statistical Purposes),20131104,20140501
26,6144869,Harvest Credit Management Vii,1050SP000978,Supplementary Process,Disposed (Statistical Purposes),20101012,20101122
27,6147974,Harvest Credit Management Vii,1050SP000982,Supplementary Process,Disposed (Statistical Purposes),20101012,20110519
28,6200191,Harvest Credit Management Vii,1051CV000364,Civil,Disposed (Statistical Purposes),20100510,20100708
29,6247561,Harvest Credit Management Vii,1052SP000188,Supplementary Process,Disposed (Statistical Purposes),20100525,20100827
30,6247829,Harvest Credit Management Vii,1052SP000189,Supplementary Process,Disposed (Statistical Purposes),20100525,20100723
31,6325746,Harvest Credit Management Vii,1012SP000201,Supplementary Process,Disposed (Statistical Purposes),20101115,20111128
32,6402577,Harvest Credit Management Vii,1413SP000152,Supplementary Process,Disposed (Statistical Purposes),20140715,20140827
33,6414626,Harvest Credit Management Vii,1125CV000714,Civil,Disposed (Statistical Purposes),20110524,20120217
34,6636049,Harvest Credit Management Vii,1211CV001055,Civil,Pending,20120625,20120625
35,6756531,Harvest Credit Management Vii,1253CV000418,Civil,Disposed (Statistical Purposes),20120423,20121211
36,6779851,Harvest Credit Management Vii,1045CV000597,Civil,Disposed (Statistical Purposes),20101101,20110103
37,6889984,Harvest Credit Management Vii,1214SP000009,Supplementary Process,Disposed (Statistical Purposes),20120110,20120213
38,6890293,Harvest Credit Management Vii,1214SP000010,Supplementary Process,Disposed (Statistical Purposes),20120110,20120224
39,6996439,Harvest Credit Management Vii,1468SP000059,Supplementary Process,Disposed (Statistical Purposes),20140826,20141201
40,7229653,Harvest Credit Management Vii,1014SP000278,Supplementary Process,Disposed (Statistical Purposes),20100511,20100825
41,7229857,Harvest Credit Management Vii,1014SP000279,Supplementary Process,Disposed (Statistical Purposes),20100511,20100825
42,7289194,Harvest Credit Management Vii,1498SP000006,Supplementary Process,Disposed (Statistical Purposes),20140204,20150427
43,7314210,Harvest Credit Management Vii,1247CV000289,Civil,Pending,20120723,20120723
44,7348713,Harvest Credit Management Vii,1014SP000301,Supplementary Process,Disposed (Statistical Purposes),20100524,20100823
45,7382849,Harvest Credit Management Vii,1014SP000351,Supplementary Process,Disposed (Statistical Purposes),20100608,20100929
46,7628410,Harvest Credit Management Vii,1313SP000287,Supplementary Process,Disposed (Statistical Purposes),20130719,20150224
47,7870080,Harvest Credit Management Vii,1043SP000326,Supplementary Process,Disposed (Statistical Purposes),20100811,20120514
48,7917008,Harvest Credit Management Vii,1260SP000255,Supplementary Process,Disposed (Statistical Purposes),20120801,20121011
49,7941912,Harvest Credit Management Vii,1020CV000334,Civil,Disposed (Statistical Purposes),20100524,20100713
0,7967024,Harvest Credit Management Vii,1421SP000008,Supplementary Process,Disposed (Statistical Purposes),20140203,20140401
1,8026554,Harvest Credit Management Vii,1262CV001140,Civil,Disposed (Statistical Purposes),20120625,20140424
2,8092190,Harvest Credit Management Vii,1068CV000055,Civil,Disposed (Statistical Purposes),20100208,20100603
3,8132188,Harvest Credit Management Vii,1268CV000093,Civil,Disposed (Statistical Purposes),20120409,20121127
4,8335652,Harvest Credit Management Vii,1038CV000451,Civil,Disposed (Statistical Purposes),20100510,20100930
5,8430773,Harvest Credit Management Vii,1031SP000313,Supplementary Process,Disposed (Statistical Purposes),20100524,20100526
6,8465880,Harvest Credit Management Vii,1127SP000281,Supplementary Process,Disposed (Statistical Purposes),20110926,20111220
7,8541419,Harvest Credit Management Vii,1055SP000248,Supplementary Process,Disposed (Statistical Purposes),20100712,20101007
8,8748290,Harvest Credit Management Vii,1034CV000657,Civil,Disposed (Statistical Purposes),20100524,20101122
9,9003131,Harvest Credit Management Vii,1036SP000206,Supplementary Process,Disposed (Statistical Purposes),20100402,20100416
10,9003363,Harvest Credit Management Vii,1036SP000207,Supplementary Process,Disposed (Statistical Purposes),20100402,20100527
11,9243029,Harvest Credit Management Vii,1062SP001503,Supplementary Process,Disposed (Statistical Purposes),20101230,20110413
12,9309387,Harvest Credit Management Vii,1058SP000119,Supplementary Process,Disposed (Statistical Purposes),20100316,20100422
13,9315193,Harvest Credit Management Vii,1150CV000063,Civil,Disposed (Statistical Purposes),20110120,20110317
14,9315352,Harvest Credit Management Vii,1150CV000064,Civil,Disposed (Statistical Purposes),20110120,20110317
15,9391251,Harvest Credit Management Vii,1058SP000150,Supplementary Process,Disposed (Statistical Purposes),20100330,20100506
16,9457197,Harvest Credit Management Vii,1150SP000253,Supplementary Process,Disposed (Statistical Purposes),20110321,20110506
17,9506895,Harvest Credit Management Vii,1058CV000457,Civil,Disposed (Statistical Purposes),20100512,20100715
18,9507184,Harvest Credit Management Vii,1058CV000459,Civil,Disposed (Statistical Purposes),20100512,20100809
19,9799805,Harvest Credit Management Vii,1027SP000172,Supplementary Process,Disposed (Statistical Purposes),20100720,20101202
20,9893184,Harvest Credit Management Vii,1358SP000176,Supplementary Process,Disposed (Statistical Purposes),20130715,20130829
21,9981718,Harvest Credit Management Vii,1150SP000513,Supplementary Process,Disposed (Statistical Purposes),20110620,20110818
22,9987255,Harvest Credit Management Vii,1067SP000036,Supplementary Process,Disposed (Statistical Purposes),20100126,20100513
23,10019720,Harvest Credit Management Vii,1150SP000522,Supplementary Process,Disposed (Statistical Purposes),20110629,20110818
24,10211973,Harvest Credit Management Vii,1298SP000135,Supplementary Process,Disposed (Statistical Purposes),20120918,20121121
25,10213249,Harvest Credit Management Vii,1121SP000085,Supplementary Process,Disposed (Statistical Purposes),20110328,20110907
26,10320358,Harvest Credit Management Vii,1068SP000253,Supplementary Process,Disposed (Statistical Purposes),20101005,20110209
27,10359560,Harvest Credit Management Vii,1121SP000136,Supplementary Process,Disposed (Statistical Purposes),20110620,20110822
28,10461803,Harvest Credit Management Vii,1153SP000144,Supplementary Process,Disposed (Statistical Purposes),20110321,20110513
29,10469903,Harvest Credit Management Vii,1153SP000148,Supplementary Process,Disposed (Statistical Purposes),20110322,20110715
30,10474511,Harvest Credit Management Vii,1018CV000237,Civil,Disposed (Statistical Purposes),20100208,20100414
31,10645676,Harvest Credit Management Vii,1053CV000787,Civil,Disposed (Statistical Purposes),20100524,20121101
32,10708962,Harvest Credit Management Vii,1015SP001511,Supplementary Process,Disposed (Statistical Purposes),20101130,20110119
33,10741905,Harvest Credit Management Vii,1018SP000234,Supplementary Process,Disposed (Statistical Purposes),20100222,20100803
34,10768130,Harvest Credit Management Vii,1053SP000363,Supplementary Process,Disposed (Statistical Purposes),20100524,20100727
35,10775213,Harvest Credit Management Vii,1053SP000365,Supplementary Process,Disposed (Statistical Purposes),20100524,20100727
36,10783524,Harvest Credit Management Vii,1053SP000367,Supplementary Process,Disposed (Statistical Purposes),20100524,20100727
37,10794190,Harvest Credit Management Vii,1021SP000295,Supplementary Process,Disposed (Statistical Purposes),20101005,20101213
38,10968000,Harvest Credit Management Vii,1432CV000839,Civil,Pending,20141027,20141027
39,10990274,Harvest Credit Management Vii,1112SC000702,Small Claims,Disposed (Statistical Purposes),20111207,20120222
40,11077302,Harvest Credit Management Vii,1018SP000366,Supplementary Process,Disposed (Statistical Purposes),20100329,20100907
41,11136789,Harvest Credit Management Vii,1143SP000051,Supplementary Process,Disposed (Statistical Purposes),20110328,20111129
42,11228956,Harvest Credit Management Vii,1027SC001091,Small Claims,Disposed (Statistical Purposes),20101220,20110120
43,11287804,Harvest Credit Management Vii,1143SP000043,Supplementary Process,Disposed (Statistical Purposes),20110421,20120604
44,11327750,Harvest Credit Management Vii,1021SP000340,Supplementary Process,Disposed (Statistical Purposes),20101116,20110225
45,11431132,Harvest Credit Management Vii,1132CV000964,Civil,Disposed (Statistical Purposes),20110829,20111213
46,11432273,Harvest Credit Management Vii,1132CV000965,Civil,Disposed (Statistical Purposes),20110829,20120627
47,11535223,Harvest Credit Management Vii,1047SP000227,Supplementary Process,Disposed (Statistical Purposes),20101015,20110203
48,11581675,Harvest Credit Management Vii,1054CV000503,Civil,Disposed (Statistical Purposes),20100412,20100709
49,11663233,Harvest Credit Management Vii,1018SP000602,Supplementary Process,Disposed (Statistical Purposes),20100524,20101109
0,11695624,Harvest Credit Management Vii,1047SP000251,Supplementary Process,Disposed (Statistical Purposes),20101109,20110308
1,11804716,Harvest Credit Management Vii,1133SP000207,Supplementary Process,Disposed (Statistical Purposes),20110321,20120314
2,11808524,Harvest Credit Management Vii,1133SP000223,Supplementary Process,Disposed (Statistical Purposes),20110328,20110719
3,11883420,Harvest Credit Management Vii,1054CV000655,Civil,Disposed (Statistical Purposes),20100510,20100722
4,11887956,Harvest Credit Management Vii,1168SP000108,Supplementary Process,Disposed (Statistical Purposes),20110620,20111024
5,11899757,Harvest Credit Management Vii,1066SP000255,Supplementary Process,Disposed (Statistical Purposes),20100719,20101126
6,12301772,Harvest Credit Management Vii,1029SP000046,Supplementary Process,Disposed (Statistical Purposes),20100524,20101231
7,12349914,Harvest Credit Management Vii,1067SP000133,Supplementary Process,Disposed (Statistical Purposes),20100420,20100803
8,12376954,Harvest Credit Management Vii,1453SP000161,Supplementary Process,Disposed (Statistical Purposes),20140616,20140826
9,12418989,Harvest Credit Management Vii,1023CV000195,Civil,Disposed (Statistical Purposes),20100128,20100610
10,12438898,Harvest Credit Management Vii,1031SP000625,Supplementary Process,Disposed (Statistical Purposes),20101108,20101130
11,12443423,Harvest Credit Management Vii,1147SP000044,Supplementary Process,Disposed (Statistical Purposes),20110330,20110802
12,12613367,Harvest Credit Management Vii,1186SP000116,Supplementary Process,Disposed (Statistical Purposes),20110328,20110609
13,12740148,Harvest Credit Management Vii,1256SP001049,Supplementary Process,Disposed (Statistical Purposes),20121101,20130319
14,12804705,Harvest Credit Management Vii,1059SP000827,Supplementary Process,Disposed (Statistical Purposes),20101004,20101210
15,12912689,Harvest Credit Management Vii,1298SP000104,Supplementary Process,Pending,20120626,20120626
16,12972759,Harvest Credit Management Vii,1067SP000162,Supplementary Process,Disposed (Statistical Purposes),20100510,20100819
17,12989626,Harvest Credit Management Vii,1066SP000375,Supplementary Process,Disposed (Statistical Purposes),20101008,20110223
18,13148604,Harvest Credit Management Vii,1112SP000077,Supplementary Process,Disposed (Statistical Purposes),20110519,20110915
19,13198886,Harvest Credit Management Vii,1123SP000619,Supplementary Process,Disposed (Statistical Purposes),20110620,20110801
20,13205676,Harvest Credit Management Vii,1123SP000620,Supplementary Process,Disposed (Statistical Purposes),20110620,20110802
21,13212870,Harvest Credit Management Vii,1064SP000097,Supplementary Process,Disposed (Statistical Purposes),20100222,20100727
22,13313788,Harvest Credit Management Vii,1059SP001033,Supplementary Process,Disposed (Statistical Purposes),20101126,20110121
23,13342583,Harvest Credit Management Vii,1066SP000402,Supplementary Process,Disposed (Statistical Purposes),20101109,20110323
24,13347671,Harvest Credit Management Vii,1066SP000403,Supplementary Process,Disposed (Statistical Purposes),20101109,20110323
25,13454870,Harvest Credit Management Vii,1065SP000123,Supplementary Process,Disposed (Statistical Purposes),20100510,20101026
26,13455522,Harvest Credit Management Vii,1062CV000427,Civil,Disposed (Statistical Purposes),20100208,20100408
27,13617892,Harvest Credit Management Vii,1128SP000047,Supplementary Process,Disposed (Statistical Purposes),20110321,20110502
28,13621089,Harvest Credit Management Vii,1064SP000171,Supplementary Process,Disposed (Statistical Purposes),20100420,20100727
29,13635546,Harvest Credit Management Vii,1128SP000059,Supplementary Process,Disposed (Statistical Purposes),20110328,20110510
30,13646466,Harvest Credit Management Vii,1232SP000154,Supplementary Process,Disposed (Statistical Purposes),20120312,20120830
31,13736601,Harvest Credit Management Vii,1065SP000279,Supplementary Process,Disposed (Statistical Purposes),20101004,20110504
32,14158944,Harvest Credit Management Vii,1232SP000312,Supplementary Process,Disposed (Statistical Purposes),20120604,20150708
33,14164730,Harvest Credit Management Vii,1013CV000905,Civil,Disposed (Statistical Purposes),20100510,20100910
34,14221758,Harvest Credit Management Vii,1234CV000444,Civil,Disposed (Statistical Purposes),20120625,20130705
35,14276694,Harvest Credit Management Vii,1038SP000455,Supplementary Process,Disposed (Statistical Purposes),20101004,20101116
36,14293308,Harvest Credit Management Vii,1044CV000097,Civil,Disposed (Statistical Purposes),20100208,20100422
37,14312804,Harvest Credit Management Vii,1056SP001783,Supplementary Process,Disposed (Statistical Purposes),20101110,20101214
38,14321539,Harvest Credit Management Vii,1232SP000333,Supplementary Process,Pending,20120625,20120625
39,14322019,Harvest Credit Management Vii,1025CV000667,Civil,Disposed (Statistical Purposes),20100420,20110209
40,14326476,Harvest Credit Management Vii,1069SP000165,Supplementary Process,Disposed (Statistical Purposes),20100420,20100914
41,14392678,Harvest Credit Management Vii,1050SP000261,Supplementary Process,Disposed (Statistical Purposes),20100317,20100511
42,14529968,Harvest Credit Management Vii,1098SP000067,Supplementary Process,Disposed (Statistical Purposes),20100316,20100721
43,14545905,Harvest Credit Management Vii,1098CV000225,Civil,Disposed (Statistical Purposes),20100510,20100728
44,14585196,Harvest Credit Management Vii,1050CV000835,Civil,Disposed (Statistical Purposes),20100512,20100709
45,14636961,Harvest Credit Management Vii,1050SP000506,Supplementary Process,Disposed (Statistical Purposes),20100608,20100730
46,14720223,Harvest Credit Management Vii,1021SP000025,Supplementary Process,Disposed (Statistical Purposes),20100127,20100413
47,14736117,Harvest Credit Management Vii,1412SP000055,Supplementary Process,Disposed (Statistical Purposes),20140602,20141031
48,14789674,Harvest Credit Management Vii,1228SP000088,Supplementary Process,Pending,20120730,20120730
49,14844068,Harvest Credit Management Vii,1058SC000916,Small Claims,Disposed (Statistical Purposes),20101018,20101202
0,14883938,Harvest Credit Management Vii,1021CV000429,Civil,Disposed (Statistical Purposes),20100621,20100818
1,14906280,Harvest Credit Management Vii,1228SP000099,Supplementary Process,Disposed (Statistical Purposes),20120827,20121106
2,14910646,Harvest Credit Management Vii,1228SP000100,Supplementary Process,Disposed (Statistical Purposes),20120827,20121106
3,14944229,Harvest Credit Management Vii,1066CV000090,Civil,Disposed (Statistical Purposes),20100208,20100406
4,14944267,Harvest Credit Management Vii,1058CV001202,Civil,Disposed (Statistical Purposes),20101122,20120926
5,14964669,Harvest Credit Management Vii,1062SP000509,Supplementary Process,Disposed (Statistical Purposes),20100423,20100708
6,15016484,Harvest Credit Management Vii,1066SP000184,Supplementary Process,Disposed (Statistical Purposes),20100518,20110119
7,15105044,Harvest Credit Management Vii,1017SP000187,Supplementary Process,Disposed (Statistical Purposes),20101012,20110908
8,15163084,Harvest Credit Management Vii,1032CV000282,Civil,Disposed (Statistical Purposes),20100209,20100420
9,15170901,Harvest Credit Management Vii,1087SP000073,Supplementary Process,Disposed (Statistical Purposes),20100510,20100618
10,15386787,Harvest Credit Management Vii,1121SP000258,Supplementary Process,Disposed (Statistical Purposes),20111107,20120322
11,15443346,Harvest Credit Management Vii,1023CV001294,Civil,Disposed (Statistical Purposes),20100524,20100817
12,15453645,Harvest Credit Management Vii,1023SP000662,Supplementary Process,Disposed (Statistical Purposes),20100524,20100630
13,15466543,Harvest Credit Management Vii,1023SP000671,Supplementary Process,Disposed (Statistical Purposes),20100524,20100630
14,15473040,Harvest Credit Management Vii,1023SP000679,Supplementary Process,Disposed (Statistical Purposes),20100524,20100621
15,15495105,Harvest Credit Management Vii,1033CV000868,Civil,Disposed (Statistical Purposes),20100524,20100729
16,15495477,Harvest Credit Management Vii,1033CV000869,Civil,Disposed (Statistical Purposes),20100524,20100524
17,15496051,Harvest Credit Management Vii,1033CV000870,Civil,Disposed (Statistical Purposes),20100524,20100721
18,15544598,Harvest Credit Management Vii,1033SC001671,Small Claims,Disposed (Statistical Purposes),20100607,20100707
19,15700662,Harvest Credit Management Vii,1022SP000155,Supplementary Process,Disposed (Statistical Purposes),20100525,20100722
20,15703155,Harvest Credit Management Vii,1022SP000159,Supplementary Process,Disposed (Statistical Purposes),20100525,20101202
21,15834820,Harvest Credit Management Vii,1012CV000191,Civil,Disposed (Statistical Purposes),20100422,20100628
22,15854909,Harvest Credit Management Vii,1258CV000208,Civil,Disposed (Statistical Purposes),20120423,20130429
23,15910156,Harvest Credit Management Vii,1032SP000463,Supplementary Process,Disposed (Statistical Purposes),20100525,20100830
24,15924194,Harvest Credit Management Vii,1012CV000326,Civil,Disposed (Statistical Purposes),20100628,20100817
25,15927162,Harvest Credit Management Vii,1032CV000966,Civil,Disposed (Statistical Purposes),20100525,20100719
26,15992680,Harvest Credit Management Vii,1045SP000103,Supplementary Process,Disposed (Statistical Purposes),20100510,20100701
27,16019974,Harvest Credit Management Vii,1045SP000110,Supplementary Process,Disposed (Statistical Purposes),20100524,20100729
28,16020447,Harvest Credit Management Vii,1045SP000111,Supplementary Process,Disposed (Statistical Purposes),20100524,20100729
29,16189555,Harvest Credit Management Vii,1018SP001282,Supplementary Process,Disposed (Statistical Purposes),20101126,20110329
30,16241081,Harvest Credit Management Vii,1023CV001680,Civil,Disposed (Statistical Purposes),20100629,20110518
31,16284456,Harvest Credit Management Vii,1138SP000129,Supplementary Process,Disposed (Statistical Purposes),20110328,20110609
32,16388040,Harvest Credit Management Vii,1069SP000247,Supplementary Process,Disposed (Statistical Purposes),20100712,20101208
33,16414142,Harvest Credit Management Vii,1061SP000204,Supplementary Process,Disposed (Statistical Purposes),20100719,20100901
34,16503728,Harvest Credit Management Vii,1026CV000222,Civil,Disposed (Statistical Purposes),20100421,20110322
35,16551653,Harvest Credit Management Vii,1026CV000255,Civil,Disposed (Statistical Purposes),20100510,20110121
36,16573622,Harvest Credit Management Vii,1061SP000305,Supplementary Process,Disposed (Statistical Purposes),20101004,20101110
37,16624315,Harvest Credit Management Vii,1043CV000092,Civil,Disposed (Statistical Purposes),20100208,20100510
38,16736300,Harvest Credit Management Vii,1158SP000138,Supplementary Process,Disposed (Statistical Purposes),20110329,20110519
39,16776327,Harvest Credit Management Vii,1043SP000215,Supplementary Process,Disposed (Statistical Purposes),20100524,20100804
40,16794116,Harvest Credit Management Vii,1043CV000442,Civil,Disposed (Statistical Purposes),20100614,20110516
41,16798037,Harvest Credit Management Vii,1332CV000902,Civil,Disposed (Statistical Purposes),20131126,20140812
42,16871203,Harvest Credit Management Vii,1086CV000323,Civil,Disposed (Statistical Purposes),20100510,20101207
43,16871541,Harvest Credit Management Vii,1086CV000324,Civil,Disposed (Statistical Purposes),20100510,20100903
44,16941954,Harvest Credit Management Vii,1086CV000362,Civil,Disposed (Statistical Purposes),20100524,20100903
45,17021422,Harvest Credit Management Vii,1027CV000043,Civil,Disposed (Statistical Purposes),20100125,20100406
46,17166400,Harvest Credit Management Vii,1132SP000208,Supplementary Process,Disposed (Statistical Purposes),20110321,20110513
47,17249046,Harvest Credit Management Vii,1059SP000048,Supplementary Process,Disposed (Statistical Purposes),20100125,20100809
48,17274099,Harvest Credit Management Vii,1489SP000040,Supplementary Process,Disposed (Statistical Purposes),20140317,20140609
49,17299463,Harvest Credit Management Vii,1250SP000330,Supplementary Process,Disposed (Statistical Purposes),20120605,20120802
0,17340980,Harvest Credit Management Vii,1070CV000122,Civil,Disposed (Statistical Purposes),20100510,20110210
1,17343918,Harvest Credit Management Vii,1070CV000123,Civil,Disposed (Statistical Purposes),20100510,20110210
2,17344280,Harvest Credit Management Vii,1049SP000128,Supplementary Process,Disposed (Statistical Purposes),20100315,20100429
3,17352364,Harvest Credit Management Vii,1010SP000638,Supplementary Process,Disposed (Statistical Purposes),20101015,20110215
4,17398620,Harvest Credit Management Vii,1070SP000068,Supplementary Process,Disposed (Statistical Purposes),20100524,20100729
5,17399294,Harvest Credit Management Vii,1070SP000069,Supplementary Process,Disposed (Statistical Purposes),20100524,20100728
6,17455103,Harvest Credit Management Vii,1056CV000438,Civil,Disposed (Statistical Purposes),20100218,20100420
7,17503915,Harvest Credit Management Vii,1486SP000125,Supplementary Process,Disposed (Statistical Purposes),20140825,20141021
8,17531911,Harvest Credit Management Vii,1049CV000707,Civil,Disposed (Statistical Purposes),20100524,20100716
9,17654336,Harvest Credit Management Vii,1029SP000108,Supplementary Process,Disposed (Statistical Purposes),20101224,20120223
10,17820102,Harvest Credit Management Vii,1203SP000075,Supplementary Process,Disposed (Statistical Purposes),20120607,20120914
11,18005695,Harvest Credit Management Vii,1208SP000083,Supplementary Process,Disposed (Statistical Purposes),20120730,20130215
12,18211124,Harvest Credit Management Vii,1006CV000115,Civil,Disposed (Statistical Purposes),20100208,20100429
13,18269333,Harvest Credit Management Vii,1006SP000472,Supplementary Process,Disposed (Statistical Purposes),20100712,20101230
14,18461591,Harvest Credit Management Vii,1106CV000061,Civil,Disposed (Statistical Purposes),20110118,20110909
15,18718929,Harvest Credit Management Vii,1107SP000823,Supplementary Process,Disposed (Statistical Purposes),20111031,20120216
16,18721693,Harvest Credit Management Vii,1006CV000435,Civil,Disposed (Statistical Purposes),20100510,20100719
17,18802546,Harvest Credit Management Vii,1006SP000137,Supplementary Process,Disposed (Statistical Purposes),20100224,20100614
18,18893460,Harvest Credit Management Vii,1205CV000107,Civil,Pending,20120423,20120423
19,19585780,Harvest Credit Management Vii,1107SP000228,Supplementary Process,Disposed (Statistical Purposes),20110328,20110505
20,19905595,Harvest Credit Management Vii,0908SC000384,Small Claims,Disposed (Statistical Purposes),20090916,20091210
21,20103591,Harvest Credit Management Vii,0808CV000446,Civil,Disposed (Statistical Purposes),20081027,20090226
22,20124904,Harvest Credit Management Vii,0908CV000038,Civil,Disposed (Statistical Purposes),20090202,20090626
23,20142771,Harvest Credit Management Vii,0807CV000254,Civil,Disposed (Statistical Purposes),20080211,20090513
24,20244994,Harvest Credit Management Vii,0707CV001069,Civil,Disposed (Statistical Purposes),20070924,20071127
25,20339798,Harvest Credit Management Vii,0802CV000411,Civil,Disposed (Statistical Purposes),20080529,20080729
26,20528775,Harvest Credit Management Vii,0807CV001792,Civil,Disposed (Statistical Purposes),20081027,20090120
27,20691164,Harvest Credit Management Vii,0634CV000947,Civil,Disposed (Statistical Purposes),20061204,20070131
28,20767586,Harvest Credit Management Vii,0706CV000449,Civil,Disposed (Statistical Purposes),20070521,20080509
29,20842442,Harvest Credit Management Vii,0706CV001001,Civil,Disposed (Statistical Purposes),20071126,20080212
30,21166361,Harvest Credit Management Vii,0808CV000353,Civil,Disposed (Statistical Purposes),20080902,20090120
31,21238775,Harvest Credit Management Vii,1507SP000227,Supplementary Process,Pending,20150724,20150724
32,21323616,Harvest Credit Management Vii,0834SP000225,Supplementary Process,Disposed (Statistical Purposes),20080609,20080911
33,21362406,Harvest Credit Management Vii,1507SP000288,Supplementary Process,Disposed (Statistical Purposes),20150909,20151203
34,21380350,Harvest Credit Management Vii,0907CV001237,Civil,Disposed (Statistical Purposes),20090928,20100105
35,21413210,Harvest Credit Management Vii,0906CV001185,Civil,Disposed (Statistical Purposes),20091013,20091224
36,21414276,Harvest Credit Management Vii,0906CV001186,Civil,Disposed (Statistical Purposes),20091013,20100105
37,21420433,Harvest Credit Management Vii,0906CV001187,Civil,Disposed (Statistical Purposes),20091013,20100105
38,21436328,Harvest Credit Management Vii,0748CV000703,Civil,Disposed (Statistical Purposes),20071217,20080430
39,21469779,Harvest Credit Management Vii,0815SP000595,Supplementary Process,Disposed (Statistical Purposes),20080623,20080806
40,21486277,Harvest Credit Management Vii,0934CV001105,Civil,Disposed (Statistical Purposes),20090803,20091027
41,21490376,Harvest Credit Management Vii,0906SC001509,Small Claims,Disposed (Statistical Purposes),20090916,20100315
42,21491285,Harvest Credit Management Vii,0906SC001511,Small Claims,Disposed (Statistical Purposes),20090915,20100315
43,21491715,Harvest Credit Management Vii,0948SP000296,Supplementary Process,Disposed (Statistical Purposes),20091028,20100121
44,21544689,Harvest Credit Management Vii,0815SP000594,Supplementary Process,Disposed (Statistical Purposes),20080623,20080806
45,21549423,Harvest Credit Management Vii,0934SC001274,Small Claims,Disposed (Statistical Purposes),20090914,20100107
46,21554654,Harvest Credit Management Vii,0852CV000601,Civil,Disposed (Statistical Purposes),20080505,20080723
47,21595024,Harvest Credit Management Vii,0934CV001392,Civil,Disposed (Statistical Purposes),20090928,20100405
48,21595718,Harvest Credit Management Vii,0934CV001391,Civil,Disposed (Statistical Purposes),20090928,20101012
49,21599169,Harvest Credit Management Vii,0934CV001393,Civil,Disposed (Statistical Purposes),20090928,20100519
0,21824971,Harvest Credit Management Vii,0707CV000117,Civil,Disposed (Statistical Purposes),20070201,20070327
1,21923804,Harvest Credit Management Vii,0715CV002555,Civil,Disposed (Statistical Purposes),20071005,20071116
2,21943466,Harvest Credit Management Vii,0948CV000488,Civil,Disposed (Statistical Purposes),20090803,20091029
3,21960932,Harvest Credit Management Vii,0925CV001195,Civil,Disposed (Statistical Purposes),20090713,20091221
4,21963175,Harvest Credit Management Vii,0948CV000627,Civil,Disposed (Statistical Purposes),20090928,20091230
5,21963609,Harvest Credit Management Vii,0948CV000628,Civil,Disposed (Statistical Purposes),20090928,20091208
6,22001420,Harvest Credit Management Vii,0715CV002948,Civil,Disposed (Statistical Purposes),20071123,20080115
7,22004952,Harvest Credit Management Vii,0715CV002947,Civil,Disposed (Statistical Purposes),20071123,20080115
8,22238625,Harvest Credit Management Vii,0815CV000042,Civil,Disposed (Statistical Purposes),20080104,20080225
9,22256155,Harvest Credit Management Vii,0925CV001655,Civil,Disposed (Statistical Purposes),20090929,20100506
10,22259626,Harvest Credit Management Vii,0925CV001654,Civil,Disposed (Statistical Purposes),20090929,20091215
11,22266533,Harvest Credit Management Vii,0752CV001602,Civil,Disposed (Statistical Purposes),20071119,20080118
12,22268081,Harvest Credit Management Vii,0815CV000390,Civil,Disposed (Statistical Purposes),20080211,20080929
13,22322164,Harvest Credit Management Vii,0806CV001233,Civil,Disposed (Statistical Purposes),20081024,20090113
14,22326614,Harvest Credit Management Vii,0806CV001232,Civil,Disposed (Statistical Purposes),20081024,20090417
15,22351174,Harvest Credit Management Vii,0734CV001094,Civil,Disposed (Statistical Purposes),20071109,20080115
16,22448625,Harvest Credit Management Vii,0906CV000152,Civil,Disposed (Statistical Purposes),20090202,20090428
17,22462912,Harvest Credit Management Vii,1515SP000453,Supplementary Process,Pending,20151124,20151124
18,22549419,Harvest Credit Management Vii,0902CV000251,Civil,Disposed (Statistical Purposes),20090512,20090720
19,22570409,Harvest Credit Management Vii,0906CV000358,Civil,Disposed (Statistical Purposes),20090309,20090527
20,22714404,Harvest Credit Management Vii,0934CV000145,Civil,Disposed (Statistical Purposes),20090202,20090413
21,22786895,Harvest Credit Management Vii,0834CV000118,Civil,Disposed (Statistical Purposes),20080204,20080715
22,22791447,Harvest Credit Management Vii,0834CV000119,Civil,Disposed (Statistical Purposes),20080204,20080422
23,23030826,Harvest Credit Management Vii,1514SP000275,Supplementary Process,Disposed (Statistical Purposes),20151124,20160204
24,23037506,Harvest Credit Management Vii,0906CV000599,Civil,Disposed (Statistical Purposes),20090526,20091007
25,23075997,Harvest Credit Management Vii,1652SP000018,Supplementary Process,Pending,20160308,20160308
26,23105345,Harvest Credit Management Vii,0834CV001323,Civil,Disposed (Statistical Purposes),20081024,20090105
27,23150480,Harvest Credit Management Vii,0948CV000175,Civil,Disposed (Statistical Purposes),20090309,20090601
28,23158643,Harvest Credit Management Vii,0825CV000190,Civil,Disposed (Statistical Purposes),20080205,20081120
29,23202146,Harvest Credit Management Vii,0906SC001042,Small Claims,Pending,20090608,20090608
30,23370651,Harvest Credit Management Vii,0968CV000604,Civil,Disposed (Statistical Purposes),20091221,20100415
31,23386101,Harvest Credit Management Vii,0925CV000235,Civil,Disposed (Statistical Purposes),20090202,20091104
32,23420524,Harvest Credit Management Vii,0848CV000644,Civil,Disposed (Statistical Purposes),20081027,20090325
33,23438821,Harvest Credit Management Vii,0848CV000646,Civil,Disposed (Statistical Purposes),20081027,20090105
34,23640996,Harvest Credit Management Vii,0925CV000475,Civil,Disposed (Statistical Purposes),20090310,20090806
35,23711351,Harvest Credit Management Vii,0925SC000703,Small Claims,Disposed (Statistical Purposes),20090318,20090630
36,23768469,Harvest Credit Management Vii,0920CV000586,Civil,Disposed (Statistical Purposes),20090817,20091117
37,23819667,Harvest Credit Management Vii,0954CV001534,Civil,Disposed (Statistical Purposes),20091123,20100218
38,23821090,Harvest Credit Management Vii,0847SC000417,Small Claims,Disposed (Statistical Purposes),20080626,20080812
39,23906013,Harvest Credit Management Vii,0920CV000698,Civil,Disposed (Statistical Purposes),20090928,20091207
40,23992869,Harvest Credit Management Vii,0854CV000534,Civil,Disposed (Statistical Purposes),20080428,20090203
41,24009684,Harvest Credit Management Vii,0652CV001469,Civil,Disposed (Statistical Purposes),20061204,20070124
42,24077362,Harvest Credit Management Vii,0752CV000577,Civil,Disposed (Statistical Purposes),20070501,20070618
43,24282430,Harvest Credit Management Vii,0714CV001333,Civil,Disposed (Statistical Purposes),20071224,20080229
44,24316280,Harvest Credit Management Vii,0714CV000107,Civil,Disposed (Statistical Purposes),20070129,20070502
45,24431476,Harvest Credit Management Vii,0815CV003727,Civil,Disposed (Statistical Purposes),20081212,20090424
46,24437034,Harvest Credit Management Vii,0952CV000336,Civil,Disposed (Statistical Purposes),20090313,20090527
47,24437458,Harvest Credit Management Vii,0720CV000823,Civil,Disposed (Statistical Purposes),20071119,20080115
48,24582357,Harvest Credit Management Vii,0914CV000361,Civil,Disposed (Statistical Purposes),20090310,20091229
49,24680714,Harvest Credit Management Vii,0820CV000075,Civil,Disposed (Statistical Purposes),20080205,20080422
0,24681942,Harvest Credit Management Vii,0820CV000076,Civil,Disposed (Statistical Purposes),20080205,20080813
1,24723565,Harvest Credit Management Vii,0920CV000079,Civil,Disposed (Statistical Purposes),20090202,20090416
2,24794703,Harvest Credit Management Vii,0932CV002374,Civil,Disposed (Statistical Purposes),20091124,20100210
3,24817627,Harvest Credit Management Vii,0964SC001747,Small Claims,Disposed (Statistical Purposes),20090914,20091112
4,24818579,Harvest Credit Management Vii,0964SC001746,Small Claims,Disposed (Statistical Purposes),20090914,20091112
5,24963189,Harvest Credit Management Vii,0969CV000482,Civil,Disposed (Statistical Purposes),20090713,20090930
6,24981725,Harvest Credit Management Vii,0969CV000483,Civil,Disposed (Statistical Purposes),20090713,20090928
7,24997244,Harvest Credit Management Vii,0969SC000870,Small Claims,Disposed (Statistical Purposes),20090818,20091001
8,25048509,Harvest Credit Management Vii,0968CV000052,Civil,Disposed (Statistical Purposes),20090202,20090414
9,25051530,Harvest Credit Management Vii,0968CV000048,Civil,Disposed (Statistical Purposes),20090202,20090414
10,25091003,Harvest Credit Management Vii,0969SC000957,Small Claims,Disposed (Statistical Purposes),20090915,20091021
11,25133551,Harvest Credit Management Vii,0947CV000078,Civil,Disposed (Statistical Purposes),20090202,20090414
12,25195136,Harvest Credit Management Vii,0998CV000472,Civil,Disposed (Statistical Purposes),20090817,20091118
13,25205004,Harvest Credit Management Vii,0998CV000473,Civil,Disposed (Statistical Purposes),20090817,20091118
14,25285521,Harvest Credit Management Vii,0764CV000951,Civil,Disposed (Statistical Purposes),20071119,20080319
15,25444291,Harvest Credit Management Vii,0889SP000099,Supplementary Process,Disposed (Statistical Purposes),20080401,20080516
16,25510024,Harvest Credit Management Vii,0764SC000809,Small Claims,Disposed (Statistical Purposes),20070502,20070620
17,25542029,Harvest Credit Management Vii,0932CV002012,Civil,Disposed (Statistical Purposes),20090930,20091223
18,25544369,Harvest Credit Management Vii,0932CV002013,Civil,Disposed (Statistical Purposes),20090930,20100125
19,25550000,Harvest Credit Management Vii,0798CV000519,Civil,Disposed (Statistical Purposes),20071119,20080124
20,25552806,Harvest Credit Management Vii,0816CV000313,Civil,Disposed (Statistical Purposes),20080502,20080725
21,25572829,Harvest Credit Management Vii,0932CV002011,Civil,Disposed (Statistical Purposes),20090930,20091223
22,25573715,Harvest Credit Management Vii,0932CV002010,Civil,Disposed (Statistical Purposes),20090930,20091223
23,25726678,Harvest Credit Management Vii,0798CV000055,Civil,Disposed (Statistical Purposes),20070129,20070713
24,25817205,Harvest Credit Management Vii,0989CV000937,Civil,Disposed (Statistical Purposes),20090928,20100901
25,25974525,Harvest Credit Management Vii,0916CV000585,Civil,Disposed (Statistical Purposes),20090817,20091104
26,25979127,Harvest Credit Management Vii,0969CV000082,Civil,Disposed (Statistical Purposes),20090202,20090611
27,25993624,Harvest Credit Management Vii,1516SP000075,Supplementary Process,Disposed (Statistical Purposes),20150803,20151130
28,26049480,Harvest Credit Management Vii,0732CV002230,Civil,Disposed (Statistical Purposes),20071227,20080310
29,26057119,Harvest Credit Management Vii,0732CV000605,Civil,Disposed (Statistical Purposes),20070409,20070531
30,26064776,Harvest Credit Management Vii,0732CV000574,Civil,Disposed (Statistical Purposes),20070402,20070531
31,26134968,Harvest Credit Management Vii,0949CV001017,Civil,Disposed (Statistical Purposes),20090713,20091019
32,26164346,Harvest Credit Management Vii,0789CV000830,Civil,Disposed (Statistical Purposes),20071119,20080111
33,26189005,Harvest Credit Management Vii,0789SC001386,Small Claims,Disposed (Statistical Purposes),20071203,20080122
34,26234364,Harvest Credit Management Vii,0998CV000143,Civil,Disposed (Statistical Purposes),20090309,20090512
35,26264320,Harvest Credit Management Vii,0716CV000703,Civil,Disposed (Statistical Purposes),20071121,20080227
36,26299321,Harvest Credit Management Vii,0732CV000828,Civil,Disposed (Statistical Purposes),20070521,20070710
37,26348674,Harvest Credit Management Vii,0938CV001576,Civil,Disposed (Statistical Purposes),20091221,20100430
38,26385163,Harvest Credit Management Vii,0949CV001182,Civil,Disposed (Statistical Purposes),20090817,20091112
39,26386603,Harvest Credit Management Vii,0949SC001314,Small Claims,Disposed (Statistical Purposes),20090817,20091102
40,26395161,Harvest Credit Management Vii,0949SC001313,Small Claims,Disposed (Statistical Purposes),20090817,20091102
41,26442057,Harvest Credit Management Vii,1563SP000041,Supplementary Process,Disposed (Statistical Purposes),20150922,20160303
42,26541733,Harvest Credit Management Vii,0949CV001390,Civil,Disposed (Statistical Purposes),20090928,20091210
43,26542388,Harvest Credit Management Vii,0949CV001392,Civil,Disposed (Statistical Purposes),20090928,20091210
44,26543127,Harvest Credit Management Vii,0949CV001391,Civil,Disposed (Statistical Purposes),20090928,20091210
45,26561502,Harvest Credit Management Vii,0749CV001551,Civil,Disposed (Statistical Purposes),20071224,20080310
46,26594047,Harvest Credit Management Vii,0963CV000313,Civil,Disposed (Statistical Purposes),20090817,20091110
47,26606783,Harvest Credit Management Vii,0989CV000230,Civil,Disposed (Statistical Purposes),20090309,20090511
48,26640314,Harvest Credit Management Vii,0939SC000473,Small Claims,Disposed (Statistical Purposes),20090817,20091201
49,26641162,Harvest Credit Management Vii,0939SC000474,Small Claims,Disposed (Statistical Purposes),20090817,20091001
0,26676986,Harvest Credit Management Vii,0963CV000370,Civil,Disposed (Statistical Purposes),20090928,20100210
1,26727486,Harvest Credit Management Vii,0939CV000412,Civil,Disposed (Statistical Purposes),20090928,20091208
2,26765996,Harvest Credit Management Vii,0941SC000599,Small Claims,Disposed (Statistical Purposes),20090817,20090910
3,26861265,Harvest Credit Management Vii,0938SC001112,Small Claims,Disposed (Statistical Purposes),20090818,20091204
4,26866435,Harvest Credit Management Vii,0938CV001064,Civil,Disposed (Statistical Purposes),20090818,20100127
5,26867281,Harvest Credit Management Vii,0938SC001111,Small Claims,Disposed (Statistical Purposes),20090818,20101013
6,26875695,Harvest Credit Management Vii,0938CV001065,Civil,Disposed (Statistical Purposes),20090818,20091229
7,26933927,Harvest Credit Management Vii,0938SC001259,Small Claims,Disposed (Statistical Purposes),20090914,20091020
8,26967169,Harvest Credit Management Vii,0647CV000587,Civil,Disposed (Statistical Purposes),20061226,20070226
9,26996627,Harvest Credit Management Vii,0938CV001265,Civil,Disposed (Statistical Purposes),20090928,20091210
10,26998918,Harvest Credit Management Vii,0938CV001264,Civil,Disposed (Statistical Purposes),20090928,20100203
11,26999957,Harvest Credit Management Vii,0938CV001263,Civil,Disposed (Statistical Purposes),20090928,20100203
12,27004687,Harvest Credit Management Vii,0763CV000084,Civil,Disposed (Statistical Purposes),20070313,20070514
13,27006838,Harvest Credit Management Vii,0938CV001266,Civil,Disposed (Statistical Purposes),20090928,20100203
14,27011735,Harvest Credit Management Vii,0918CV002408,Civil,Disposed (Statistical Purposes),20091123,20100210
15,27055266,Harvest Credit Management Vii,0916CV000209,Civil,Disposed (Statistical Purposes),20090309,20090520
16,27078738,Harvest Credit Management Vii,0916CV000208,Civil,Disposed (Statistical Purposes),20090309,20091229
17,27092194,Harvest Credit Management Vii,0814CV001368,Civil,Disposed (Statistical Purposes),20081014,20090105
18,27136098,Harvest Credit Management Vii,0741CV000521,Civil,Disposed (Statistical Purposes),20071120,20080125
19,27163652,Harvest Credit Management Vii,0918CV002614,Civil,Disposed (Statistical Purposes),20091221,20100602
20,27178178,Harvest Credit Management Vii,0749CV000581,Civil,Disposed (Statistical Purposes),20070521,20070716
21,27310188,Harvest Credit Management Vii,0741CV000048,Civil,Disposed (Statistical Purposes),20070129,20070319
22,27430331,Harvest Credit Management Vii,0849SC001439,Small Claims,Disposed (Statistical Purposes),20080929,20090205
23,27433435,Harvest Credit Management Vii,0949CV000403,Civil,Disposed (Statistical Purposes),20090309,20090609
24,27490348,Harvest Credit Management Vii,0917CV000345,Civil,Disposed (Statistical Purposes),20090817,20091127
25,27491375,Harvest Credit Management Vii,0917CV000346,Civil,Disposed (Statistical Purposes),20090817,20091127
26,27642665,Harvest Credit Management Vii,0820CV000806,Civil,Disposed (Statistical Purposes),20081027,20081226
27,27705408,Harvest Credit Management Vii,0741CV000201,Civil,Disposed (Statistical Purposes),20070507,20070802
28,27741745,Harvest Credit Management Vii,0818CV000887,Civil,Disposed (Statistical Purposes),20080502,20080911
29,27746714,Harvest Credit Management Vii,0741CV000248,Civil,Disposed (Statistical Purposes),20070611,20071231
30,27751788,Harvest Credit Management Vii,0963CV000107,Civil,Disposed (Statistical Purposes),20090309,20090813
31,27999614,Harvest Credit Management Vii,0941CV000059,Civil,Disposed (Statistical Purposes),20090204,20100223
32,28003200,Harvest Credit Management Vii,0868SC000585,Small Claims,Disposed (Statistical Purposes),20081112,20090224
33,28014657,Harvest Credit Management Vii,0947CV000258,Civil,Disposed (Statistical Purposes),20090511,20090702
34,28085741,Harvest Credit Management Vii,0717SC000923,Small Claims,Disposed (Statistical Purposes),20071204,20080204
35,28117165,Harvest Credit Management Vii,0941CV000133,Civil,Disposed (Statistical Purposes),20090309,20091119
36,28125489,Harvest Credit Management Vii,0918CV002043,Civil,Disposed (Statistical Purposes),20090928,20100628
37,28143677,Harvest Credit Management Vii,0918CV002041,Civil,Disposed (Statistical Purposes),20090928,20100113
38,28147106,Harvest Credit Management Vii,0918CV002042,Civil,Disposed (Statistical Purposes),20090928,20100113
39,28150140,Harvest Credit Management Vii,0918CV002044,Civil,Disposed (Statistical Purposes),20090928,20100114
40,28196634,Harvest Credit Management Vii,0847CV000603,Civil,Disposed (Statistical Purposes),20081027,20090818
41,28297175,Harvest Credit Management Vii,0938CV000175,Civil,Disposed (Statistical Purposes),20090202,20090708
42,28307667,Harvest Credit Management Vii,0938CV000179,Civil,Disposed (Statistical Purposes),20090202,20090313
43,28395598,Harvest Credit Management Vii,0854CV001378,Civil,Disposed (Statistical Purposes),20081014,20081222
44,28411897,Harvest Credit Management Vii,0854CV001385,Civil,Disposed (Statistical Purposes),20081014,20090121
45,28443898,Harvest Credit Management Vii,0961SC001145,Small Claims,Disposed (Statistical Purposes),20090817,20091006
46,28449218,Harvest Credit Management Vii,0961CV000583,Civil,Disposed (Statistical Purposes),20090817,20091027
47,28454587,Harvest Credit Management Vii,0758SP000116,Supplementary Process,Disposed (Statistical Purposes),20070501,20070621
48,28581690,Harvest Credit Management Vii,0961CV000691,Civil,Disposed (Statistical Purposes),20090928,20100204
49,28717705,Harvest Credit Management Vii,0964CV000498,Civil,Disposed (Statistical Purposes),20090511,20090731
0,28739653,Harvest Credit Management Vii,0964CV000499,Civil,Disposed (Statistical Purposes),20090511,20090916
1,28779687,Harvest Credit Management Vii,0964CV000564,Civil,Disposed (Statistical Purposes),20090526,20090819
2,28808060,Harvest Credit Management Vii,0864CV001009,Civil,Disposed (Statistical Purposes),20081014,20081217
3,28822653,Harvest Credit Management Vii,0864CV001004,Civil,Disposed (Statistical Purposes),20081014,20090729
4,28841558,Harvest Credit Management Vii,0714CV000709,Civil,Disposed (Statistical Purposes),20070720,20070920
5,29189926,Harvest Credit Management Vii,0761CV000616,Civil,Disposed (Statistical Purposes),20071119,20080211
6,29251268,Harvest Credit Management Vii,0858CV000126,Civil,Disposed (Statistical Purposes),20080211,20080512
7,29272202,Harvest Credit Management Vii,0940SC000041,Small Claims,Disposed (Statistical Purposes),20090224,20090417
8,29586281,Harvest Credit Management Vii,0950CV001643,Civil,Disposed (Statistical Purposes),20090819,20091103
9,29590163,Harvest Credit Management Vii,0950CV001644,Civil,Disposed (Statistical Purposes),20090819,20091103
10,29651849,Harvest Credit Management Vii,0918CV000590,Civil,Disposed (Statistical Purposes),20090309,20090630
11,29656143,Harvest Credit Management Vii,0918CV000589,Civil,Disposed (Statistical Purposes),20090309,20090629
12,29681694,Harvest Credit Management Vii,0649CV001250,Civil,Disposed (Statistical Purposes),20061226,20070426
13,29799819,Harvest Credit Management Vii,0932CV001016,Civil,Disposed (Statistical Purposes),20090514,20090708
14,29809497,Harvest Credit Management Vii,0932CV001017,Civil,Disposed (Statistical Purposes),20090514,20090708
15,29868897,Harvest Credit Management Vii,0818CV000295,Civil,Disposed (Statistical Purposes),20080211,20080502
16,30052317,Harvest Credit Management Vii,0921CV000515,Civil,Disposed (Statistical Purposes),20090713,20090925
17,30104200,Harvest Credit Management Vii,0921CV000576,Civil,Disposed (Statistical Purposes),20090819,20091218
18,30116392,Harvest Credit Management Vii,0921CV000577,Civil,Disposed (Statistical Purposes),20090819,20091207
19,30194331,Harvest Credit Management Vii,0966CV000572,Civil,Disposed (Statistical Purposes),20090713,20091116
20,30283465,Harvest Credit Management Vii,0932CV001391,Civil,Disposed (Statistical Purposes),20090630,20090915
21,30328320,Harvest Credit Management Vii,1566CV000146,Civil,Disposed (Statistical Purposes),20150522,20150615
22,30417614,Harvest Credit Management Vii,1587SP000029,Supplementary Process,Disposed (Statistical Purposes),20150610,20150826
23,30454546,Harvest Credit Management Vii,0764CV000618,Civil,Disposed (Statistical Purposes),20070730,20070925
24,30595165,Harvest Credit Management Vii,0922CV000853,Civil,Disposed (Statistical Purposes),20091221,20140513
25,30686003,Harvest Credit Management Vii,0617CV000386,Civil,Disposed (Statistical Purposes),20061204,20070118
26,30686459,Harvest Credit Management Vii,0769CV000419,Civil,Disposed (Statistical Purposes),20070730,20070918
27,30866734,Harvest Credit Management Vii,0750CV000166,Civil,Disposed (Statistical Purposes),20070129,20070328
28,30949637,Harvest Credit Management Vii,0721CV000789,Civil,Disposed (Statistical Purposes),20071227,20080507
29,31009272,Harvest Credit Management Vii,0966CV000666,Civil,Disposed (Statistical Purposes),20090817,20091102
30,31012047,Harvest Credit Management Vii,0966SC000633,Small Claims,Disposed (Statistical Purposes),20090817,20100413
31,31015503,Harvest Credit Management Vii,0966CV000667,Civil,Disposed (Statistical Purposes),20090817,20091116
32,31037690,Harvest Credit Management Vii,0766CV000801,Civil,Disposed (Statistical Purposes),20071119,20080117
33,31067264,Harvest Credit Management Vii,0966CV000793,Civil,Disposed (Statistical Purposes),20090928,20100916
34,31070597,Harvest Credit Management Vii,0966CV000794,Civil,Disposed (Statistical Purposes),20090928,20100609
35,31072263,Harvest Credit Management Vii,0618CV001630,Civil,Disposed (Statistical Purposes),20061204,20070119
36,31161533,Harvest Credit Management Vii,0732CV001302,Civil,Disposed (Statistical Purposes),20070731,20070917
37,31246767,Harvest Credit Management Vii,0850CV001527,Civil,Disposed (Statistical Purposes),20080717,20081208
38,31247864,Harvest Credit Management Vii,0850CV000328,Civil,Disposed (Statistical Purposes),20080211,20080428
39,31256077,Harvest Credit Management Vii,0987CV000221,Civil,Disposed (Statistical Purposes),20090817,20091020
40,31258735,Harvest Credit Management Vii,0987CV000222,Civil,Disposed (Statistical Purposes),20090817,20091020
41,31383170,Harvest Credit Management Vii,0787CV000248,Civil,Disposed (Statistical Purposes),20071001,20071120
42,31384585,Harvest Credit Management Vii,0787SC000522,Small Claims,Disposed (Statistical Purposes),20071003,20071108
43,31473798,Harvest Credit Management Vii,0950CV000511,Civil,Disposed (Statistical Purposes),20090310,20090513
44,31696512,Harvest Credit Management Vii,0933CV001888,Civil,Disposed (Statistical Purposes),20090928,20100106
45,31825522,Harvest Credit Management Vii,0921CV000195,Civil,Disposed (Statistical Purposes),20090309,20090529
46,31838621,Harvest Credit Management Vii,0921CV000194,Civil,Disposed (Statistical Purposes),20090309,20091117
47,31845215,Harvest Credit Management Vii,0733CV001958,Civil,Disposed (Statistical Purposes),20071119,20080709
48,31851588,Harvest Credit Management Vii,0922CV000562,Civil,Disposed (Statistical Purposes),20090817,20091207
49,31853638,Harvest Credit Management Vii,0922CV000561,Civil,Disposed (Statistical Purposes),20090817,20091228
0,31859189,Harvest Credit Management Vii,0922CV000560,Civil,Disposed (Statistical Purposes),20090817,20091214
1,31993780,Harvest Credit Management Vii,0922CV000667,Civil,Disposed (Statistical Purposes),20090928,20091223
2,32063639,Harvest Credit Management Vii,0733SP000817,Supplementary Process,Disposed (Statistical Purposes),20071231,20080505
3,32140514,Harvest Credit Management Vii,0966CV000226,Civil,Disposed (Statistical Purposes),20090309,20090520
4,32180018,Harvest Credit Management Vii,0912SC000694,Small Claims,Disposed (Statistical Purposes),20090916,20100114
5,32215662,Harvest Credit Management Vii,0945SP000162,Supplementary Process,Disposed (Statistical Purposes),20090703,20090821
6,32239100,Harvest Credit Management Vii,0927CV000865,Civil,Disposed (Statistical Purposes),20091124,20100218
7,32355634,Harvest Credit Management Vii,0816SC001008,Small Claims,Disposed (Statistical Purposes),20081105,20081222
8,32437485,Harvest Credit Management Vii,0959SP000881,Supplementary Process,Disposed (Statistical Purposes),20091028,20100122
9,32477062,Harvest Credit Management Vii,0958CV000576,Civil,Disposed (Statistical Purposes),20090512,20090625
10,32536270,Harvest Credit Management Vii,0833CV000238,Civil,Disposed (Statistical Purposes),20080211,20080428
11,32545614,Harvest Credit Management Vii,0833CV000237,Civil,Disposed (Statistical Purposes),20080211,20080428
12,32548649,Harvest Credit Management Vii,0958CV000613,Civil,Disposed (Statistical Purposes),20090602,20090713
13,32556612,Harvest Credit Management Vii,0833CV000236,Civil,Disposed (Statistical Purposes),20080211,20080428
14,32695453,Harvest Credit Management Vii,0763SP000112,Supplementary Process,Disposed (Statistical Purposes),20070926,20071115
15,32798671,Harvest Credit Management Vii,0945SC000722,Small Claims,Disposed (Statistical Purposes),20090817,20091007
16,32814613,Harvest Credit Management Vii,0945SC000721,Small Claims,Disposed (Statistical Purposes),20090818,20091016
17,32886370,Harvest Credit Management Vii,0945CV000524,Civil,Disposed (Statistical Purposes),20090928,20091208
18,32950793,Harvest Credit Management Vii,0922CV000172,Civil,Disposed (Statistical Purposes),20090309,20090805
19,32953930,Harvest Credit Management Vii,0728CV000343,Civil,Disposed (Statistical Purposes),20071029,20071218
20,32955791,Harvest Credit Management Vii,0928CV000244,Civil,Disposed (Statistical Purposes),20090713,20091019
21,32985014,Harvest Credit Management Vii,0940SP000057,Supplementary Process,Disposed (Statistical Purposes),20090608,20090724
22,32991490,Harvest Credit Management Vii,0743CV000235,Civil,Disposed (Statistical Purposes),20070501,20070705
23,32995395,Harvest Credit Management Vii,0743CV000234,Civil,Disposed (Statistical Purposes),20070501,20070827
24,33025658,Harvest Credit Management Vii,0928CV000330,Civil,Disposed (Statistical Purposes),20090928,20091209
25,33028903,Harvest Credit Management Vii,0743CV000268,Civil,Disposed (Statistical Purposes),20070521,20070710
26,33090502,Harvest Credit Management Vii,0918CV001034,Civil,Disposed (Statistical Purposes),20090511,20090917
27,33091355,Harvest Credit Management Vii,0918CV001033,Civil,Disposed (Statistical Purposes),20090511,20090820
28,33250623,Harvest Credit Management Vii,0912CV000063,Civil,Disposed (Statistical Purposes),20090205,20090430
29,33389660,Harvest Credit Management Vii,0945CV000070,Civil,Disposed (Statistical Purposes),20090202,20090414
30,33423808,Harvest Credit Management Vii,0838SC001191,Small Claims,Disposed (Statistical Purposes),20081021,20090209
31,33486713,Harvest Credit Management Vii,0936CV002066,Civil,Disposed (Statistical Purposes),20091223,20100303
32,33501977,Harvest Credit Management Vii,1562CV001470,Civil,Pending,20151123,20151123
33,33575603,Harvest Credit Management Vii,0943SC001011,Small Claims,Disposed (Statistical Purposes),20090817,20091009
34,33579890,Harvest Credit Management Vii,0943CV000649,Civil,Disposed (Statistical Purposes),20090817,20100119
35,33580822,Harvest Credit Management Vii,0943CV000647,Civil,Disposed (Statistical Purposes),20090817,20100119
36,33595321,Harvest Credit Management Vii,0943CV000648,Civil,Disposed (Statistical Purposes),20090817,20091215
37,33606287,Harvest Credit Management Vii,0740CV000124,Civil,Disposed (Statistical Purposes),20070730,20070925
38,33630331,Harvest Credit Management Vii,0838CV001368,Civil,Disposed (Statistical Purposes),20081208,20090311
39,33705601,Harvest Credit Management Vii,1557SP000167,Supplementary Process,Disposed (Statistical Purposes),20151026,20151203
40,33888479,Harvest Credit Management Vii,0718CV001398,Civil,Disposed (Statistical Purposes),20070730,20070925
41,34129093,Harvest Credit Management Vii,0786CV000898,Civil,Disposed (Statistical Purposes),20071224,20080305
42,34173585,Harvest Credit Management Vii,0943CV000097,Civil,Disposed (Statistical Purposes),20090202,20090527
43,34239564,Harvest Credit Management Vii,0943CV000211,Civil,Disposed (Statistical Purposes),20090309,20090804
44,34277752,Harvest Credit Management Vii,0650CV001815,Civil,Disposed (Statistical Purposes),20061204,20070123
45,34286820,Harvest Credit Management Vii,0650CV001816,Civil,Disposed (Statistical Purposes),20061204,20070117
46,34318572,Harvest Credit Management Vii,0727CV000703,Civil,Disposed (Statistical Purposes),20071119,20080116
47,34381362,Harvest Credit Management Vii,0840CV000164,Civil,Disposed (Statistical Purposes),20081014,20090120
48,34383546,Harvest Credit Management Vii,0727CV000092,Civil,Disposed (Statistical Purposes),20070212,20070326
49,34452231,Harvest Credit Management Vii,0886CV000453,Civil,Disposed (Statistical Purposes),20080630,20090528
0,34517357,Harvest Credit Management Vii,0759CV000554,Civil,Disposed (Statistical Purposes),20070501,20070820
1,34644778,Harvest Credit Management Vii,0759CV001505,Civil,Disposed (Statistical Purposes),20071119,20080205
2,34680050,Harvest Credit Management Vii,0956CV002681,Civil,Disposed (Statistical Purposes),20090817,20091224
3,34803873,Harvest Credit Management Vii,0761CV000475,Civil,Disposed (Statistical Purposes),20070917,20071113
4,34854512,Harvest Credit Management Vii,0956CV003138,Civil,Disposed (Statistical Purposes),20090928,20100608
5,34856235,Harvest Credit Management Vii,0956CV003139,Civil,Disposed (Statistical Purposes),20090928,20091207
6,34889417,Harvest Credit Management Vii,0956CV003137,Civil,Disposed (Statistical Purposes),20090928,20091207
7,34899611,Harvest Credit Management Vii,0927CV000094,Civil,Disposed (Statistical Purposes),20090202,20090331
8,34909242,Harvest Credit Management Vii,0956CV003140,Civil,Disposed (Statistical Purposes),20090928,20100326
9,34922115,Harvest Credit Management Vii,0927CV000095,Civil,Disposed (Statistical Purposes),20090202,20090414
10,34922705,Harvest Credit Management Vii,0861SC001410,Small Claims,Disposed (Statistical Purposes),20081110,20081230
11,35122364,Harvest Credit Management Vii,1523SP000421,Supplementary Process,Pending,20150728,20150728
12,35136537,Harvest Credit Management Vii,0936CV001320,Civil,Disposed (Statistical Purposes),20090819,20091026
13,35145764,Harvest Credit Management Vii,0936SC001236,Small Claims,Disposed (Statistical Purposes),20090820,20100519
14,35147002,Harvest Credit Management Vii,0936SC001238,Small Claims,Disposed (Statistical Purposes),20090820,20090918
15,35162106,Harvest Credit Management Vii,0756CV000255,Civil,Disposed (Statistical Purposes),20070130,20070321
16,35184264,Harvest Credit Management Vii,0950SP000322,Supplementary Process,Disposed (Statistical Purposes),20090423,20090724
17,35198363,Harvest Credit Management Vii,0756SP001404,Supplementary Process,Disposed (Statistical Purposes),20071217,20080205
18,35313986,Harvest Credit Management Vii,0936SC001363,Small Claims,Disposed (Statistical Purposes),20090917,20091021
19,35343875,Harvest Credit Management Vii,0936SC001365,Small Claims,Disposed (Statistical Purposes),20090917,20091021
20,35495672,Harvest Credit Management Vii,0959CV000244,Civil,Disposed (Statistical Purposes),20090203,20090615
21,35529786,Harvest Credit Management Vii,0921SC000336,Small Claims,Disposed (Statistical Purposes),20090422,20090807
22,35708997,Harvest Credit Management Vii,0910SC001453,Small Claims,Disposed (Statistical Purposes),20090814,20091005
23,35817707,Harvest Credit Management Vii,1565CV000136,Civil,Disposed (Statistical Purposes),20150629,20150828
24,35885924,Harvest Credit Management Vii,0910SP000660,Supplementary Process,Disposed (Statistical Purposes),20090916,20091222
25,35945576,Harvest Credit Management Vii,0710CV001362,Civil,Disposed (Statistical Purposes),20071123,20080407
26,35995612,Harvest Credit Management Vii,0929CV000174,Civil,Disposed (Statistical Purposes),20090817,20090817
27,36012792,Harvest Credit Management Vii,0859CV000215,Civil,Disposed (Statistical Purposes),20080213,20080501
28,36030505,Harvest Credit Management Vii,0936CV000438,Civil,Disposed (Statistical Purposes),20090309,20090804
29,36082795,Harvest Credit Management Vii,0936CV000436,Civil,Disposed (Statistical Purposes),20090309,20090511
30,36087401,Harvest Credit Management Vii,0936CV000437,Civil,Disposed (Statistical Purposes),20090309,20090717
31,36130772,Harvest Credit Management Vii,0755CV000730,Civil,Disposed (Statistical Purposes),20071003,20071123
32,36191784,Harvest Credit Management Vii,0955CV000818,Civil,Disposed (Statistical Purposes),20090928,20091214
33,36200007,Harvest Credit Management Vii,0955CV000819,Civil,Disposed (Statistical Purposes),20090928,20091203
34,36255204,Harvest Credit Management Vii,0721CV000552,Civil,Disposed (Statistical Purposes),20070919,20071231
35,36331956,Harvest Credit Management Vii,0922CV000321,Civil,Disposed (Statistical Purposes),20090511,20091111
36,36387967,Harvest Credit Management Vii,0755CV000981,Civil,Disposed (Statistical Purposes),20071224,20080219
37,36495536,Harvest Credit Management Vii,0887CV000282,Civil,Disposed (Statistical Purposes),20081030,20090113
38,36586363,Harvest Credit Management Vii,0833SC004188,Small Claims,Disposed (Statistical Purposes),20081010,20081119
39,36591199,Harvest Credit Management Vii,0833SC004190,Small Claims,Disposed (Statistical Purposes),20081010,20081119
40,36646201,Harvest Credit Management Vii,0833SC004189,Small Claims,Disposed (Statistical Purposes),20081010,20081119
41,36699590,Harvest Credit Management Vii,0731CV001821,Civil,Disposed (Statistical Purposes),20071227,20080527
42,36763345,Harvest Credit Management Vii,0929CV000071,Civil,Disposed (Statistical Purposes),20090309,20090427
43,36791942,Harvest Credit Management Vii,1631SP000039,Supplementary Process,Pending,20160314,20160314
44,36796891,Harvest Credit Management Vii,0765CV000573,Civil,Disposed (Statistical Purposes),20071123,20080226
45,36809574,Harvest Credit Management Vii,0765CV000574,Civil,Disposed (Statistical Purposes),20071123,20080228
46,36827232,Harvest Credit Management Vii,0965CV000529,Civil,Disposed (Statistical Purposes),20090817,20091229
47,36858233,Harvest Credit Management Vii,0945CV000357,Civil,Disposed (Statistical Purposes),20090629,20090902
48,36909425,Harvest Credit Management Vii,0953CV002221,Civil,Disposed (Statistical Purposes),20091221,20100322
49,36915615,Harvest Credit Management Vii,0965CV000618,Civil,Disposed (Statistical Purposes),20090928,20100210
0,36972993,Harvest Credit Management Vii,0822SC000849,Small Claims,Disposed (Statistical Purposes),20081010,20081211
1,36973752,Harvest Credit Management Vii,0965CV000617,Civil,Disposed (Statistical Purposes),20090928,20100210
2,36975357,Harvest Credit Management Vii,0822SC000848,Small Claims,Disposed (Statistical Purposes),20081010,20081211
3,36975745,Harvest Credit Management Vii,0928CV000192,Civil,Disposed (Statistical Purposes),20090527,20090930
4,37015692,Harvest Credit Management Vii,0733CV001665,Civil,Disposed (Statistical Purposes),20071001,20071123
5,37112777,Harvest Credit Management Vii,0822CV000779,Civil,Disposed (Statistical Purposes),20081208,20090313
6,37130317,Harvest Credit Management Vii,0955CV000105,Civil,Disposed (Statistical Purposes),20090202,20090715
7,37239781,Harvest Credit Management Vii,0951CV000859,Civil,Disposed (Statistical Purposes),20090929,20100706
8,37242043,Harvest Credit Management Vii,0951CV000857,Civil,Disposed (Statistical Purposes),20090929,20091222
9,37248354,Harvest Credit Management Vii,0955CV000236,Civil,Disposed (Statistical Purposes),20090309,20090519
10,37288117,Harvest Credit Management Vii,0751CV000097,Civil,Disposed (Statistical Purposes),20070129,20070626
11,37371329,Harvest Credit Management Vii,0845CV000686,Civil,Disposed (Statistical Purposes),20081027,20081230
12,37417287,Harvest Credit Management Vii,0760SP000441,Supplementary Process,Disposed (Statistical Purposes),20071217,20080221
13,37463978,Harvest Credit Management Vii,0931CV000227,Civil,Disposed (Statistical Purposes),20090202,20090504
14,37597622,Harvest Credit Management Vii,0767SP000222,Supplementary Process,Disposed (Statistical Purposes),20071113,20080229
15,37609035,Harvest Credit Management Vii,0760CV000080,Civil,Disposed (Statistical Purposes),20070130,20070319
16,37612698,Harvest Credit Management Vii,0931CV000471,Civil,Disposed (Statistical Purposes),20090309,20090608
17,37615602,Harvest Credit Management Vii,0931CV000469,Civil,Disposed (Statistical Purposes),20090309,20090515
18,37630631,Harvest Credit Management Vii,0931CV000470,Civil,Disposed (Statistical Purposes),20090309,20090505
19,37661690,Harvest Credit Management Vii,0931CV000472,Civil,Disposed (Statistical Purposes),20090309,20090813
20,37690900,Harvest Credit Management Vii,0842CV000298,Civil,Disposed (Statistical Purposes),20081029,20090112
21,37691218,Harvest Credit Management Vii,0767CV001030,Civil,Disposed (Statistical Purposes),20071226,20080418
22,37709547,Harvest Credit Management Vii,0967CV000638,Civil,Disposed (Statistical Purposes),20090817,20091113
23,37711467,Harvest Credit Management Vii,0831CV000214,Civil,Disposed (Statistical Purposes),20080211,20080530
24,37733225,Harvest Credit Management Vii,0831CV000213,Civil,Disposed (Statistical Purposes),20080211,20081202
25,37752954,Harvest Credit Management Vii,0842CV000354,Civil,Disposed (Statistical Purposes),20081208,20090324
26,37798251,Harvest Credit Management Vii,0744CV000319,Civil,Disposed (Statistical Purposes),20070521,20070813
27,37951514,Harvest Credit Management Vii,0944SC001008,Small Claims,Disposed (Statistical Purposes),20090817,20091216
28,37953027,Harvest Credit Management Vii,0944CV000664,Civil,Disposed (Statistical Purposes),20090817,20100312
29,38100612,Harvest Credit Management Vii,0843CV000816,Civil,Disposed (Statistical Purposes),20081027,20090319
30,38155725,Harvest Credit Management Vii,0843CV000815,Civil,Disposed (Statistical Purposes),20081027,20090319
31,38198233,Harvest Credit Management Vii,0970CV000260,Civil,Disposed (Statistical Purposes),20090929,20091231
32,38224373,Harvest Credit Management Vii,0953SC001407,Small Claims,Disposed (Statistical Purposes),20090803,20091203
33,38253709,Harvest Credit Management Vii,0753CV001708,Civil,Disposed (Statistical Purposes),20071123,20080214
34,38293131,Harvest Credit Management Vii,0953CV001474,Civil,Disposed (Statistical Purposes),20090817,20091210
35,38308425,Harvest Credit Management Vii,0953SC001492,Small Claims,Disposed (Statistical Purposes),20090817,20091008
36,38394597,Harvest Credit Management Vii,0762CV002958,Civil,Disposed (Statistical Purposes),20071002,20080214
37,38446775,Harvest Credit Management Vii,0610CV001328,Civil,Disposed (Statistical Purposes),20061204,20071024
38,38456903,Harvest Credit Management Vii,0629CV000193,Civil,Disposed (Statistical Purposes),20061204,20070116
39,38743445,Harvest Credit Management Vii,1551CV000352,Civil,Pending,20150811,20150811
40,38778141,Harvest Credit Management Vii,0855SP000094,Supplementary Process,Disposed (Statistical Purposes),20080430,20090326
41,38797449,Harvest Credit Management Vii,0851CV000129,Civil,Disposed (Statistical Purposes),20080211,20080507
42,38833395,Harvest Credit Management Vii,0762CV001474,Civil,Disposed (Statistical Purposes),20070521,20070629
43,38882600,Harvest Credit Management Vii,0962CV003100,Civil,Disposed (Statistical Purposes),20090928,20100104
44,38886855,Harvest Credit Management Vii,0962CV003101,Civil,Disposed (Statistical Purposes),20090928,20100104
45,38942203,Harvest Credit Management Vii,0886CV000737,Civil,Disposed (Statistical Purposes),20081014,20081230
46,38993699,Harvest Credit Management Vii,0944CV000233,Civil,Disposed (Statistical Purposes),20090309,20090515
47,39049256,Harvest Credit Management Vii,0860CV000114,Civil,Disposed (Statistical Purposes),20080211,20080414
48,39254852,Harvest Credit Management Vii,0827SC001474,Small Claims,Disposed (Statistical Purposes),20081010,20081119
49,39262517,Harvest Credit Management Vii,0957CV001163,Civil,Disposed (Statistical Purposes),20090928,20100324
0,39318741,Harvest Credit Management Vii,0827CV000839,Civil,Disposed (Statistical Purposes),20081027,20081226
1,39319588,Harvest Credit Management Vii,0957CV001164,Civil,Disposed (Statistical Purposes),20090928,20091110
2,39323036,Harvest Credit Management Vii,0665CV000490,Civil,Disposed (Statistical Purposes),20061204,20070109
3,39491553,Harvest Credit Management Vii,1544SP000102,Supplementary Process,Disposed (Statistical Purposes),20150923,20151113
4,39514653,Harvest Credit Management Vii,0943CV000382,Civil,Disposed (Statistical Purposes),20090511,20090812
5,39518280,Harvest Credit Management Vii,0943CV000383,Civil,Disposed (Statistical Purposes),20090511,20090924
6,39692824,Harvest Credit Management Vii,0943CV000446,Civil,Disposed (Statistical Purposes),20090601,20090812
7,39860242,Harvest Credit Management Vii,0962CV000871,Civil,Disposed (Statistical Purposes),20090309,20090604
8,39868223,Harvest Credit Management Vii,0962CV000872,Civil,Disposed (Statistical Purposes),20090309,20090604
9,40082657,Harvest Credit Management Vii,0960CV000327,Civil,Disposed (Statistical Purposes),20090309,20090428
10,40106419,Harvest Credit Management Vii,0762CV003519,Civil,Disposed (Statistical Purposes),20071126,20080605
11,40344915,Harvest Credit Management Vii,0644CV000613,Civil,Disposed (Statistical Purposes),20061226,20070227
12,40601605,Harvest Credit Management Vii,0862CV000453,Civil,Disposed (Statistical Purposes),20080211,20080521
13,40604676,Harvest Credit Management Vii,0862CV000452,Civil,Disposed (Statistical Purposes),20080211,20080612
14,40622258,Harvest Credit Management Vii,0862CV000451,Civil,Disposed (Statistical Purposes),20080211,20080521
15,40729842,Harvest Credit Management Vii,0851SP000258,Supplementary Process,Disposed (Statistical Purposes),20080730,20080911
16,40881433,Harvest Credit Management Vii,0959CV000888,Civil,Disposed (Statistical Purposes),20090511,20091105
17,40965875,Harvest Credit Management Vii,0856SC004076,Small Claims,Disposed (Statistical Purposes),20081010,20090129
18,41228848,Harvest Credit Management Vii,0755CV000556,Civil,Disposed (Statistical Purposes),20070730,20070919
19,41229472,Harvest Credit Management Vii,0755CV000557,Civil,Disposed (Statistical Purposes),20070730,20070919
20,41411598,Harvest Credit Management Vii,0810CV001425,Civil,Disposed (Statistical Purposes),20081024,20090407
21,41712142,Harvest Credit Management Vii,0829CV000212,Civil,Disposed (Statistical Purposes),20081031,20090105
22,41839833,Harvest Credit Management Vii,0929CV000127,Civil,Disposed (Statistical Purposes),20090526,20090817
23,41915266,Harvest Credit Management Vii,0923CV002037,Civil,Disposed (Statistical Purposes),20090630,20091008
24,42024292,Harvest Credit Management Vii,0767CV000671,Civil,Disposed (Statistical Purposes),20070731,20071002
25,42127439,Harvest Credit Management Vii,0744CV000490,Civil,Disposed (Statistical Purposes),20070731,20070924
26,42288721,Harvest Credit Management Vii,0931CV000970,Civil,Disposed (Statistical Purposes),20090526,20090831
27,42401613,Harvest Credit Management Vii,0865CV000647,Civil,Disposed (Statistical Purposes),20081028,20090112
28,42492271,Harvest Credit Management Vii,0965SC000332,Small Claims,Disposed (Statistical Purposes),20090421,20090824
29,42495435,Harvest Credit Management Vii,0965SP000141,Supplementary Process,Disposed (Statistical Purposes),20090421,20091021
30,42567869,Harvest Credit Management Vii,0965CV000324,Civil,Disposed (Statistical Purposes),20090526,20090818
31,42574884,Harvest Credit Management Vii,0965CV000323,Civil,Disposed (Statistical Purposes),20090526,20100426
32,42620582,Harvest Credit Management Vii,0965CV000406,Civil,Disposed (Statistical Purposes),20090629,20091110
33,42628937,Harvest Credit Management Vii,0965SC000508,Small Claims,Disposed (Statistical Purposes),20090622,20090818
34,42778254,Harvest Credit Management Vii,0862CV001301,Civil,Disposed (Statistical Purposes),20080502,20080728
35,42940708,Harvest Credit Management Vii,0860SC001407,Small Claims,Disposed (Statistical Purposes),20081010,20081224
36,43209689,Harvest Credit Management Vii,0867SP000259,Supplementary Process,Disposed (Statistical Purposes),20081015,20090311
37,43264065,Harvest Credit Management Vii,0867CV000886,Civil,Disposed (Statistical Purposes),20081016,20081222
38,43267360,Harvest Credit Management Vii,0967CV000416,Civil,Disposed (Statistical Purposes),20090526,20090721
39,43320086,Harvest Credit Management Vii,0967CV000415,Civil,Disposed (Statistical Purposes),20090526,20091109
40,43603270,Harvest Credit Management Vii,0970CV000141,Civil,Disposed (Statistical Purposes),20090527,20100201
41,43993401,Harvest Credit Management Vii,0857CV001016,Civil,Disposed (Statistical Purposes),20081023,20081231
42,43994428,Harvest Credit Management Vii,0857CV001018,Civil,Disposed (Statistical Purposes),20081023,20081215
43,44075924,Harvest Credit Management Vii,0962CV001703,Civil,Disposed (Statistical Purposes),20090528,20090730
44,46283678,Harvest Credit Management Vii,0708CV000137,Civil,Disposed (Statistical Purposes),20070502,20070719
45,46317932,Harvest Credit Management Vii,0710CV000123,Civil,Disposed (Statistical Purposes),20070129,20070516
46,46322039,Harvest Credit Management Vii,0710CV000271,Civil,Disposed (Statistical Purposes),20070305,20070803
47,46327839,Harvest Credit Management Vii,0711CV002159,Civil,Disposed (Statistical Purposes),20070730,20071005
48,46328008,Harvest Credit Management Vii,0711CV002160,Civil,Disposed (Statistical Purposes),20070730,20071005
49,46383661,Harvest Credit Management Vii,0714CV000515,Civil,Disposed (Statistical Purposes),20070522,20070726
0,46418597,Harvest Credit Management Vii,0720SC000988,Small Claims,Disposed (Statistical Purposes),20071224,20080408
1,46444282,Harvest Credit Management Vii,0732CV001952,Civil,Disposed (Statistical Purposes),20071119,20080124
2,46480474,Harvest Credit Management Vii,0729CV000076,Civil,Disposed (Statistical Purposes),20070501,20071218
3,46530048,Harvest Credit Management Vii,0747CV000452,Civil,Disposed (Statistical Purposes),20071001,20080214
4,46566752,Harvest Credit Management Vii,0750CV001318,Civil,Disposed (Statistical Purposes),20070730,20071002
5,46615742,Harvest Credit Management Vii,0763CV000121,Civil,Disposed (Statistical Purposes),20070425,20071023
6,46667714,Harvest Credit Management Vii,0769CV000639,Civil,Disposed (Statistical Purposes),20071119,20080220
7,46690536,Harvest Credit Management Vii,0769SP000238,Supplementary Process,Disposed (Statistical Purposes),20071114,20080225
8,46709502,Harvest Credit Management Vii,0786CV000688,Civil,Disposed (Statistical Purposes),20071001,20080212
9,46772737,Harvest Credit Management Vii,0814CV001700,Civil,Disposed (Statistical Purposes),20081209,20090916
10,46772950,Harvest Credit Management Vii,0814CV001699,Civil,Disposed (Statistical Purposes),20081209,20091124
11,46832842,Harvest Credit Management Vii,0818CV002231,Civil,Disposed (Statistical Purposes),20081014,20090401
12,46838784,Harvest Credit Management Vii,0821CV000681,Civil,Disposed (Statistical Purposes),20081015,20081230
13,46838840,Harvest Credit Management Vii,0821CV000680,Civil,Disposed (Statistical Purposes),20081015,20081230
14,46884166,Harvest Credit Management Vii,0833SP000376,Supplementary Process,Disposed (Statistical Purposes),20080602,20080902
15,46913231,Harvest Credit Management Vii,0838CV001165,Civil,Disposed (Statistical Purposes),20081027,20090130
16,46966185,Harvest Credit Management Vii,0852CV000151,Civil,Disposed (Statistical Purposes),20080205,20080428
17,47057295,Harvest Credit Management Vii,0856CV000695,Civil,Disposed (Statistical Purposes),20080303,20081125
18,47132825,Harvest Credit Management Vii,0902CV000143,Civil,Pending,20090310,20090310
19,47194781,Harvest Credit Management Vii,0910CV001171,Civil,Disposed (Statistical Purposes),20090928,20100601
20,47194943,Harvest Credit Management Vii,0910CV001173,Civil,Disposed (Statistical Purposes),20090928,20100128
21,47194989,Harvest Credit Management Vii,0910SC001713,Small Claims,Disposed (Statistical Purposes),20090928,20091105
22,47195308,Harvest Credit Management Vii,0910CV001172,Civil,Disposed (Statistical Purposes),20090928,20091216
23,47225560,Harvest Credit Management Vii,0915CV002930,Civil,Disposed (Statistical Purposes),20091001,20091207
24,47226038,Harvest Credit Management Vii,0915CV002931,Civil,Disposed (Statistical Purposes),20091001,20100203
25,47226234,Harvest Credit Management Vii,0915CV002932,Civil,Disposed (Statistical Purposes),20091001,20091207
26,47242166,Harvest Credit Management Vii,0915CV001623,Civil,Disposed (Statistical Purposes),20090527,20090817
27,47267859,Harvest Credit Management Vii,0922CV000071,Civil,Disposed (Statistical Purposes),20090202,20091016
28,47285577,Harvest Credit Management Vii,0923CV003638,Civil,Disposed (Statistical Purposes),20091221,20100301
29,47291573,Harvest Credit Management Vii,0923CV002460,Civil,Disposed (Statistical Purposes),20090818,20091207
30,47292305,Harvest Credit Management Vii,0923CV002461,Civil,Disposed (Statistical Purposes),20090818,20091202
31,47324652,Harvest Credit Management Vii,0929CV000200,Civil,Disposed (Statistical Purposes),20090928,20091207
32,47462447,Harvest Credit Management Vii,0954CV000330,Civil,Disposed (Statistical Purposes),20090309,20090428
33,47508587,Harvest Credit Management Vii,0958CV001061,Civil,Disposed (Statistical Purposes),20090928,20091127
34,47508632,Harvest Credit Management Vii,0958CV001060,Civil,Disposed (Statistical Purposes),20090928,20100803
35,47521778,Harvest Credit Management Vii,0961CV000875,Civil,Disposed (Statistical Purposes),20091221,20100302
36,47553238,Harvest Credit Management Vii,0968CV000391,Civil,Disposed (Statistical Purposes),20090817,20091110
37,47553294,Harvest Credit Management Vii,0968CV000390,Civil,Disposed (Statistical Purposes),20090817,20091110
38,47565910,Harvest Credit Management Vii,0966SP000352,Supplementary Process,Disposed (Statistical Purposes),20091120,20100210
39,47568264,Harvest Credit Management Vii,0966CV000106,Civil,Disposed (Statistical Purposes),20090202,20090428
40,47632525,Harvest Credit Management Vii,1032CV000871,Civil,Disposed (Statistical Purposes),20100511,20110324
41,47645290,Harvest Credit Management Vii,1015SP001014,Supplementary Process,Disposed (Statistical Purposes),20100812,20101013
42,47791739,Harvest Credit Management Vii,1154SP000110,Supplementary Process,Disposed (Statistical Purposes),20110328,20110509
43,47791861,Harvest Credit Management Vii,1154SP000112,Supplementary Process,Disposed (Statistical Purposes),20110328,20110707
44,47814516,Harvest Credit Management Vii,1107SP000487,Supplementary Process,Disposed (Statistical Purposes),20110622,20131209
45,48334801,Harvest Credit Management Vii,1558SP000062,Supplementary Process,Disposed (Statistical Purposes),20150430,20150618
46,48881642,Harvest Credit Management Vii,0956CV000424,Civil,Disposed (Statistical Purposes),20090202,20090415
47,48882615,Harvest Credit Management Vii,0956CV000426,Civil,Disposed (Statistical Purposes),20090202,20090616
48,48882761,Harvest Credit Management Vii,0956CV000425,Civil,Disposed (Statistical Purposes),20090202,20090415
49,48929407,Harvest Credit Management Vii,1156SP000310,Supplementary Process,Disposed (Statistical Purposes),20110321,20110503
0,49892504,Harvest Credit Management Vii,0959CV001493,Civil,Disposed (Statistical Purposes),20090818,20091208
1,49894873,Harvest Credit Management Vii,0959CV001492,Civil,Disposed (Statistical Purposes),20090818,20100218
2,50189436,Harvest Credit Management Vii,0856CV003520,Civil,Disposed (Statistical Purposes),20081024,20081229
3,50232209,Harvest Credit Management Vii,0818CV002320,Civil,Disposed (Statistical Purposes),20081023,20090304
4,50256221,Harvest Credit Management Vii,1133SP000682,Supplementary Process,Disposed (Statistical Purposes),20111107,20120830
5,50260003,Harvest Credit Management Vii,0715CV000678,Civil,Disposed (Statistical Purposes),20070306,20070417
6,50461238,Harvest Credit Management Vii,0818SC002572,Small Claims,Disposed (Statistical Purposes),20081103,20090203
7,50563824,Harvest Credit Management Vii,1156SP000354,Supplementary Process,Disposed (Statistical Purposes),20110328,20110510
8,50641953,Harvest Credit Management Vii,0915SP000018,Supplementary Process,Disposed (Statistical Purposes),20090105,20090417
9,50711876,Harvest Credit Management Vii,1156SP000427,Supplementary Process,Disposed (Statistical Purposes),20110411,20110517
10,50716497,Harvest Credit Management Vii,1156SP000430,Supplementary Process,Disposed (Statistical Purposes),20110411,20110517
11,50802785,Harvest Credit Management Vii,1056SP001246,Supplementary Process,Disposed (Statistical Purposes),20100810,20100928
12,51064960,Harvest Credit Management Vii,1023SP001338,Supplementary Process,Disposed (Statistical Purposes),20101109,20110114
13,51135380,Harvest Credit Management Vii,0962SC002095,Small Claims,Disposed (Statistical Purposes),20090421,20090708
14,51147200,Harvest Credit Management Vii,0962SC002094,Small Claims,Disposed (Statistical Purposes),20090421,20090604
15,51332205,Harvest Credit Management Vii,0953CV000452,Civil,Disposed (Statistical Purposes),20090309,20090526
16,51417007,Harvest Credit Management Vii,1062SP000838,Supplementary Process,Disposed (Statistical Purposes),20100809,20101104
17,51420669,Harvest Credit Management Vii,1062SP000839,Supplementary Process,Disposed (Statistical Purposes),20100809,20101104
18,51603578,Harvest Credit Management Vii,0915CV002136,Civil,Disposed (Statistical Purposes),20090715,20090915
19,51607958,Harvest Credit Management Vii,0915CV002135,Civil,Disposed (Statistical Purposes),20090715,20090915
20,51610071,Harvest Credit Management Vii,0915CV002134,Civil,Disposed (Statistical Purposes),20090715,20090915
21,51656151,Harvest Credit Management Vii,0902CV000425,Civil,Pending,20090803,20090803
22,51726256,Harvest Credit Management Vii,1050CV001255,Civil,Disposed (Statistical Purposes),20100714,20101209
23,52015607,Harvest Credit Management Vii,1011SC001685,Small Claims,Disposed (Statistical Purposes),20100803,20100927
24,52052527,Harvest Credit Management Vii,1533CV000573,Civil,Disposed (Statistical Purposes),20150810,20160419
25,52068572,Harvest Credit Management Vii,0733CV002221,Civil,Disposed (Statistical Purposes),20071224,20080227
26,52068880,Harvest Credit Management Vii,0733CV002222,Civil,Disposed (Statistical Purposes),20071224,20080227
27,52073691,Harvest Credit Management Vii,0823CV000520,Civil,Disposed (Statistical Purposes),20080214,20080410
28,52134459,Harvest Credit Management Vii,0823SP000239,Supplementary Process,Disposed (Statistical Purposes),20080303,20080523
29,52420981,Harvest Credit Management Vii,0756CV000619,Civil,Disposed (Statistical Purposes),20070305,20070417
30,52621189,Harvest Credit Management Vii,0711SC001343,Small Claims,Disposed (Statistical Purposes),20070522,20070625
31,52768598,Harvest Credit Management Vii,1015SP001430,Supplementary Process,Disposed (Statistical Purposes),20101108,20110104
32,52856818,Harvest Credit Management Vii,0950SC002158,Small Claims,Disposed (Statistical Purposes),20090924,20100119
33,52857118,Harvest Credit Management Vii,0950SC002159,Small Claims,Disposed (Statistical Purposes),20090924,20100119
34,52857165,Harvest Credit Management Vii,0950SC002157,Small Claims,Disposed (Statistical Purposes),20090924,20100125
35,52857477,Harvest Credit Management Vii,0950SC002160,Small Claims,Disposed (Statistical Purposes),20090924,20100115
36,52863990,Harvest Credit Management Vii,0950CV001946,Civil,Disposed (Statistical Purposes),20090929,20091214
37,52864051,Harvest Credit Management Vii,0950CV001942,Civil,Disposed (Statistical Purposes),20090929,20100520
38,52864100,Harvest Credit Management Vii,0950CV001947,Civil,Disposed (Statistical Purposes),20090929,20091208
39,52864119,Harvest Credit Management Vii,0950CV001944,Civil,Disposed (Statistical Purposes),20090929,20091214
40,52864419,Harvest Credit Management Vii,0950CV001945,Civil,Disposed (Statistical Purposes),20090929,20091214
41,52864463,Harvest Credit Management Vii,0950CV001943,Civil,Disposed (Statistical Purposes),20090929,20100520
42,52933168,Harvest Credit Management Vii,1025CV000895,Civil,Disposed (Statistical Purposes),20100525,20110209
43,52988696,Harvest Credit Management Vii,1215SP000825,Supplementary Process,Pending,20120917,20120917
44,53000660,Harvest Credit Management Vii,1215SP000594,Supplementary Process,Disposed (Statistical Purposes),20120928,20121129
45,53048200,Harvest Credit Management Vii,0923CV002857,Civil,Disposed (Statistical Purposes),20090930,20100119
46,53048486,Harvest Credit Management Vii,0923CV002854,Civil,Disposed (Statistical Purposes),20090930,20100108
47,53048697,Harvest Credit Management Vii,0923CV002855,Civil,Disposed (Statistical Purposes),20090930,20100119
48,53049039,Harvest Credit Management Vii,0923CV002856,Civil,Disposed (Statistical Purposes),20090930,20100119
49,53075707,Harvest Credit Management Vii,0723CV001342,Civil,Disposed (Statistical Purposes),20070502,20070626
0,53150282,Harvest Credit Management Vii,0911CV001033,Civil,Disposed (Statistical Purposes),20090309,20090515
1,53161101,Harvest Credit Management Vii,0911CV002746,Civil,Disposed (Statistical Purposes),20090313,20091216
2,53168506,Harvest Credit Management Vii,0856SP000172,Supplementary Process,Disposed (Statistical Purposes),20080211,20080325
3,53181782,Harvest Credit Management Vii,0723CV003576,Civil,Disposed (Statistical Purposes),20071123,20080117
4,53334280,Harvest Credit Management Vii,1015CV001303,Civil,Disposed (Statistical Purposes),20100513,20100707
5,53334329,Harvest Credit Management Vii,1015CV001296,Civil,Disposed (Statistical Purposes),20100513,20100913
6,53356442,Harvest Credit Management Vii,0856SP000289,Supplementary Process,Disposed (Statistical Purposes),20080310,20080418
7,53602654,Harvest Credit Management Vii,0811CV000928,Civil,Disposed (Statistical Purposes),20080310,20080521
8,53684333,Harvest Credit Management Vii,1032SP000229,Supplementary Process,Disposed (Statistical Purposes),20100315,20100716
9,53686541,Harvest Credit Management Vii,1032SP000204,Supplementary Process,Disposed (Statistical Purposes),20100315,20101126
10,53688139,Harvest Credit Management Vii,1032SP000247,Supplementary Process,Disposed (Statistical Purposes),20100315,20100730
11,53781560,Harvest Credit Management Vii,1533CV000421,Civil,Disposed (Statistical Purposes),20150609,20160303
12,53990143,Harvest Credit Management Vii,0733SC004510,Small Claims,Disposed (Statistical Purposes),20071203,20080108
13,54047245,Harvest Credit Management Vii,0733CV001576,Civil,Disposed (Statistical Purposes),20070917,20071129
14,54104248,Harvest Credit Management Vii,0923CV000634,Civil,Disposed (Statistical Purposes),20090225,20091217
15,54143747,Harvest Credit Management Vii,1049SP000441,Supplementary Process,Disposed (Statistical Purposes),20100810,20101006
16,54257670,Harvest Credit Management Vii,1049SP000641,Supplementary Process,Disposed (Statistical Purposes),20101109,20101109
17,54259952,Harvest Credit Management Vii,1049SP000642,Supplementary Process,Disposed (Statistical Purposes),20101109,20101109
18,54270400,Harvest Credit Management Vii,0956SP001855,Supplementary Process,Disposed (Statistical Purposes),20091028,20091208
19,54276333,Harvest Credit Management Vii,0956SP001856,Supplementary Process,Disposed (Statistical Purposes),20091028,20091208
20,54284281,Harvest Credit Management Vii,0956SP001872,Supplementary Process,Disposed (Statistical Purposes),20091028,20091208
21,54285044,Harvest Credit Management Vii,0956SP001858,Supplementary Process,Disposed (Statistical Purposes),20091028,20091204
22,54288409,Harvest Credit Management Vii,0956SP001860,Supplementary Process,Disposed (Statistical Purposes),20091028,20091208
23,54290109,Harvest Credit Management Vii,1023SP000276,Supplementary Process,Disposed (Statistical Purposes),20100225,20100429
24,54392203,Harvest Credit Management Vii,1156SP001221,Supplementary Process,Disposed (Statistical Purposes),20111019,20111213
25,54400058,Harvest Credit Management Vii,0833SP000246,Supplementary Process,Disposed (Statistical Purposes),20080414,20080804
26,54447198,Harvest Credit Management Vii,1023SP000423,Supplementary Process,Disposed (Statistical Purposes),20100329,20100511
27,54463832,Harvest Credit Management Vii,1050SP000812,Supplementary Process,Disposed (Statistical Purposes),20100819,20100930
28,54638638,Harvest Credit Management Vii,1023CV001167,Civil,Disposed (Statistical Purposes),20100511,20100813
29,54743240,Harvest Credit Management Vii,0762CV001306,Civil,Disposed (Statistical Purposes),20070501,20071009
30,54868260,Harvest Credit Management Vii,0907CV000376,Civil,Disposed (Statistical Purposes),20090309,20090512
31,54873633,Harvest Credit Management Vii,0907CV000375,Civil,Disposed (Statistical Purposes),20090309,20090513
32,54955686,Harvest Credit Management Vii,0931SP000135,Supplementary Process,Disposed (Statistical Purposes),20090224,20090626
33,54957742,Harvest Credit Management Vii,0907SC000429,Small Claims,Disposed (Statistical Purposes),20090310,20090515
34,55153374,Harvest Credit Management Vii,0952SP000402,Supplementary Process,Disposed (Statistical Purposes),20090914,20091106
35,55175559,Harvest Credit Management Vii,0856CV004360,Civil,Disposed (Statistical Purposes),20081224,20090323
36,55300744,Harvest Credit Management Vii,0723CV002821,Civil,Disposed (Statistical Purposes),20070917,20071121
37,55407941,Harvest Credit Management Vii,0952SC001486,Small Claims,Disposed (Statistical Purposes),20090916,20091029
38,55412838,Harvest Credit Management Vii,0952SC001487,Small Claims,Disposed (Statistical Purposes),20090916,20091029
39,55425397,Harvest Credit Management Vii,0956CV004005,Civil,Disposed (Statistical Purposes),20091221,20100218
40,55447974,Harvest Credit Management Vii,0956CV004004,Civil,Disposed (Statistical Purposes),20091221,20100223
41,55506395,Harvest Credit Management Vii,0956SC001757,Small Claims,Disposed (Statistical Purposes),20090422,20090819
42,55546659,Harvest Credit Management Vii,0850CV002256,Civil,Disposed (Statistical Purposes),20081015,20081219
43,55698575,Harvest Credit Management Vii,0923CV002143,Civil,Disposed (Statistical Purposes),20090713,20091019
44,55796166,Harvest Credit Management Vii,0853CV001768,Civil,Disposed (Statistical Purposes),20081024,20090106
45,55803781,Harvest Credit Management Vii,0853CV001769,Civil,Disposed (Statistical Purposes),20081024,20090713
46,55893574,Harvest Credit Management Vii,1011SP000400,Supplementary Process,Disposed (Statistical Purposes),20100322,20100802
47,55939204,Harvest Credit Management Vii,0956SP001052,Supplementary Process,Disposed (Statistical Purposes),20090608,20090721
48,55939938,Harvest Credit Management Vii,0956SP001054,Supplementary Process,Disposed (Statistical Purposes),20090608,20090721
49,55940535,Harvest Credit Management Vii,0956SP001051,Supplementary Process,Disposed (Statistical Purposes),20090608,20090721
0,55975197,Harvest Credit Management Vii,0711CV003329,Civil,Disposed (Statistical Purposes),20071119,20080124
1,55986110,Harvest Credit Management Vii,0711CV003330,Civil,Disposed (Statistical Purposes),20071119,20080124
2,56077092,Harvest Credit Management Vii,0950SC001927,Small Claims,Disposed (Statistical Purposes),20090904,20100119
3,56159276,Harvest Credit Management Vii,1011CV001613,Civil,Disposed (Statistical Purposes),20100510,20100722
4,56169744,Harvest Credit Management Vii,1011CV001614,Civil,Disposed (Statistical Purposes),20100510,20100722
5,56173530,Harvest Credit Management Vii,1011CV001607,Civil,Disposed (Statistical Purposes),20100510,20100722
6,56284724,Harvest Credit Management Vii,1013SP000139,Supplementary Process,Disposed (Statistical Purposes),20100223,20100503
7,56351294,Harvest Credit Management Vii,1050SP000066,Supplementary Process,Disposed (Statistical Purposes),20100126,20100507
8,56390331,Harvest Credit Management Vii,1050CV000238,Civil,Disposed (Statistical Purposes),20100209,20100331
9,56390982,Harvest Credit Management Vii,1050CV000228,Civil,Disposed (Statistical Purposes),20100209,20100405
10,56426696,Harvest Credit Management Vii,0756CV002487,Civil,Disposed (Statistical Purposes),20071001,20071114
11,56428056,Harvest Credit Management Vii,0811SC003181,Small Claims,Disposed (Statistical Purposes),20081007,20090223
12,56443649,Harvest Credit Management Vii,0756CV002488,Civil,Disposed (Statistical Purposes),20071001,20071210
13,56591177,Harvest Credit Management Vii,0862SP000998,Supplementary Process,Disposed (Statistical Purposes),20081015,20081217
14,56872335,Harvest Credit Management Vii,1162SP000807,Supplementary Process,Disposed (Statistical Purposes),20111108,20130328
15,57157153,Harvest Credit Management Vii,1123CV001446,Civil,Disposed (Statistical Purposes),20110830,20120323
16,57249865,Harvest Credit Management Vii,0833SP000764,Supplementary Process,Disposed (Statistical Purposes),20081009,20090514
17,57251707,Harvest Credit Management Vii,0833SP000767,Supplementary Process,Disposed (Statistical Purposes),20081009,20090514
18,57330765,Harvest Credit Management Vii,0931SC001918,Small Claims,Disposed (Statistical Purposes),20090914,20091105
19,57374008,Harvest Credit Management Vii,1056SP000073,Supplementary Process,Disposed (Statistical Purposes),20100125,20100302
20,57422492,Harvest Credit Management Vii,0762SC000071,Small Claims,Disposed (Statistical Purposes),20070104,20070503
21,57536145,Harvest Credit Management Vii,1249SP000043,Supplementary Process,Disposed (Statistical Purposes),20120206,20120323
22,57574392,Harvest Credit Management Vii,1036CV000749,Civil,Disposed (Statistical Purposes),20100510,20100706
23,57768295,Harvest Credit Management Vii,0962SC004124,Small Claims,Disposed (Statistical Purposes),20090915,20100203
24,57768636,Harvest Credit Management Vii,0831SP000673,Supplementary Process,Disposed (Statistical Purposes),20081009,20081009
25,57773216,Harvest Credit Management Vii,0962SC004126,Small Claims,Disposed (Statistical Purposes),20090915,20100203
26,57783050,Harvest Credit Management Vii,0962SC004123,Small Claims,Disposed (Statistical Purposes),20090915,20100203
27,57787822,Harvest Credit Management Vii,0962SC004125,Small Claims,Disposed (Statistical Purposes),20090915,20091207
28,57876312,Harvest Credit Management Vii,0733CV000742,Civil,Disposed (Statistical Purposes),20070502,20070522
29,58013011,Harvest Credit Management Vii,1062CV001442,Civil,Disposed (Statistical Purposes),20100510,20101207
30,58015026,Harvest Credit Management Vii,1062CV001454,Civil,Disposed (Statistical Purposes),20100510,20101207
31,58131620,Harvest Credit Management Vii,1250CV000388,Civil,Disposed (Statistical Purposes),20120409,20130813
32,58341054,Harvest Credit Management Vii,0833SP000498,Supplementary Process,Disposed (Statistical Purposes),20080714,20081105
33,58525383,Harvest Credit Management Vii,0756CV001296,Civil,Disposed (Statistical Purposes),20070522,20070703
34,58633518,Harvest Credit Management Vii,0713CV001441,Civil,Disposed (Statistical Purposes),20070801,20080930
35,58710736,Harvest Credit Management Vii,0911SC002088,Small Claims,Disposed (Statistical Purposes),20090602,20090831
36,58831316,Harvest Credit Management Vii,1111SP001093,Supplementary Process,Disposed (Statistical Purposes),20111003,20120327
37,59109691,Harvest Credit Management Vii,0856SP000651,Supplementary Process,Disposed (Statistical Purposes),20080527,20080701
38,59202595,Harvest Credit Management Vii,0811CV003966,Civil,Disposed (Statistical Purposes),20081023,20090112
39,59437496,Harvest Credit Management Vii,0923SC002595,Small Claims,Disposed (Statistical Purposes),20090601,20090819
40,59440873,Harvest Credit Management Vii,0923SC002596,Small Claims,Disposed (Statistical Purposes),20090601,20090819
41,59447743,Harvest Credit Management Vii,0923SC002593,Small Claims,Disposed (Statistical Purposes),20090601,20090813
42,59448517,Harvest Credit Management Vii,0923SC002597,Small Claims,Disposed (Statistical Purposes),20090601,20090819
43,59630414,Harvest Credit Management Vii,0950CV000970,Civil,Disposed (Statistical Purposes),20090513,20090722
44,59680871,Harvest Credit Management Vii,0911SC001521,Small Claims,Disposed (Statistical Purposes),20090421,20090727
45,59681122,Harvest Credit Management Vii,0911SC001502,Small Claims,Disposed (Statistical Purposes),20090421,20090727
46,59681210,Harvest Credit Management Vii,0911SC001508,Small Claims,Disposed (Statistical Purposes),20090421,20090727
47,59681257,Harvest Credit Management Vii,0911SC001495,Small Claims,Disposed (Statistical Purposes),20090421,20090727
48,59681300,Harvest Credit Management Vii,0911SC001490,Small Claims,Disposed (Statistical Purposes),20090421,20090727
49,59690286,Harvest Credit Management Vii,0862SP001057,Supplementary Process,Disposed (Statistical Purposes),20081103,20090121
0,59741271,Harvest Credit Management Vii,0915CV000902,Civil,Disposed (Statistical Purposes),20090312,20090716
1,59749666,Harvest Credit Management Vii,0823CV003501,Civil,Disposed (Statistical Purposes),20081023,20090114
2,59783926,Harvest Credit Management Vii,0762CV003823,Civil,Disposed (Statistical Purposes),20071226,20080519
3,59835124,Harvest Credit Management Vii,0959CV000520,Civil,Disposed (Statistical Purposes),20090309,20090624
4,59836237,Harvest Credit Management Vii,0959CV000519,Civil,Disposed (Statistical Purposes),20090309,20090624
5,59838003,Harvest Credit Management Vii,0959CV000521,Civil,Disposed (Statistical Purposes),20090309,20090624
6,59840067,Harvest Credit Management Vii,0959CV000518,Civil,Disposed (Statistical Purposes),20090309,20090618
7,60303146,Harvest Credit Management Vii,0911CV000464,Civil,Disposed (Statistical Purposes),20090202,20090519
8,60304358,Harvest Credit Management Vii,0911CV000470,Civil,Disposed (Statistical Purposes),20090202,20090519
9,60428442,Harvest Credit Management Vii,0731CV001595,Civil,Disposed (Statistical Purposes),20071127,20080310
10,60477244,Harvest Credit Management Vii,0731CV001598,Civil,Disposed (Statistical Purposes),20071127,20080310
11,60481488,Harvest Credit Management Vii,0731CV001597,Civil,Disposed (Statistical Purposes),20071127,20080311
12,60569743,Harvest Credit Management Vii,0756CV002349,Civil,Disposed (Statistical Purposes),20070917,20071114
13,60686799,Harvest Credit Management Vii,0633CV001797,Civil,Disposed (Statistical Purposes),20061226,20070227
14,60848572,Harvest Credit Management Vii,0856CV000402,Civil,Disposed (Statistical Purposes),20080211,20080513
15,60879984,Harvest Credit Management Vii,0856CV000401,Civil,Disposed (Statistical Purposes),20080211,20080415
16,60946436,Harvest Credit Management Vii,0933SC003612,Small Claims,Disposed (Statistical Purposes),20090818,20090916
17,61109652,Harvest Credit Management Vii,1062SP000617,Supplementary Process,Disposed (Statistical Purposes),20100528,20100819
18,61110103,Harvest Credit Management Vii,1062SP000623,Supplementary Process,Disposed (Statistical Purposes),20100528,20100819
19,61112686,Harvest Credit Management Vii,1062SP000616,Supplementary Process,Disposed (Statistical Purposes),20100528,20100819
20,61648626,Harvest Credit Management Vii,0750CV000416,Civil,Disposed (Statistical Purposes),20070305,20070424
21,61868211,Harvest Credit Management Vii,0711CV003108,Civil,Disposed (Statistical Purposes),20071029,20080103
22,62101952,Harvest Credit Management Vii,0956CV001852,Civil,Disposed (Statistical Purposes),20090601,20091116
23,62140047,Harvest Credit Management Vii,0956CV000917,Civil,Disposed (Statistical Purposes),20090309,20090512
24,62173144,Harvest Credit Management Vii,0956CV000918,Civil,Disposed (Statistical Purposes),20090309,20090511
25,62195354,Harvest Credit Management Vii,0956CV000916,Civil,Disposed (Statistical Purposes),20090309,20090512
26,62217561,Harvest Credit Management Vii,0956CV000926,Civil,Disposed (Statistical Purposes),20090309,20090512
27,62232218,Harvest Credit Management Vii,0956CV000920,Civil,Disposed (Statistical Purposes),20090309,20090512
28,62258326,Harvest Credit Management Vii,0956CV001596,Civil,Disposed (Statistical Purposes),20090511,20091028
29,62281088,Harvest Credit Management Vii,0956CV001597,Civil,Disposed (Statistical Purposes),20090511,20090709
30,62303557,Harvest Credit Management Vii,0956CV001595,Civil,Disposed (Statistical Purposes),20090511,20090714
31,62590789,Harvest Credit Management Vii,1059SP000643,Supplementary Process,Disposed (Statistical Purposes),20100810,20110121
32,62667116,Harvest Credit Management Vii,0962CV002585,Civil,Disposed (Statistical Purposes),20090818,20091116
33,62668375,Harvest Credit Management Vii,0962CV002589,Civil,Disposed (Statistical Purposes),20090818,20091028
34,62670677,Harvest Credit Management Vii,0962CV002586,Civil,Disposed (Statistical Purposes),20090818,20091116
35,62671664,Harvest Credit Management Vii,0962CV002587,Civil,Disposed (Statistical Purposes),20090818,20091116
36,62673654,Harvest Credit Management Vii,0962CV002590,Civil,Disposed (Statistical Purposes),20090818,20091116
37,62675164,Harvest Credit Management Vii,0962CV002584,Civil,Disposed (Statistical Purposes),20090818,20091116
38,62727765,Harvest Credit Management Vii,0962SC003702,Small Claims,Disposed (Statistical Purposes),20090819,20091209
39,62734913,Harvest Credit Management Vii,0962SC003696,Small Claims,Disposed (Statistical Purposes),20090819,20091209
40,62736274,Harvest Credit Management Vii,0962SC003704,Small Claims,Disposed (Statistical Purposes),20090819,20091204
41,62752975,Harvest Credit Management Vii,0962SC003703,Small Claims,Disposed (Statistical Purposes),20090819,20100317
42,63202366,Harvest Credit Management Vii,0811CV001575,Civil,Disposed (Statistical Purposes),20080502,20080707
43,63213504,Harvest Credit Management Vii,0918CV001492,Civil,Disposed (Statistical Purposes),20090713,20091104
44,63321972,Harvest Credit Management Vii,0956SP001386,Supplementary Process,Disposed (Statistical Purposes),20090804,20090908
45,63367855,Harvest Credit Management Vii,1056SP000399,Supplementary Process,Disposed (Statistical Purposes),20100315,20100427
46,63368620,Harvest Credit Management Vii,1056SP000400,Supplementary Process,Disposed (Statistical Purposes),20100315,20100427
47,63378375,Harvest Credit Management Vii,1056SP000450,Supplementary Process,Disposed (Statistical Purposes),20100322,20100504
48,63490011,Harvest Credit Management Vii,1056CV001160,Civil,Disposed (Statistical Purposes),20100420,20110124
49,63553657,Harvest Credit Management Vii,1615CV000998,Civil,Pending,20160912,20160912
0,63565306,Harvest Credit Management Vii,0933SC003931,Small Claims,Disposed (Statistical Purposes),20090914,20091014
1,63599718,Harvest Credit Management Vii,1056CV001397,Civil,Disposed (Statistical Purposes),20100510,20100707
2,63602310,Harvest Credit Management Vii,1056CV001398,Civil,Disposed (Statistical Purposes),20100510,20100707
3,63665841,Harvest Credit Management Vii,1056CV001537,Civil,Disposed (Statistical Purposes),20100524,20100713
4,63669788,Harvest Credit Management Vii,1056CV001538,Civil,Disposed (Statistical Purposes),20100524,20100713
5,63788236,Harvest Credit Management Vii,0785CV02612,Contract / Business Cases,Open,20071217,20080818
6,63833454,Harvest Credit Management Vii,1350SP000459,Supplementary Process,Disposed (Statistical Purposes),20131008,20140117
7,63976388,Harvest Credit Management Vii,1359CV000468,Civil,Disposed (Statistical Purposes),20130603,20150813
8,64192907,Harvest Credit Management Vii,0901SC004319,Small Claims,Closed,20090914,20091022
9,64197672,Harvest Credit Management Vii,0911CV001878,Civil,Disposed (Statistical Purposes),20090511,20090710
10,64197906,Harvest Credit Management Vii,0911CV001876,Civil,Disposed (Statistical Purposes),20090511,20090923
11,64399316,Harvest Credit Management Vii,1359SP000073,Supplementary Process,Disposed (Statistical Purposes),20130225,20131122
12,64472169,Harvest Credit Management Vii,1618SP000141,Supplementary Process,Pending,20160815,20160815
13,64667167,Harvest Credit Management Vii,1315SP000220,Supplementary Process,Disposed (Statistical Purposes),20130426,20130801
14,64876117,Harvest Credit Management Vii,1623CV001181,Civil,Pending,20160831,20160831
15,65020876,Harvest Credit Management Vii,0785CV01081,Contract / Business Cases,Open,20070604,20080331
16,65230419,Harvest Credit Management Vii,1323CV001118,Civil,Disposed (Statistical Purposes),20130618,20140820
17,65496435,Harvest Credit Management Vii,0901CV002301,Civil,Closed,20090526,20090914
18,65875530,Harvest Credit Management Vii,1347SP000008,Supplementary Process,Disposed (Statistical Purposes),20130122,20130424
19,66602924,Harvest Credit Management Vii,0901CV001158,Civil,Closed,20090309,20090505
20,66944695,Harvest Credit Management Vii,0701CV005064,Civil,Closed,20070917,20070917
21,66983159,Harvest Credit Management Vii,1336SP000103,Supplementary Process,Disposed (Statistical Purposes),20130418,20130612
22,67146279,Harvest Credit Management Vii,1201CV002063,Civil,Closed,20121009,20121009
23,68403008,Harvest Credit Management Vii,1313SP000258,Supplementary Process,Disposed (Statistical Purposes),20130625,20140515
24,68451577,Harvest Credit Management Vii,0985CV01279,Contract / Business Cases,Closed,20090608,20091119
25,68519446,Harvest Credit Management Vii,0881CV04558,Contract / Business Cases,Closed,20081208,20090317
26,69236282,Harvest Credit Management Vii,0601CV005900,Civil,Closed,20061207,20070710
27,70624078,Harvest Credit Management Vii,1123SP000341,Supplementary Process,Disposed (Statistical Purposes),20110329,20110519
28,71382124,Harvest Credit Management Vii,1606SP000086,Supplementary Process,Pending,20160613,20160613
29,72141471,Harvest Credit Management Vii,0801CV004674,Civil,Closed,20081023,20090206
30,72152946,Harvest Credit Management Vii,0801CV004675,Civil,Closed,20081023,20090721
31,72165977,Harvest Credit Management Vii,0801CV004692,Civil,Closed,20081023,20081230
32,72280287,Harvest Credit Management Vii,0801SC004022,Small Claims,Closed,20080922,20080922
33,73041765,Harvest Credit Management Vii,1317CV000056,Civil,Disposed (Statistical Purposes),20130311,20140321
34,73521333,Harvest Credit Management Vii,1398CV000062,Civil,Disposed (Statistical Purposes),20130312,20140808
35,73526575,Harvest Credit Management Vii,1358SP000062,Supplementary Process,Disposed (Statistical Purposes),20130225,20130417
36,74856015,Harvest Credit Management Vii,1321SP000009,Supplementary Process,Disposed (Statistical Purposes),20130123,20130905
37,75214313,Harvest Credit Management Vii,1338SP000073,Supplementary Process,Disposed (Statistical Purposes),20130226,20130815
38,75649353,Harvest Credit Management Vii,0701CV006137,Civil,Closed,20071119,20080212
39,75816591,Harvest Credit Management Vii,1369SP000081,Supplementary Process,Disposed (Statistical Purposes),20130411,20140114
40,75828943,Harvest Credit Management Vii,1353SP000106,Supplementary Process,Pending,20130311,20130311
41,75999388,Harvest Credit Management Vii,0956SP000325,Supplementary Process,Disposed (Statistical Purposes),20090225,20090407
42,76158327,Harvest Credit Management Vii,0956SC000897,Small Claims,Disposed (Statistical Purposes),20090226,20090616
43,76422903,Harvest Credit Management Vii,0801CV000551,Civil,Closed,20080204,20090511
44,76435341,Harvest Credit Management Vii,0801CV000552,Civil,Closed,20080204,20080403
45,76840647,Harvest Credit Management Vii,0956CV002162,Civil,Disposed (Statistical Purposes),20090629,20090915
46,77815942,Harvest Credit Management Vii,1817SP000017,Supplementary Process,Open,20180529,20180529
47,79307125,Harvest Credit Management Vii,1661CV000270,Civil,Disposed (Statistical Purposes),20161212,20171019
48,79419607,Harvest Credit Management Vii,1723CV001828,Civil,Disposed (Statistical Purposes),20171213,20180702
49,87824865,Harvest Credit Management Vii,1649SP000145,Supplementary Process,Open,20161212,20161212
0,365175,"Harvest Credit Management VII, LLC",1158SC001272,Small Claims,Disposed (Statistical Purposes),20111101,20111229
1,421617,"Harvest Credit Management VII, LLC",1123CV000243,Civil,Disposed (Statistical Purposes),20110214,20110523
2,427398,"Harvest Credit Management VII, LLC",1169CV000320,Civil,Disposed (Statistical Purposes),20110620,20110816
3,814907,"Harvest Credit Management VII, LLC",1225SP000802,Supplementary Process,Disposed (Statistical Purposes),20120529,20121108
4,872746,"Harvest Credit Management VII, LLC",1157CV000255,Civil,Disposed (Statistical Purposes),20110318,20110824
5,947923,"Harvest Credit Management VII, LLC",1111CV001736,Civil,Disposed (Statistical Purposes),20110620,20111205
6,1368861,"Harvest Credit Management VII, LLC",1198SP000089,Supplementary Process,Disposed (Statistical Purposes),20110328,20110621
7,1458912,"Harvest Credit Management VII, LLC",1131CV000354,Civil,Disposed (Statistical Purposes),20110322,20111004
8,1460134,"Harvest Credit Management VII, LLC",1131CV000355,Civil,Disposed (Statistical Purposes),20110322,20111004
9,1773491,"Harvest Credit Management VII, LLC",1333SP000393,Supplementary Process,Disposed (Statistical Purposes),20131028,20140701
10,1814264,"Harvest Credit Management VII, LLC",1159CV001645,Civil,Disposed (Statistical Purposes),20111125,20120229
11,1936342,"Harvest Credit Management VII, LLC",1160CV000220,Civil,Disposed (Statistical Purposes),20110321,20110728
12,2453486,"Harvest Credit Management VII, LLC",1114CV000777,Civil,Disposed (Statistical Purposes),20110927,20120420
13,2617396,"Harvest Credit Management VII, LLC",1129CV000170,Civil,Disposed (Statistical Purposes),20111129,20120504
14,2618416,"Harvest Credit Management VII, LLC",1129CV000171,Civil,Disposed (Statistical Purposes),20111129,20120606
15,2804143,"Harvest Credit Management VII, LLC",1140CV000150,Civil,Disposed (Statistical Purposes),20110926,20120125
16,2859698,"Harvest Credit Management VII, LLC",1167CV000618,Civil,Disposed (Statistical Purposes),20111125,20120827
17,3049230,"Harvest Credit Management VII, LLC",1210SC000751,Small Claims,Disposed (Statistical Purposes),20120523,20120822
18,3093202,"Harvest Credit Management VII, LLC",1132SC000688,Small Claims,Disposed (Statistical Purposes),20110329,20120206
19,3278616,"Harvest Credit Management VII, LLC",1357SC000995,Small Claims,Disposed (Statistical Purposes),20131028,20140528
20,3315777,"Harvest Credit Management VII, LLC",1229SP000087,Supplementary Process,Disposed (Statistical Purposes),20121022,20121206
21,3487941,"Harvest Credit Management VII, LLC",1229SP000008,Supplementary Process,Disposed (Statistical Purposes),20120131,20120308
22,3503887,"Harvest Credit Management VII, LLC",1260SP000196,Supplementary Process,Disposed (Statistical Purposes),20120605,20120823
23,4024414,"Harvest Credit Management VII, LLC",1252SP000303,Supplementary Process,Disposed (Statistical Purposes),20121031,20130312
24,4090100,"Harvest Credit Management VII, LLC",1149SP000478,Supplementary Process,Pending,20111017,20111017
25,4096832,"Harvest Credit Management VII, LLC",1170SP000093,Supplementary Process,Disposed (Statistical Purposes),20110906,20111205
26,4220774,"Harvest Credit Management VII, LLC",1170SP000121,Supplementary Process,Disposed (Statistical Purposes),20111107,20120202
27,4308526,"Harvest Credit Management VII, LLC",1123SC002888,Small Claims,Disposed (Statistical Purposes),20111101,20111221
28,4330302,"Harvest Credit Management VII, LLC",1227SP000028,Supplementary Process,Disposed (Statistical Purposes),20120130,20120328
29,4470887,"Harvest Credit Management VII, LLC",1123CV001894,Civil,Disposed (Statistical Purposes),20111114,20120523
30,5426770,"Harvest Credit Management VII, LLC",1110SC000416,Small Claims,Disposed (Statistical Purposes),20110404,20110519
31,5491635,"Harvest Credit Management VII, LLC",1062CV002099,Civil,Disposed (Statistical Purposes),20100712,20101115
32,5858705,"Harvest Credit Management VII, LLC",1438CV000383,Civil,Disposed (Statistical Purposes),20140707,20150806
33,6168286,"Harvest Credit Management VII, LLC",1162SP000473,Supplementary Process,Disposed (Statistical Purposes),20110708,20110926
34,6168689,"Harvest Credit Management VII, LLC",1162SP000474,Supplementary Process,Disposed (Statistical Purposes),20110708,20110926
35,6352416,"Harvest Credit Management VII, LLC",1025CV001473,Civil,Disposed (Statistical Purposes),20100816,20110422
36,6451718,"Harvest Credit Management VII, LLC",1131SC001393,Small Claims,Disposed (Statistical Purposes),20110926,20120430
37,6548452,"Harvest Credit Management VII, LLC",1231SP000471,Supplementary Process,Disposed (Statistical Purposes),20120730,20121127
38,6551835,"Harvest Credit Management VII, LLC",1231SP000476,Supplementary Process,Disposed (Statistical Purposes),20120730,20121127
39,6552437,"Harvest Credit Management VII, LLC",1231SP000477,Supplementary Process,Disposed (Statistical Purposes),20120730,20121127
40,6572714,"Harvest Credit Management VII, LLC",1045CV000447,Civil,Disposed (Statistical Purposes),20100816,20101007
41,6599972,"Harvest Credit Management VII, LLC",1252CV000415,Civil,Disposed (Statistical Purposes),20120608,20120807
42,6703646,"Harvest Credit Management VII, LLC",1162CV002498,Civil,Disposed (Statistical Purposes),20111125,20120123
43,6806554,"Harvest Credit Management VII, LLC",1131SC001589,Small Claims,Disposed (Statistical Purposes),20111107,20111208
44,7072462,"Harvest Credit Management VII, LLC",1231SP000062,Supplementary Process,Disposed (Statistical Purposes),20120201,20120919
45,7268124,"Harvest Credit Management VII, LLC",1129CV000040,Civil,Disposed (Statistical Purposes),20110321,20110429
46,7288284,"Harvest Credit Management VII, LLC",1214CV000324,Civil,Disposed (Statistical Purposes),20120423,20140609
47,7847487,"Harvest Credit Management VII, LLC",1043SC000559,Small Claims,Disposed (Statistical Purposes),20100806,20100920
48,7848144,"Harvest Credit Management VII, LLC",1043SC000560,Small Claims,Disposed (Statistical Purposes),20100806,20100920
49,7879072,"Harvest Credit Management VII, LLC",1362CV001206,Civil,Disposed (Statistical Purposes),20130715,20140508
0,7923371,"Harvest Credit Management VII, LLC",1020CV000293,Civil,Disposed (Statistical Purposes),20100510,20100702
1,8008499,"Harvest Credit Management VII, LLC",1164CV000512,Civil,Disposed (Statistical Purposes),20110705,20111017
2,8716746,"Harvest Credit Management VII, LLC",1245SP000013,Supplementary Process,Disposed (Statistical Purposes),20120201,20120409
3,8746414,"Harvest Credit Management VII, LLC",1222SP000236,Supplementary Process,Pending,20121022,20121022
4,8748155,"Harvest Credit Management VII, LLC",1034CV000656,Civil,Disposed (Statistical Purposes),20100524,20100811
5,9201293,"Harvest Credit Management VII, LLC",1113CV000947,Civil,Disposed (Statistical Purposes),20110620,20110908
6,9854614,"Harvest Credit Management VII, LLC",1133SC002067,Small Claims,Disposed (Statistical Purposes),20111026,20120208
7,10068462,"Harvest Credit Management VII, LLC",1115CV000815,Civil,Disposed (Statistical Purposes),20110428,20110525
8,10146247,"Harvest Credit Management VII, LLC",1107SC000949,Small Claims,Disposed (Statistical Purposes),20110706,20110802
9,10230702,"Harvest Credit Management VII, LLC",1115CV002099,Civil,Disposed (Statistical Purposes),20111101,20120214
10,10339757,"Harvest Credit Management VII, LLC",1298SC000662,Small Claims,Disposed (Statistical Purposes),20121031,20121221
11,10340262,"Harvest Credit Management VII, LLC",1007CV000830,Civil,Disposed (Statistical Purposes),20100713,20101004
12,10728228,"Harvest Credit Management VII, LLC",1125CV000936,Civil,Disposed (Statistical Purposes),20110707,20111027
13,10742794,"Harvest Credit Management VII, LLC",1031SC001006,Small Claims,Disposed (Statistical Purposes),20100804,20100923
14,10836413,"Harvest Credit Management VII, LLC",1133CV001429,Civil,Disposed (Statistical Purposes),20111125,20121129
15,11142619,"Harvest Credit Management VII, LLC",1156SC004838,Small Claims,Disposed (Statistical Purposes),20111122,20120127
16,11397554,"Harvest Credit Management VII, LLC",1145SP000150,Supplementary Process,Disposed (Statistical Purposes),20110705,20130830
17,11635951,"Harvest Credit Management VII, LLC",1138CV000801,Civil,Disposed (Statistical Purposes),20111031,20121022
18,11640526,"Harvest Credit Management VII, LLC",1111CV003141,Civil,Disposed (Statistical Purposes),20111125,20120424
19,11642877,"Harvest Credit Management VII, LLC",1228CV000045,Civil,Disposed (Statistical Purposes),20120305,20120718
20,11733562,"Harvest Credit Management VII, LLC",1264SP000219,Supplementary Process,Disposed (Statistical Purposes),20120625,20120821
21,11734424,"Harvest Credit Management VII, LLC",1138CV000826,Civil,Disposed (Statistical Purposes),20111109,20120217
22,11791425,"Harvest Credit Management VII, LLC",1133SC000789,Small Claims,Disposed (Statistical Purposes),20110328,20110427
23,11859463,"Harvest Credit Management VII, LLC",1132SC001895,Small Claims,Disposed (Statistical Purposes),20110930,20111104
24,11863505,"Harvest Credit Management VII, LLC",1132SC001896,Small Claims,Disposed (Statistical Purposes),20110930,20111104
25,11900298,"Harvest Credit Management VII, LLC",1133CV000437,Civil,Disposed (Statistical Purposes),20110411,20110525
26,12171032,"Harvest Credit Management VII, LLC",1132SC002126,Small Claims,Disposed (Statistical Purposes),20111102,20130201
27,12574707,"Harvest Credit Management VII, LLC",1145SC000551,Small Claims,Disposed (Statistical Purposes),20111003,20111103
28,12621072,"Harvest Credit Management VII, LLC",1133CV000754,Civil,Disposed (Statistical Purposes),20110620,20111110
29,12638262,"Harvest Credit Management VII, LLC",1133SP000390,Supplementary Process,Disposed (Statistical Purposes),20110620,20110913
30,12886845,"Harvest Credit Management VII, LLC",1049SP000584,Supplementary Process,Disposed (Statistical Purposes),20101004,20111117
31,13295517,"Harvest Credit Management VII, LLC",1145SC000172,Small Claims,Disposed (Statistical Purposes),20110328,20110518
32,13645294,"Harvest Credit Management VII, LLC",1039SC000326,Small Claims,Disposed (Statistical Purposes),20100803,20100923
33,13722341,"Harvest Credit Management VII, LLC",1259SP000527,Supplementary Process,Disposed (Statistical Purposes),20120827,20121221
34,13970816,"Harvest Credit Management VII, LLC",1127CV000136,Civil,Disposed (Statistical Purposes),20110321,20110425
35,14553478,"Harvest Credit Management VII, LLC",1098SC000198,Small Claims,Disposed (Statistical Purposes),20100412,20100429
36,14734212,"Harvest Credit Management VII, LLC",1189CV000182,Civil,Disposed (Statistical Purposes),20110321,20110426
37,14791731,"Harvest Credit Management VII, LLC",1128CV000209,Civil,Disposed (Statistical Purposes),20111125,20120125
38,14935963,"Harvest Credit Management VII, LLC",1154CV000589,Civil,Disposed (Statistical Purposes),20110620,20110815
39,14988964,"Harvest Credit Management VII, LLC",1066SP000134,Supplementary Process,Disposed (Statistical Purposes),20100330,20100623
40,15439065,"Harvest Credit Management VII, LLC",1018SP000821,Supplementary Process,Disposed (Statistical Purposes),20100719,20101230
41,15448761,"Harvest Credit Management VII, LLC",1428SP000061,Supplementary Process,Disposed (Statistical Purposes),20141222,20150219
42,15592762,"Harvest Credit Management VII, LLC",1142SC000434,Small Claims,Disposed (Statistical Purposes),20111104,20111220
43,15688583,"Harvest Credit Management VII, LLC",1121CV000506,Civil,Disposed (Statistical Purposes),20111205,20120801
44,15743914,"Harvest Credit Management VII, LLC",1258SC000301,Small Claims,Disposed (Statistical Purposes),20120316,20120503
45,15986093,"Harvest Credit Management VII, LLC",1045CV000244,Civil,Disposed (Statistical Purposes),20100510,20110310
46,16003067,"Harvest Credit Management VII, LLC",1045CV000307,Civil,Disposed (Statistical Purposes),20100614,20100720
47,16401040,"Harvest Credit Management VII, LLC",1113SC001906,Small Claims,Disposed (Statistical Purposes),20111104,20120126
48,16538783,"Harvest Credit Management VII, LLC",1158CV000091,Civil,Disposed (Statistical Purposes),20110207,20110328
49,16803086,"Harvest Credit Management VII, LLC",1159CV000602,Civil,Disposed (Statistical Purposes),20110425,20110622
0,16811379,"Harvest Credit Management VII, LLC",1126CV000457,Civil,Disposed (Statistical Purposes),20111125,20120308
1,17052331,"Harvest Credit Management VII, LLC",1158CV000486,Civil,Disposed (Statistical Purposes),20110621,20110811
2,17094674,"Harvest Credit Management VII, LLC",1215SP000830,Supplementary Process,Disposed (Statistical Purposes),20120813,20130221
3,17132584,"Harvest Credit Management VII, LLC",1169SC000255,Small Claims,Pending,20110328,20110525
4,17951830,"Harvest Credit Management VII, LLC",1206SP000033,Supplementary Process,Disposed (Statistical Purposes),20120126,20120524
5,18242978,"Harvest Credit Management VII, LLC",1173CV01292,Contract / Business Cases,Closed,20111125,20120222
6,18257464,"Harvest Credit Management VII, LLC",1302SP000250,Supplementary Process,Disposed (Statistical Purposes),20130827,20140331
7,18553247,"Harvest Credit Management VII, LLC",1007SP000434,Supplementary Process,Disposed (Statistical Purposes),20100524,20100722
8,18559400,"Harvest Credit Management VII, LLC",1007SP000440,Supplementary Process,Disposed (Statistical Purposes),20100524,20100722
9,18593016,"Harvest Credit Management VII, LLC",1207CV000525,Civil,Pending,20120723,20120723
10,18670358,"Harvest Credit Management VII, LLC",1107CV000128,Civil,Disposed (Statistical Purposes),20110216,20110628
11,18974731,"Harvest Credit Management VII, LLC",1072CV00662,Contract / Business Cases,Closed,20101101,20121221
12,19192241,"Harvest Credit Management VII, LLC",1207CV000284,Civil,Disposed (Statistical Purposes),20120427,20120926
13,19224233,"Harvest Credit Management VII, LLC",1107CV000828,Civil,Disposed (Statistical Purposes),20110927,20120515
14,19383322,"Harvest Credit Management VII, LLC",1307SP000342,Supplementary Process,Disposed (Statistical Purposes),20130730,20131018
15,19405536,"Harvest Credit Management VII, LLC",1307CV000311,Civil,Disposed (Statistical Purposes),20130402,20130612
16,19428881,"Harvest Credit Management VII, LLC",1106CV000790,Civil,Disposed (Statistical Purposes),20111010,20111209
17,19514563,"Harvest Credit Management VII, LLC",1207SP000338,Supplementary Process,Disposed (Statistical Purposes),20120606,20130315
18,21217370,"Harvest Credit Management VII, LLC",1507CV000893,Civil,Pending,20151125,20151125
19,22359637,"Harvest Credit Management VII, LLC",0907CV000705,Civil,Disposed (Statistical Purposes),20090602,20090818
20,22365994,"Harvest Credit Management VII, LLC",0907CV000704,Civil,Disposed (Statistical Purposes),20090602,20091207
21,22763364,"Harvest Credit Management VII, LLC",0952SC001085,Small Claims,Disposed (Statistical Purposes),20090702,20090909
22,25151178,"Harvest Credit Management VII, LLC",0754SP000049,Supplementary Process,Disposed (Statistical Purposes),20070226,20070629
23,27540091,"Harvest Credit Management VII, LLC",0738CV000104,Civil,Disposed (Statistical Purposes),20070207,20070410
24,29095287,"Harvest Credit Management VII, LLC",0969SC000579,Small Claims,Disposed (Statistical Purposes),20090601,20090708
25,29876482,"Harvest Credit Management VII, LLC",0639CV000437,Civil,Disposed (Statistical Purposes),20061214,20080115
26,30352412,"Harvest Credit Management VII, LLC",0638CV000789,Civil,Disposed (Statistical Purposes),20061120,20070129
27,30900530,"Harvest Credit Management VII, LLC",0798CV000374,Civil,Disposed (Statistical Purposes),20070824,20071126
28,31133985,"Harvest Credit Management VII, LLC",1550CV000095,Civil,Pending,20150211,20150211
29,31250264,"Harvest Credit Management VII, LLC",0950SP000023,Supplementary Process,Disposed (Statistical Purposes),20090112,20090424
30,31429983,"Harvest Credit Management VII, LLC",0933CV001601,Civil,Disposed (Statistical Purposes),20090817,20091106
31,33382861,"Harvest Credit Management VII, LLC",0926CV000469,Civil,Disposed (Statistical Purposes),20090817,20091117
32,33997926,"Harvest Credit Management VII, LLC",0613CV001950,Civil,Disposed (Statistical Purposes),20061228,20070328
33,34009203,"Harvest Credit Management VII, LLC",0613CV001952,Civil,Disposed (Statistical Purposes),20061228,20070405
34,35554655,"Harvest Credit Management VII, LLC",1659SP000038,Supplementary Process,Pending,20160307,20160307
35,35780533,"Harvest Credit Management VII, LLC",0910SC001505,Small Claims,Disposed (Statistical Purposes),20090825,20091015
36,35998117,"Harvest Credit Management VII, LLC",0966CV000539,Civil,Disposed (Statistical Purposes),20090629,20090915
37,36015458,"Harvest Credit Management VII, LLC",0966CV000540,Civil,Disposed (Statistical Purposes),20090630,20100729
38,36035830,"Harvest Credit Management VII, LLC",0628CV000309,Civil,Disposed (Statistical Purposes),20061113,20070123
39,37430274,"Harvest Credit Management VII, LLC",0845SC000744,Small Claims,Disposed (Statistical Purposes),20081103,20081211
40,37634302,"Harvest Credit Management VII, LLC",0828SP000224,Supplementary Process,Disposed (Statistical Purposes),20081215,20090203
41,37640785,"Harvest Credit Management VII, LLC",0760CV000170,Civil,Disposed (Statistical Purposes),20070227,20070628
42,40033823,"Harvest Credit Management VII, LLC",0667CV000888,Civil,Disposed (Statistical Purposes),20061204,20070222
43,40050958,"Harvest Credit Management VII, LLC",0667CV000891,Civil,Disposed (Statistical Purposes),20061204,20080326
44,43879471,"Harvest Credit Management VII, LLC",0953SC001060,Small Claims,Disposed (Statistical Purposes),20090602,20090820
45,45309523,"Harvest Credit Management VII, LLC",1165CV000070,Civil,Disposed (Statistical Purposes),20110216,20110527
46,45309524,"Harvest Credit Management VII, LLC",1165CV000070,Civil,Disposed (Statistical Purposes),20110216,20110527
47,47031240,"Harvest Credit Management VII, LLC",0853SP000419,Supplementary Process,Disposed (Statistical Purposes),20080723,20081010
48,48334326,"Harvest Credit Management VII, LLC",1558SP000055,Supplementary Process,Disposed (Statistical Purposes),20150414,20150618
49,49640968,"Harvest Credit Management VII, LLC",1111CV000792,Civil,Disposed (Statistical Purposes),20110321,20110516
0,49643780,"Harvest Credit Management VII, LLC",1111CV000793,Civil,Disposed (Statistical Purposes),20110321,20110518
1,49710448,"Harvest Credit Management VII, LLC",1223SP000523,Supplementary Process,Disposed (Statistical Purposes),20120731,20121227
2,49769135,"Harvest Credit Management VII, LLC",1223SP000543,Supplementary Process,Disposed (Statistical Purposes),20120806,20130801
3,50045289,"Harvest Credit Management VII, LLC",1150SC000539,Small Claims,Disposed (Statistical Purposes),20110329,20110524
4,51090206,"Harvest Credit Management VII, LLC",0662CV002886,Civil,Disposed (Statistical Purposes),20061205,20070222
5,51536669,"Harvest Credit Management VII, LLC",1062CV002611,Civil,Disposed (Statistical Purposes),20100830,20110725
6,52290461,"Harvest Credit Management VII, LLC",1256SC002129,Small Claims,Disposed (Statistical Purposes),20120702,20130408
7,52667162,"Harvest Credit Management VII, LLC",1115CV000544,Civil,Disposed (Statistical Purposes),20110322,20110407
8,54136047,"Harvest Credit Management VII, LLC",1049SC000888,Small Claims,Disposed (Statistical Purposes),20100809,20101025
9,54136270,"Harvest Credit Management VII, LLC",1049SC000889,Small Claims,Disposed (Statistical Purposes),20100809,20101025
10,54530083,"Harvest Credit Management VII, LLC",1156SP001315,Supplementary Process,Disposed (Statistical Purposes),20111116,20120103
11,54679875,"Harvest Credit Management VII, LLC",1162CV001473,Civil,Disposed (Statistical Purposes),20110705,20110901
12,54684892,"Harvest Credit Management VII, LLC",1162CV001471,Civil,Disposed (Statistical Purposes),20110705,20110901
13,55172111,"Harvest Credit Management VII, LLC",0952SP000404,Supplementary Process,Disposed (Statistical Purposes),20090914,20091106
14,55323328,"Harvest Credit Management VII, LLC",0956SC004904,Small Claims,Disposed (Statistical Purposes),20091217,20100126
15,56180696,"Harvest Credit Management VII, LLC",1256SC000839,Small Claims,Disposed (Statistical Purposes),20120328,20120504
16,58009774,"Harvest Credit Management VII, LLC",1062CV001443,Civil,Disposed (Statistical Purposes),20100510,20100913
17,58010238,"Harvest Credit Management VII, LLC",1062CV001444,Civil,Disposed (Statistical Purposes),20100510,20101207
18,58546729,"Harvest Credit Management VII, LLC",0911CV002142,Civil,Disposed (Statistical Purposes),20090601,20091215
19,60057636,"Harvest Credit Management VII, LLC",1348CV000145,Civil,Pending,20130516,20130516
20,60133007,"Harvest Credit Management VII, LLC",1156SC004776,Small Claims,Disposed (Statistical Purposes),20111115,20120120
21,60572161,"Harvest Credit Management VII, LLC",1156SC004778,Small Claims,Disposed (Statistical Purposes),20111115,20120120
22,62514683,"Harvest Credit Management VII, LLC",0762CV002619,Civil,Disposed (Statistical Purposes),20070831,20080603
23,62671950,"Harvest Credit Management VII, LLC",0962CV002588,Civil,Disposed (Statistical Purposes),20090818,20091116
24,63322856,"Harvest Credit Management VII, LLC",1150SC001981,Small Claims,Disposed (Statistical Purposes),20111101,20120120
25,64200408,"Harvest Credit Management VII, LLC",0911CV001875,Civil,Disposed (Statistical Purposes),20090511,20090710
26,65144536,"Harvest Credit Management VII, LLC",1326SP000009,Supplementary Process,Disposed (Statistical Purposes),20130122,20130301
27,69433442,"Harvest Credit Management VII, LLC",1659SP000133,Supplementary Process,Disposed (Statistical Purposes),20161003,20161118
28,70264594,"Harvest Credit Management VII, LLC",1001CV001653,Civil,Closed,20100510,20100706
29,70265117,"Harvest Credit Management VII, LLC",1001CV001654,Civil,Closed,20100510,20100510
30,70268429,"Harvest Credit Management VII, LLC",1001CV001655,Civil,Suspended,20100510,20100628
31,70623709,"Harvest Credit Management VII, LLC",1123SC000800,Small Claims,Disposed (Statistical Purposes),20110329,20110505
32,73072851,"Harvest Credit Management VII, LLC",1314SC000524,Small Claims,Disposed (Statistical Purposes),20130408,20131031
33,73971543,"Harvest Credit Management VII, LLC",1362CV000110,Civil,Disposed (Statistical Purposes),20130122,20140409
34,74884867,"Harvest Credit Management VII, LLC",1369SP000021,Supplementary Process,Disposed (Statistical Purposes),20130128,20131210
35,75380678,"Harvest Credit Management VII, LLC",1321SP000054,Supplementary Process,Disposed (Statistical Purposes),20130430,20141126
36,78572905,"Harvest Credit Management VII, LLC",1708CV000144,Civil,Closed,20170918,20180228
37,78923244,"Harvest Credit Management VII, LLC",1734CV000131,Civil,Open,20170320,20170320
38,80064187,"Harvest Credit Management VII, LLC",2148CV000272,Civil,Open,20211227,20211227
39,80825508,"Harvest Credit Management VII, LLC",1901CV002705,Civil,Disposed (Statistical Purposes),20191223,20210617
40,83947859,"Harvest Credit Management VII, LLC",1811SP000040,Supplementary Process,Disposed (Statistical Purposes),20180129,20211013
41,88165306,"Harvest Credit Management VII, LLC",1711SP000256,Supplementary Process,Disposed (Statistical Purposes),20171002,20171106
42,1243781,Harvest Credit Management V I I,1087SP000128,Supplementary Process,Disposed (Statistical Purposes),20101015,20120110
43,14955034,Harvest Credit Management V I I,1062SP000507,Supplementary Process,Disposed (Statistical Purposes),20100423,20110104
44,24539417,Harvest Credit Management V I I,0714CV000241,Civil,Disposed (Statistical Purposes),20070305,20070905
45,24577097,Harvest Credit Management V I I,0914CV000362,Civil,Disposed (Statistical Purposes),20090310,20090527
46,25062389,Harvest Credit Management V I I,0754CV000146,Civil,Disposed (Statistical Purposes),20070129,20070323
47,34427810,Harvest Credit Management V I I,0727CV000059,Civil,Disposed (Statistical Purposes),20070130,20070320
48,37405833,Harvest Credit Management V I I,0957CV001379,Civil,Disposed (Statistical Purposes),20091123,20100226
49,40371565,Harvest Credit Management V I I,0957CV000307,Civil,Disposed (Statistical Purposes),20090309,20091222
0,40372620,Harvest Credit Management V I I,0957CV000308,Civil,Disposed (Statistical Purposes),20090309,20090608
1,40798327,Harvest Credit Management V I I,0653CV001673,Civil,Disposed (Statistical Purposes),20061226,20071017
2,44230898,Harvest Credit Management V I I,0957CV000600,Civil,Disposed (Statistical Purposes),20090526,20090729
3,46773006,Harvest Credit Management V I I,0814CV001698,Civil,Disposed (Statistical Purposes),20081209,20091124
4,47040188,Harvest Credit Management V I I,0853CV001731,Civil,Disposed (Statistical Purposes),20081020,20090122
5,47207851,Harvest Credit Management V I I,0914CV000146,Civil,Disposed (Statistical Purposes),20090203,20090819
6,47410260,Harvest Credit Management V I I,0943CV000558,Civil,Disposed (Statistical Purposes),20090713,20091103
7,47791682,Harvest Credit Management V I I,1154SP000109,Supplementary Process,Disposed (Statistical Purposes),20110328,20110711
8,1294379,Meredith Management Corporation,10H79SP000623,Housing Court Summary Process,Active,20100212,20100212
9,1296505,Meredith Management Corporation,10H79SP000624,Housing Court Summary Process,Active,20100212,20100212
10,1298175,Meredith Management Corporation,10H79SP000625,Housing Court Summary Process,Closed,20100212,20100507
11,2314347,Meredith Management Corporation,11H85SP001752,Housing Court Summary Process,Closed,20110523,20110607
12,2317085,Meredith Management Corporation,11H85SP001754,Housing Court Summary Process,Closed,20110523,20110607
13,2322120,Meredith Management Corporation,11H85SP001757,Housing Court Summary Process,Active,20110523,20110523
14,2322876,Meredith Management Corporation,11H85SP001759,Housing Court Summary Process,Closed,20110523,20110607
15,2895889,Meredith Management Corporation,10H79SP001507,Housing Court Summary Process,Closed,20100430,20100811
16,3046769,Meredith Management Corporation,13H85SP004054,Housing Court Summary Process,Closed,20131007,20131022
17,3968473,Meredith Management Corporation,14H85CV000577,Housing Court Civil,Closed,20140626,20140709
18,4262034,Meredith Management Corporation,10H85SP000182,Housing Court Summary Process,Closed,20100115,20100202
19,5055437,Meredith Management Corporation,1155SU000170,Summary Process,Disposed (Statistical Purposes),20110815,20111007
20,5057448,Meredith Management Corporation,1155SU000171,Summary Process,Disposed (Statistical Purposes),20110815,20111007
21,6555975,Meredith Management Corporation,1255SU000082,Summary Process,Disposed (Statistical Purposes),20120402,20120413
22,7707065,Meredith Management Corporation,13H79CV000563,Housing Court Civil,Closed,20130711,20130711
23,7707621,Meredith Management Corporation,13H79CV000565,Housing Court Civil,Active,20130711,20130711
24,7752089,Meredith Management Corporation,13H79CV000583,Housing Court Civil,Active,20130718,20130718
25,7809845,Meredith Management Corporation,13H79SP002979,Housing Court Summary Process,Active,20130805,20130805
26,7859285,Meredith Management Corporation,13H79CV000673,Housing Court Civil,Active,20130815,20130815
27,8108764,Meredith Management Corporation,13H79CV000745,Housing Court Civil,Active,20130913,20130913
28,8816645,Meredith Management Corporation,1055SU000117,Summary Process,Disposed (Statistical Purposes),20100726,20100809
29,9028243,Meredith Management Corporation,11H79SP003364,Housing Court Summary Process,Closed,20110812,20140324
30,9776710,Meredith Management Corporation,1055SU000188,Summary Process,Disposed (Statistical Purposes),20101108,20101119
31,10127081,Meredith Management Corporation,11H79SP005628,Housing Court Summary Process,Closed,20111223,20111223
32,11445539,Meredith Management Corporation,11H85SP004357,Housing Court Summary Process,Active,20111104,20111104
33,11447007,Meredith Management Corporation,11H85SP004358,Housing Court Summary Process,Active,20111104,20111104
34,11448550,Meredith Management Corporation,11H85SP004359,Housing Court Summary Process,Closed,20111104,20111104
35,11664001,Meredith Management Corporation,11H85SP005118,Housing Court Summary Process,Closed,20111223,20130312
36,12194325,Meredith Management Corporation,10H79CV001179,Housing Court Civil,Active,20100806,20100806
37,12636988,Meredith Management Corporation,10H79SP003418,Housing Court Summary Process,Active,20100827,20100827
38,12638613,Meredith Management Corporation,10H79SP003419,Housing Court Summary Process,Active,20100827,20100827
39,12641859,Meredith Management Corporation,10H79SP003421,Housing Court Summary Process,Active,20100827,20100827
40,12644572,Meredith Management Corporation,10H79SP003422,Housing Court Summary Process,Active,20100827,20100827
41,12647572,Meredith Management Corporation,10H79SP003423,Housing Court Summary Process,Active,20100827,20100827
42,12649848,Meredith Management Corporation,10H79SP003424,Housing Court Summary Process,Active,20100827,20100827
43,12651046,Meredith Management Corporation,10H79SP003425,Housing Court Summary Process,Active,20100827,20100827
44,13048080,Meredith Management Corporation,1112SU000025,Summary Process,Disposed (Statistical Purposes),20110329,20110408
45,13465725,Meredith Management Corporation,10H79SP004488,Housing Court Summary Process,Closed,20101105,20110217
46,13767182,Meredith Management Corporation,12H85SP004950,Housing Court Summary Process,Closed,20121123,20121211
47,13768163,Meredith Management Corporation,12H85SP004951,Housing Court Summary Process,Closed,20121123,20121211
48,13863608,Meredith Management Corporation,10H79SP005128,Housing Court Summary Process,Closed,20101217,20110103
49,13865895,Meredith Management Corporation,10H79SP005129,Housing Court Summary Process,Closed,20101217,20101217
0,13867583,Meredith Management Corporation,10H79SP005130,Housing Court Summary Process,Active,20101217,20101217
1,13871570,Meredith Management Corporation,10H79SP005132,Housing Court Summary Process,Closed,20101217,20130328
2,13953949,Meredith Management Corporation,11H79SP000218,Housing Court Summary Process,Active,20110118,20110118
3,13956891,Meredith Management Corporation,11H79SP000219,Housing Court Summary Process,Closed,20110118,20110314
4,13959699,Meredith Management Corporation,11H79SP000220,Housing Court Summary Process,Active,20110118,20110118
5,13962968,Meredith Management Corporation,11H79SP000221,Housing Court Summary Process,Active,20110118,20110118
6,14456952,Meredith Management Corporation,12H79SP001580,Housing Court Summary Process,Active,20120504,20120504
7,14784688,Meredith Management Corporation,12H85SP000158,Housing Court Summary Process,Closed,20120113,20120320
8,14858425,Meredith Management Corporation,12H85SP000326,Housing Court Summary Process,Closed,20120123,20120207
9,14860059,Meredith Management Corporation,12H85SP000327,Housing Court Summary Process,Closed,20120123,20120207
10,15080672,Meredith Management Corporation,10H85CV000822,Housing Court Civil,Active,20100824,20100824
11,15083562,Meredith Management Corporation,10H85CV000823,Housing Court Civil,Closed,20100824,20110211
12,15927220,Meredith Management Corporation,11H85SP000060,Housing Court Summary Process,Closed,20110107,20110125
13,16081549,Meredith Management Corporation,11H85SP000256,Housing Court Summary Process,Active,20110121,20110121
14,16084026,Meredith Management Corporation,11H85SP000257,Housing Court Summary Process,Closed,20110121,20110208
15,16087401,Meredith Management Corporation,11H85SP000258,Housing Court Summary Process,Active,20110121,20110121
16,16090481,Meredith Management Corporation,11H85SP000259,Housing Court Summary Process,Closed,20110121,20110208
17,16351445,Meredith Management Corporation,14H79CV000588,Housing Court Civil,Active,20140725,20140725
18,22503050,Meredith Management Corporation,0552SU000392,Summary Process,Disposed (Statistical Purposes),20050725,20050728
19,22774017,Meredith Management Corporation,0552SU000544,Summary Process,Disposed (Statistical Purposes),20050926,20051024
20,23704171,Meredith Management Corporation,0652SU000563,Summary Process,Disposed (Statistical Purposes),20061002,20061012
21,23999799,Meredith Management Corporation,0852SU000072,Summary Process,Disposed (Statistical Purposes),20080204,20080229
22,24112847,Meredith Management Corporation,0652SU000723,Summary Process,Disposed (Statistical Purposes),20061226,20070124
23,24368435,Meredith Management Corporation,0952SU000157,Summary Process,Disposed (Statistical Purposes),20090223,20090406
24,28086127,Meredith Management Corporation,0752SU000395,Summary Process,Disposed (Statistical Purposes),20070702,20070713
25,28612379,Meredith Management Corporation,0752SU000565,Summary Process,Disposed (Statistical Purposes),20070910,20080212
26,36202294,Meredith Management Corporation,0955SU000168,Summary Process,Disposed (Statistical Purposes),20090921,20091005
27,36631483,Meredith Management Corporation,0755SU000033,Summary Process,Disposed (Statistical Purposes),20070312,20070321
28,36641414,Meredith Management Corporation,0755SU000040,Summary Process,Disposed (Statistical Purposes),20070319,20070330
29,37170289,Meredith Management Corporation,0812SU000067,Summary Process,Disposed (Statistical Purposes),20081020,20081204
30,37325054,Meredith Management Corporation,0812SU000075,Summary Process,Disposed (Statistical Purposes),20081208,20090327
31,38541272,Meredith Management Corporation,09H85SP003573,Housing Court Summary Process,Closed,20091016,20091103
32,41182984,Meredith Management Corporation,09H85SP002905,Housing Court Summary Process,Active,20090828,20090828
33,41845069,Meredith Management Corporation,0855SU000173,Summary Process,Disposed (Statistical Purposes),20081027,20081107
34,54768897,Meredith Management Corporation,15H85SP001807,Housing Court Summary Process,Active,20150518,20150518
35,56527903,Meredith Management Corporation,10H79CV001127,Housing Court Civil,Active,20100726,20100726
36,56542732,Meredith Management Corporation,12H79CV000429,Housing Court Civil,Active,20120514,20120514
37,57163031,Meredith Management Corporation,12H79CV000599,Housing Court Civil,Active,20120621,20120621
38,58334954,Meredith Management Corporation,11H79SP002533,Housing Court Summary Process,Active,20110627,20110627
39,58344138,Meredith Management Corporation,11H79SP002532,Housing Court Summary Process,Active,20110627,20110627
40,58347446,Meredith Management Corporation,11H79SP002534,Housing Court Summary Process,Active,20110627,20110627
41,58376701,Meredith Management Corporation,11H79SP002535,Housing Court Summary Process,Closed,20110627,20110808
42,58396236,Meredith Management Corporation,11H79SP002531,Housing Court Summary Process,Closed,20110627,20110812
43,60574455,Meredith Management Corporation,13H79SP004080,Housing Court Summary Process,Closed,20131007,20131021
44,61684130,Meredith Management Corporation,08H85SP002132,Housing Court Summary Process,Active,20080616,20080616
45,61687616,Meredith Management Corporation,08H85SP002133,Housing Court Summary Process,Active,20080616,20080616
46,61964771,Meredith Management Corporation,15H79SP003664,Housing Court Summary Process,Active,20150921,20150921
47,62020497,Meredith Management Corporation,15H79SP003668,Housing Court Summary Process,Active,20150921,20150921
48,62024816,Meredith Management Corporation,15H79SP003666,Housing Court Summary Process,Active,20150921,20150921
49,62047334,Meredith Management Corporation,15H79SP003661,Housing Court Summary Process,Closed,20150921,20151005
0,68669447,Meredith Management Corporation,16H79SP001961,Housing Court Summary Process,Active,20160531,20160531
1,73409450,Meredith Management Corporation,1282CV01958,Equitable Remedies,Closed,20121207,20130807
2,77587240,Meredith Management Corporation,17H79SP002659,Housing Court Summary Process,Active,20170626,20170626
3,77589061,Meredith Management Corporation,17H79SP002658,Housing Court Summary Process,Active,20170626,20170626
4,81125169,Meredith Management Corporation,17H79SP000940,Housing Court Summary Process,Active,20170227,20170227
5,81140198,Meredith Management Corporation,17H79SP000941,Housing Court Summary Process,Active,20170227,20170227
6,82047892,Meredith Management Corporation,17H79SP005305,Housing Court Summary Process,Closed,20171127,20200617
7,83041462,Meredith Management Corporation,19H79SP002957,Housing Court Summary Process,Closed,20190726,20191212
8,83463023,Meredith Management Corporation,17H79SP000076,Housing Court Summary Process,Closed,20170109,20200701
9,1359861,"Harvest Credit Management, VII",1198SP000067,Supplementary Process,Disposed (Statistical Purposes),20110321,20110602
10,3803210,"Harvest Credit Management, VII",1267SP000028,Supplementary Process,Disposed (Statistical Purposes),20120201,20120503
11,8034582,"Harvest Credit Management, VII",1043SP000394,Supplementary Process,Disposed (Statistical Purposes),20101012,20111108
12,10322271,"Harvest Credit Management, VII",1007CV000137,Civil,Disposed (Statistical Purposes),20100210,20100506
13,11663900,"Harvest Credit Management, VII",1018SP000603,Supplementary Process,Disposed (Statistical Purposes),20100524,20101116
14,11666449,"Harvest Credit Management, VII",1018SP000605,Supplementary Process,Disposed (Statistical Purposes),20100524,20101116
15,12764857,"Harvest Credit Management, VII",1007CV000540,Civil,Disposed (Statistical Purposes),20100510,20100720
16,12766941,"Harvest Credit Management, VII",1007CV000542,Civil,Disposed (Statistical Purposes),20100510,20100720
17,12768981,"Harvest Credit Management, VII",1007CV000543,Civil,Disposed (Statistical Purposes),20100510,20100720
18,13503170,"Harvest Credit Management, VII",1025SP000472,Supplementary Process,Disposed (Statistical Purposes),20100315,20100525
19,16606868,"Harvest Credit Management, VII",1126SP000234,Supplementary Process,Disposed (Statistical Purposes),20111031,20111228
20,17083426,"Harvest Credit Management, VII",1169SP000065,Supplementary Process,Disposed (Statistical Purposes),20110321,20110819
21,18997205,"Harvest Credit Management, VII",1206SP000378,Supplementary Process,Disposed (Statistical Purposes),20120731,20130701
22,20484327,"Harvest Credit Management, VII",0907CV000152,Civil,Disposed (Statistical Purposes),20090202,20090504
23,21358282,"Harvest Credit Management, VII",1606SP000033,Supplementary Process,Pending,20160309,20160309
24,21553086,"Harvest Credit Management, VII",0934SC001277,Small Claims,Disposed (Statistical Purposes),20090914,20100107
25,21555872,"Harvest Credit Management, VII",0934SC001276,Small Claims,Disposed (Statistical Purposes),20090914,20100107
26,25006066,"Harvest Credit Management, VII",0969SC000871,Small Claims,Disposed (Statistical Purposes),20090818,20090930
27,25979039,"Harvest Credit Management, VII",0916CV000584,Civil,Disposed (Statistical Purposes),20090817,20091106
28,28891401,"Harvest Credit Management, VII",0911CV003701,Civil,Disposed (Statistical Purposes),20090928,20100415
29,29799357,"Harvest Credit Management, VII",1513SP000236,Supplementary Process,Disposed (Statistical Purposes),20150630,20150807
30,32797940,"Harvest Credit Management, VII",0945CV000450,Civil,Disposed (Statistical Purposes),20090817,20091117
31,32801864,"Harvest Credit Management, VII",0945CV000448,Civil,Disposed (Statistical Purposes),20090817,20091106
32,32802653,"Harvest Credit Management, VII",0945CV000449,Civil,Disposed (Statistical Purposes),20090817,20091106
33,36018053,"Harvest Credit Management, VII",0850SC002247,Small Claims,Disposed (Statistical Purposes),20081009,20090203
34,38126527,"Harvest Credit Management, VII",0970SC000252,Small Claims,Disposed (Statistical Purposes),20090817,20091105
35,38389619,"Harvest Credit Management, VII",0762CV002962,Civil,Disposed (Statistical Purposes),20071002,20080116
36,38395880,"Harvest Credit Management, VII",0762CV002959,Civil,Disposed (Statistical Purposes),20071002,20080116
37,38402874,"Harvest Credit Management, VII",0762CV002964,Civil,Disposed (Statistical Purposes),20071002,20080116
38,38941420,"Harvest Credit Management, VII",0962CV003098,Civil,Disposed (Statistical Purposes),20090928,20091230
39,38941822,"Harvest Credit Management, VII",0962CV003097,Civil,Disposed (Statistical Purposes),20090928,20100104
40,38943401,"Harvest Credit Management, VII",0962CV003099,Civil,Disposed (Statistical Purposes),20090928,20091230
41,39877757,"Harvest Credit Management, VII",0962CV000870,Civil,Disposed (Statistical Purposes),20090309,20090526
42,47700881,"Harvest Credit Management, VII",1069SP000358,Supplementary Process,Disposed (Statistical Purposes),20101004,20110506
43,53723762,"Harvest Credit Management, VII",1118SP000284,Supplementary Process,Disposed (Statistical Purposes),20110321,20110615
44,54200769,"Harvest Credit Management, VII",1023CV000314,Civil,Disposed (Statistical Purposes),20100208,20100510
45,54202005,"Harvest Credit Management, VII",1023CV000312,Civil,Disposed (Statistical Purposes),20100208,20100510
46,59314315,"Harvest Credit Management, VII",0923CV001647,Civil,Disposed (Statistical Purposes),20090526,20091204
47,59317180,"Harvest Credit Management, VII",0923CV001648,Civil,Disposed (Statistical Purposes),20090526,20091204
48,63408183,"Harvest Credit Management, VII",0962CV000400,Civil,Disposed (Statistical Purposes),20090202,20090422
49,63408699,"Harvest Credit Management, VII",0962CV000392,Civil,Disposed (Statistical Purposes),20090202,20090427
0,1483119,"HAREST CREDIT MANAGEMENT VII, LLC",1215SP000820,Supplementary Process,Disposed (Statistical Purposes),20121022,20130221
1,1645501,Harvest Credit Management V11 Llc,1125CV001380,Civil,Disposed (Statistical Purposes),20111011,20120227
2,4779549,Harvest Credit Management V11 Llc,1120SP000232,Supplementary Process,Disposed (Statistical Purposes),20110915,20120912
3,6314758,Harvest Credit Management V11 Llc,1051SP000197,Supplementary Process,Disposed (Statistical Purposes),20100514,20100714
4,6728414,Harvest Credit Management V11 Llc,1255SP000149,Supplementary Process,Disposed (Statistical Purposes),20120605,20120711
5,9609965,Harvest Credit Management V11 Llc,1058SC000508,Small Claims,Disposed (Statistical Purposes),20100607,20101007
6,21957516,Harvest Credit Management V11 Llc,0925CV001197,Civil,Disposed (Statistical Purposes),20090713,20100325
7,32551568,Harvest Credit Management V11 Llc,0958SC000668,Small Claims,Disposed (Statistical Purposes),20090601,20091013
8,50034032,Harvest Credit Management V11 Llc,1150CV000395,Civil,Disposed (Statistical Purposes),20110323,20120117
9,50034536,Harvest Credit Management V11 Llc,1150CV000396,Civil,Disposed (Statistical Purposes),20110323,20110510
10,52015767,Harvest Credit Management V11 Llc,1011SC001683,Small Claims,Disposed (Statistical Purposes),20100803,20100927
11,85147798,Harvest Credit Management V11 Llc,1820SP000023,Supplementary Process,Open,20180327,20180327
12,1908253,Harvest Credit Management V11,1051SP000031,Supplementary Process,Disposed (Statistical Purposes),20100129,20100407
13,6304378,Harvest Credit Management V11,1051SP000190,Supplementary Process,Disposed (Statistical Purposes),20100513,20100831
14,8624394,Harvest Credit Management V11,1020SP000367,Supplementary Process,Disposed (Statistical Purposes),20101109,20110105
15,9276862,Harvest Credit Management V11,1148SP000249,Supplementary Process,Disposed (Statistical Purposes),20110912,20111212
16,10024968,Harvest Credit Management V11,1120SP000075,Supplementary Process,Disposed (Statistical Purposes),20110323,20110408
17,11236020,Harvest Credit Management V11,1048CV000321,Civil,Disposed (Statistical Purposes),20100510,20100723
18,14961878,Harvest Credit Management V11,1151SP000106,Supplementary Process,Disposed (Statistical Purposes),20110404,20110808
19,15426217,Harvest Credit Management V11,1018SP000798,Supplementary Process,Disposed (Statistical Purposes),20100719,20101224
20,18966986,Harvest Credit Management V11,1006SP000712,Supplementary Process,Disposed (Statistical Purposes),20101012,20110224
21,19145487,Harvest Credit Management V11,1006SP000487,Supplementary Process,Disposed (Statistical Purposes),20100719,20120321
22,20139790,Harvest Credit Management V11,0807CV000255,Civil,Disposed (Statistical Purposes),20080211,20080425
23,21379508,Harvest Credit Management V11,0907CV001238,Civil,Disposed (Statistical Purposes),20090928,20091230
24,22285793,Harvest Credit Management V11,0907CV000672,Civil,Disposed (Statistical Purposes),20090526,20091110
25,22292847,Harvest Credit Management V11,0907CV000671,Civil,Disposed (Statistical Purposes),20090526,20090818
26,23555552,Harvest Credit Management V11,0914CV001233,Civil,Disposed (Statistical Purposes),20090929,20100914
27,24191689,Harvest Credit Management V11,0947CV000501,Civil,Disposed (Statistical Purposes),20090930,20091216
28,25749136,Harvest Credit Management V11,0869CV000067,Civil,Disposed (Statistical Purposes),20080211,20080430
29,27345611,Harvest Credit Management V11,0958SC001191,Small Claims,Disposed (Statistical Purposes),20090914,20091029
30,32014330,Harvest Credit Management V11,0866CV000124,Civil,Disposed (Statistical Purposes),20080211,20081122
31,33203042,Harvest Credit Management V11,0611CV003296,Civil,Disposed (Statistical Purposes),20061226,20070801
32,36945159,Harvest Credit Management V11,0951CV000599,Civil,Disposed (Statistical Purposes),20090701,20090922
33,38103301,Harvest Credit Management V11,0951CV000119,Civil,Disposed (Statistical Purposes),20090202,20090424
34,38223949,Harvest Credit Management V11,0951CV000251,Civil,Disposed (Statistical Purposes),20090309,20090506
35,39864363,Harvest Credit Management V11,0756CV001939,Civil,Disposed (Statistical Purposes),20070730,20080401
36,46410632,Harvest Credit Management V11,0725CV000360,Civil,Disposed (Statistical Purposes),20070312,20070514
37,51683525,Harvest Credit Management V11,0906SP000427,Supplementary Process,Disposed (Statistical Purposes),20090421,20090805
38,54112035,Harvest Credit Management V11,0923SC001023,Small Claims,Disposed (Statistical Purposes),20090225,20090603
39,66261003,Harvest Credit Management V11,1351SP000019,Supplementary Process,Disposed (Statistical Purposes),20130208,20131114
40,2053599,Harvest Credit Managements VII LLC,1321SP000110,Supplementary Process,Disposed (Statistical Purposes),20130724,20131008
41,2454174,"Harvest Credit Management VII,LLC",1114CV000778,Civil,Disposed (Statistical Purposes),20110927,20120420
42,6008194,"Harvest Credit Management VII,LLC",1125SC000723,Small Claims,Disposed (Statistical Purposes),20110331,20110719
43,11825418,"Harvest Credit Management VII,LLC",1415SP000044,Supplementary Process,Disposed (Statistical Purposes),20140206,20140508
44,12137380,"Harvest Credit Management VII,LLC",1132SP000684,Supplementary Process,Disposed (Statistical Purposes),20111101,20120229
45,15233250,"Harvest Credit Management VII,LLC",1149CV000182,Civil,Disposed (Statistical Purposes),20110223,20110518
46,15233447,"Harvest Credit Management VII,LLC",1149CV000183,Civil,Disposed (Statistical Purposes),20110223,20110826
47,15478982,"Harvest Credit Management VII,LLC",1033SP000410,Supplementary Process,Disposed (Statistical Purposes),20100510,20100831
48,17167810,"Harvest Credit Management VII,LLC",1132SP000210,Supplementary Process,Disposed (Statistical Purposes),20110321,20110513
49,47818982,"Harvest Credit Management VII,LLC",1107SC001402,Small Claims,Disposed (Statistical Purposes),20111005,20120120
0,47915903,"Harvest Credit Management VII,LLC",1232SP000195,Supplementary Process,Disposed (Statistical Purposes),20120404,20120620
1,2669042,"Midland Credit Management, Inc.",1462SC004327,Small Claims,Pending,20141226,20141226
2,5232689,"Midland Credit Management, Inc.",1031SP000274,Supplementary Process,Disposed (Statistical Purposes),20100503,20100507
3,5371657,"Midland Credit Management, Inc.",1155SP000324,Supplementary Process,Disposed (Statistical Purposes),20110909,20111207
4,7316689,"Midland Credit Management, Inc.",1447SC000613,Small Claims,Pending,20141027,20141027
5,8369649,"Midland Credit Management, Inc.",1047CV000130,Civil,Disposed (Statistical Purposes),20100315,20100503
6,11496823,"Midland Credit Management, Inc.",1233SC003243,Small Claims,Disposed (Statistical Purposes),20121019,20121025
7,21058025,"Midland Credit Management, Inc.",0420SC000044,Small Claims,Disposed (Statistical Purposes),20050301,20050823
8,21112302,"Midland Credit Management, Inc.",0648CV000524,Civil,Disposed (Statistical Purposes),20061206,20070509
9,21527484,"Midland Credit Management, Inc.",0809SC000171,Small Claims,Disposed (Statistical Purposes),20080520,20080613
10,24350990,"Midland Credit Management, Inc.",0714CV000088,Civil,Disposed (Statistical Purposes),20070122,20070905
11,24484313,"Midland Credit Management, Inc.",0614CV001156,Civil,Disposed (Statistical Purposes),20061222,20071015
12,25043355,"Midland Credit Management, Inc.",0847SC000111,Small Claims,Disposed (Statistical Purposes),20080215,20080408
13,26171656,"Midland Credit Management, Inc.",0732CV000186,Civil,Disposed (Statistical Purposes),20070126,20070629
14,26189109,"Midland Credit Management, Inc.",0732CV000185,Civil,Disposed (Statistical Purposes),20070126,20070629
15,26207772,"Midland Credit Management, Inc.",0649SP000340,Supplementary Process,Disposed (Statistical Purposes),20060913,20061102
16,26552419,"Midland Credit Management, Inc.",0789CV000060,Civil,Disposed (Statistical Purposes),20070124,20070530
17,26557111,"Midland Credit Management, Inc.",0789CV000061,Civil,Disposed (Statistical Purposes),20070124,20070530
18,26627957,"Midland Credit Management, Inc.",0649SP000212,Supplementary Process,Disposed (Statistical Purposes),20060616,20060728
19,27134827,"Midland Credit Management, Inc.",0549SP000185,Supplementary Process,Disposed (Statistical Purposes),20050714,20050819
20,27397758,"Midland Credit Management, Inc.",0549CV000717,Civil,Disposed (Statistical Purposes),20050826,20051108
21,27571214,"Midland Credit Management, Inc.",0664CV000822,Civil,Disposed (Statistical Purposes),20061206,20070530
22,27858326,"Midland Credit Management, Inc.",0758CV000094,Civil,Disposed (Statistical Purposes),20070205,20070705
23,27919728,"Midland Credit Management, Inc.",0758CV000131,Civil,Disposed (Statistical Purposes),20070215,20070705
24,28054332,"Midland Credit Management, Inc.",0947SC000333,Small Claims,Disposed (Statistical Purposes),20090513,20090819
25,28295031,"Midland Credit Management, Inc.",0717CV000052,Civil,Disposed (Statistical Purposes),20070202,20070517
26,28340599,"Midland Credit Management, Inc.",0717SC000108,Small Claims,Disposed (Statistical Purposes),20070212,20070321
27,28997529,"Midland Credit Management, Inc.",0718SC000341,Small Claims,Disposed (Statistical Purposes),20070228,20070314
28,30263311,"Midland Credit Management, Inc.",1511SC000124,Small Claims,Disposed (Statistical Purposes),20150123,20150616
29,31873838,"Midland Credit Management, Inc.",0716SC000599,Small Claims,Disposed (Statistical Purposes),20070713,20070823
30,32052630,"Midland Credit Management, Inc.",0716SC000796,Small Claims,Disposed (Statistical Purposes),20070917,20071203
31,33533534,"Midland Credit Management, Inc.",0728CV000017,Civil,Disposed (Statistical Purposes),20070122,20070410
32,34041164,"Midland Credit Management, Inc.",0718SP000547,Supplementary Process,Disposed (Statistical Purposes),20070904,20071106
33,34425547,"Midland Credit Management, Inc.",0727CV000058,Civil,Disposed (Statistical Purposes),20070130,20070611
34,35059662,"Midland Credit Management, Inc.",1523SC002171,Small Claims,Disposed (Statistical Purposes),20150702,20151022
35,35478239,"Midland Credit Management, Inc.",1531SC000981,Small Claims,Disposed (Statistical Purposes),20150601,20150723
36,35546002,"Midland Credit Management, Inc.",1523SC000211,Small Claims,Disposed (Statistical Purposes),20150128,20150715
37,35574270,"Midland Credit Management, Inc.",0736CV000108,Civil,Disposed (Statistical Purposes),20070122,20070613
38,35587802,"Midland Credit Management, Inc.",0633CV001758,Civil,Disposed (Statistical Purposes),20061218,20070419
39,35596383,"Midland Credit Management, Inc.",0736CV000109,Civil,Disposed (Statistical Purposes),20070122,20070613
40,35710989,"Midland Credit Management, Inc.",0736CV000220,Civil,Disposed (Statistical Purposes),20070212,20070713
41,35744787,"Midland Credit Management, Inc.",0736CV000222,Civil,Disposed (Statistical Purposes),20070212,20070613
42,35854064,"Midland Credit Management, Inc.",0813SC002765,Small Claims,Disposed (Statistical Purposes),20081121,20090116
43,37969723,"Midland Credit Management, Inc.",0865SC000129,Small Claims,Disposed (Statistical Purposes),20080306,20080425
44,37997132,"Midland Credit Management, Inc.",0865SC000079,Small Claims,Disposed (Statistical Purposes),20080219,20080425
45,37997990,"Midland Credit Management, Inc.",0865SC000088,Small Claims,Disposed (Statistical Purposes),20080219,20080612
46,38004531,"Midland Credit Management, Inc.",0865SC000086,Small Claims,Disposed (Statistical Purposes),20080219,20080612
47,38010168,"Midland Credit Management, Inc.",0865SC000087,Small Claims,Disposed (Statistical Purposes),20080219,20080612
48,38012796,"Midland Credit Management, Inc.",0865SC000089,Small Claims,Disposed (Statistical Purposes),20080219,20080612
49,38016249,"Midland Credit Management, Inc.",0865SC000113,Small Claims,Disposed (Statistical Purposes),20080228,20080325
0,38113555,"Midland Credit Management, Inc.",0744CV000057,Civil,Disposed (Statistical Purposes),20070126,20070627
1,38119033,"Midland Credit Management, Inc.",0744CV000055,Civil,Disposed (Statistical Purposes),20070125,20070627
2,38120621,"Midland Credit Management, Inc.",0744CV000058,Civil,Disposed (Statistical Purposes),20070126,20070627
3,38744611,"Midland Credit Management, Inc.",0770CV000024,Civil,Disposed (Statistical Purposes),20070129,20070511
4,39179882,"Midland Credit Management, Inc.",1567SC000127,Small Claims,Disposed (Statistical Purposes),20150224,20150417
5,39383377,"Midland Credit Management, Inc.",0762CV000414,Civil,Disposed (Statistical Purposes),20070205,20070717
6,39434471,"Midland Credit Management, Inc.",0762CV000415,Civil,Disposed (Statistical Purposes),20070205,20070717
7,39467667,"Midland Credit Management, Inc.",0865SC000203,Small Claims,Disposed (Statistical Purposes),20080403,20080729
8,39468054,"Midland Credit Management, Inc.",0943CV000339,Civil,Disposed (Statistical Purposes),20090421,20090903
9,39469385,"Midland Credit Management, Inc.",0943CV000341,Civil,Disposed (Statistical Purposes),20090421,20100108
10,39477150,"Midland Credit Management, Inc.",0865SC000202,Small Claims,Disposed (Statistical Purposes),20080403,20080729
11,39480899,"Midland Credit Management, Inc.",0865SC000201,Small Claims,Disposed (Statistical Purposes),20080403,20080729
12,39504071,"Midland Credit Management, Inc.",0865SC000248,Small Claims,Disposed (Statistical Purposes),20080501,20080729
13,39505889,"Midland Credit Management, Inc.",0865SC000228,Small Claims,Disposed (Statistical Purposes),20080416,20080729
14,39532771,"Midland Credit Management, Inc.",0865SC000277,Small Claims,Disposed (Statistical Purposes),20080508,20080811
15,39537103,"Midland Credit Management, Inc.",0865SC000275,Small Claims,Disposed (Statistical Purposes),20080508,20080811
16,39611057,"Midland Credit Management, Inc.",0865SC000318,Small Claims,Disposed (Statistical Purposes),20080529,20080807
17,42884534,"Midland Credit Management, Inc.",0870SC000265,Small Claims,Disposed (Statistical Purposes),20080811,20081003
18,43979532,"Midland Credit Management, Inc.",0862CV003833,Civil,Disposed (Statistical Purposes),20081121,20081121
19,45937989,"Midland Credit Management, Inc.",0614SP000167,Supplementary Process,Disposed (Statistical Purposes),20060413,20060627
20,46685284,"Midland Credit Management, Inc.",0764SC001629,Small Claims,Disposed (Statistical Purposes),20070910,20071024
21,47073931,"Midland Credit Management, Inc.",0864SC000006,Small Claims,Disposed (Statistical Purposes),20080103,20080305
22,50149350,"Midland Credit Management, Inc.",0750CV000123,Civil,Disposed (Statistical Purposes),20070122,20070514
23,50151371,"Midland Credit Management, Inc.",0750CV000122,Civil,Disposed (Statistical Purposes),20070122,20070514
24,50323716,"Midland Credit Management, Inc.",0962SC001816,Small Claims,Disposed (Statistical Purposes),20090330,20090707
25,53157199,"Midland Credit Management, Inc.",1215SP000042,Supplementary Process,Disposed (Statistical Purposes),20120106,20120301
26,57539010,"Midland Credit Management, Inc.",1423SP000093,Supplementary Process,Disposed (Statistical Purposes),20140310,20140430
27,57838691,"Midland Credit Management, Inc.",0762CV000399,Civil,Disposed (Statistical Purposes),20070202,20070522
28,59799740,"Midland Credit Management, Inc.",0813SC002675,Small Claims,Disposed (Statistical Purposes),20081023,20081223
29,59912832,"Midland Credit Management, Inc.",0656SP000305,Supplementary Process,Disposed (Statistical Purposes),20060414,20060530
30,62970287,"Midland Credit Management, Inc.",0815SC001717,Small Claims,Disposed (Statistical Purposes),20080617,20081009
31,63271721,"Midland Credit Management, Inc.",0750SC000336,Small Claims,Disposed (Statistical Purposes),20070215,20070417
32,63272674,"Midland Credit Management, Inc.",0750SC000335,Small Claims,Disposed (Statistical Purposes),20070215,20070418
33,65555159,"Midland Credit Management, Inc.",0366CV000166,Civil,Disposed (Statistical Purposes),20030402,20040713
34,68099357,"Midland Credit Management, Inc.",0773CV00557,Administrative Civil Actions,Closed,20070413,20070717
35,68831260,"Midland Credit Management, Inc.",0701CV000674,Civil,Closed,20070202,20070202
36,69155896,"Midland Credit Management, Inc.",0701CV000533,Civil,Closed,20070130,20070130
37,69160677,"Midland Credit Management, Inc.",0701CV000539,Civil,Closed,20070130,20070130
38,69161782,"Midland Credit Management, Inc.",0701CV000543,Civil,Closed,20070130,20070130
39,69165404,"Midland Credit Management, Inc.",0701CV000541,Civil,Closed,20070130,20070130
40,69169819,"Midland Credit Management, Inc.",0701CV000535,Civil,Closed,20070130,20070130
41,69173658,"Midland Credit Management, Inc.",0701CV000544,Civil,Closed,20070130,20070130
42,69173855,"Midland Credit Management, Inc.",0701CV000545,Civil,Closed,20070130,20070130
43,69177127,"Midland Credit Management, Inc.",0701CV000534,Civil,Closed,20070130,20070130
44,69177820,"Midland Credit Management, Inc.",0701CV000538,Civil,Closed,20070130,20070130
45,69178141,"Midland Credit Management, Inc.",0701CV000542,Civil,Closed,20070130,20070130
46,69179101,"Midland Credit Management, Inc.",0701CV000547,Civil,Closed,20070130,20070130
47,69181308,"Midland Credit Management, Inc.",0701CV000536,Civil,Closed,20070130,20070130
48,69182603,"Midland Credit Management, Inc.",0701CV000537,Civil,Closed,20070130,20070130
49,69185658,"Midland Credit Management, Inc.",0701CV000546,Civil,Closed,20070130,20070130
0,69186545,"Midland Credit Management, Inc.",0701CV000540,Civil,Closed,20070130,20070130
1,69187412,"Midland Credit Management, Inc.",0701CV000548,Civil,Closed,20070130,20070130
2,69187741,"Midland Credit Management, Inc.",0701CV000551,Civil,Closed,20070130,20070130
3,69188338,"Midland Credit Management, Inc.",0701CV000549,Civil,Closed,20070130,20070130
4,69189382,"Midland Credit Management, Inc.",0701CV000550,Civil,Closed,20070130,20070130
5,69462142,"Midland Credit Management, Inc.",0701CV000446,Civil,Closed,20070124,20070124
6,69559326,"Midland Credit Management, Inc.",0701CV000378,Civil,Closed,20070123,20070123
7,69565687,"Midland Credit Management, Inc.",0701CV000373,Civil,Closed,20070123,20070123
8,69572828,"Midland Credit Management, Inc.",0701CV000377,Civil,Closed,20070123,20070123
9,69576335,"Midland Credit Management, Inc.",0701CV000372,Civil,Closed,20070123,20070123
10,69578337,"Midland Credit Management, Inc.",0701CV000371,Civil,Closed,20070123,20070123
11,69582889,"Midland Credit Management, Inc.",0701CV000374,Civil,Closed,20070123,20070123
12,69599126,"Midland Credit Management, Inc.",0701CV000376,Civil,Closed,20070123,20070123
13,69600641,"Midland Credit Management, Inc.",0701CV000375,Civil,Closed,20070123,20070123
14,69604510,"Midland Credit Management, Inc.",0701CV000381,Civil,Closed,20070123,20070123
15,69605820,"Midland Credit Management, Inc.",0701CV000379,Civil,Closed,20070123,20070123
16,69611107,"Midland Credit Management, Inc.",0701CV000370,Civil,Closed,20070123,20070123
17,69612282,"Midland Credit Management, Inc.",0701CV000380,Civil,Closed,20070123,20070123
18,69612426,"Midland Credit Management, Inc.",0701CV000382,Civil,Closed,20070123,20070123
19,70847147,"Midland Credit Management, Inc.",0862SC004521,Small Claims,Disposed (Statistical Purposes),20081202,20090203
20,75619845,"Midland Credit Management, Inc.",1305SC000129,Small Claims,Disposed (Statistical Purposes),20130225,20130604
21,77467004,"Midland Credit Management, Inc.",2156SC000429,Small Claims,Open,20210316,20210316
22,77467411,"Midland Credit Management, Inc.",2044CV000116,Civil,Disposed (Statistical Purposes),20200810,20200928
23,77467951,"Midland Credit Management, Inc.",2031SC001098,Small Claims,Disposed (Statistical Purposes),20200910,20210604
24,77468020,"Midland Credit Management, Inc.",2031SC001100,Small Claims,Disposed (Statistical Purposes),20200910,20210604
25,77469003,"Midland Credit Management, Inc.",2156SC000438,Small Claims,Open,20210319,20210319
26,77469278,"Midland Credit Management, Inc.",2051SC000198,Small Claims,Disposed (Statistical Purposes),20200310,20201020
27,77469881,"Midland Credit Management, Inc.",2156SC000432,Small Claims,Open,20210319,20210319
28,77469886,"Midland Credit Management, Inc.",2051SC000192,Small Claims,Disposed (Statistical Purposes),20200310,20201019
29,77470425,"Midland Credit Management, Inc.",2156SC002386,Small Claims,Open,20210916,20210916
30,77470779,"Midland Credit Management, Inc.",2156SC002390,Small Claims,Open,20210916,20210916
31,77470968,"Midland Credit Management, Inc.",2031SC001106,Small Claims,Disposed (Statistical Purposes),20200914,20210604
32,77471010,"Midland Credit Management, Inc.",2156SC002391,Small Claims,Open,20210916,20210916
33,77471127,"Midland Credit Management, Inc.",2156SC002385,Small Claims,Open,20210916,20210916
34,77472590,"Midland Credit Management, Inc.",2031SC001104,Small Claims,Disposed (Statistical Purposes),20200914,20210604
35,77472746,"Midland Credit Management, Inc.",2031SC001105,Small Claims,Disposed (Statistical Purposes),20200914,20210617
36,77474568,"Midland Credit Management, Inc.",2031SC001109,Small Claims,Disposed (Statistical Purposes),20200915,20210604
37,77474828,"Midland Credit Management, Inc.",2031SC001110,Small Claims,Disposed (Statistical Purposes),20200915,20210927
38,77475021,"Midland Credit Management, Inc.",2144SC001068,Small Claims,Open,20211122,20211122
39,77475063,"Midland Credit Management, Inc.",2156SC000450,Small Claims,Open,20210322,20210322
40,77475436,"Midland Credit Management, Inc.",2031SC001130,Small Claims,Disposed (Statistical Purposes),20200917,20210518
41,77475468,"Midland Credit Management, Inc.",2156SC000474,Small Claims,Open,20210322,20210322
42,77475725,"Midland Credit Management, Inc.",2156SC002399,Small Claims,Open,20210920,20210920
43,77475775,"Midland Credit Management, Inc.",2031SC001135,Small Claims,Disposed (Statistical Purposes),20200917,20210604
44,77476032,"Midland Credit Management, Inc.",2031SC001137,Small Claims,Disposed (Statistical Purposes),20200918,20210325
45,77476049,"Midland Credit Management, Inc.",2156SC002418,Small Claims,Open,20210920,20210920
46,77476120,"Midland Credit Management, Inc.",2031SC001133,Small Claims,Disposed (Statistical Purposes),20200917,20210604
47,77476468,"Midland Credit Management, Inc.",2031SC001131,Small Claims,Disposed (Statistical Purposes),20200917,20210604
48,77476543,"Midland Credit Management, Inc.",2156SC002400,Small Claims,Open,20210920,20210920
49,77478415,"Midland Credit Management, Inc.",2031SC001154,Small Claims,Disposed (Statistical Purposes),20200921,20210115
0,77478496,"Midland Credit Management, Inc.",2031SC001167,Small Claims,Open,20200921,20200921
1,77478699,"Midland Credit Management, Inc.",2031SC001142,Small Claims,Disposed (Statistical Purposes),20200922,20210927
2,77479151,"Midland Credit Management, Inc.",2156SC002421,Small Claims,Open,20210921,20210921
3,77479178,"Midland Credit Management, Inc.",2031SC001166,Small Claims,Open,20200921,20200921
4,77479202,"Midland Credit Management, Inc.",2031SC001165,Small Claims,Disposed (Statistical Purposes),20200921,20210512
5,77479339,"Midland Credit Management, Inc.",2031SC001163,Small Claims,Disposed (Statistical Purposes),20200921,20210830
6,77479457,"Midland Credit Management, Inc.",2031SC001156,Small Claims,Open,20200921,20200921
7,77479591,"Midland Credit Management, Inc.",2156SC000451,Small Claims,Open,20210322,20210322
8,77479729,"Midland Credit Management, Inc.",2144SC001084,Small Claims,Open,20211130,20211130
9,77479768,"Midland Credit Management, Inc.",2144SC001085,Small Claims,Open,20211130,20211130
10,77479809,"Midland Credit Management, Inc.",2023SC002743,Small Claims,Open,20201119,20201119
11,77480077,"Midland Credit Management, Inc.",2144SC001086,Small Claims,Open,20211130,20211130
12,77480334,"Midland Credit Management, Inc.",2156SC000495,Small Claims,Open,20210323,20210323
13,77481374,"Midland Credit Management, Inc.",2023SC002746,Small Claims,Open,20201120,20201120
14,77481407,"Midland Credit Management, Inc.",2023SC002744,Small Claims,Open,20201120,20201120
15,77481424,"Midland Credit Management, Inc.",2023SC002745,Small Claims,Open,20201120,20201120
16,77482547,"Midland Credit Management, Inc.",2156SC000514,Small Claims,Disposed (Statistical Purposes),20210324,20210525
17,77482778,"Midland Credit Management, Inc.",2144SC001105,Small Claims,Open,20211206,20211206
18,77482901,"Midland Credit Management, Inc.",2144SC001104,Small Claims,Open,20211206,20211207
19,77482927,"Midland Credit Management, Inc.",2144SC001099,Small Claims,Open,20211206,20211206
20,77482954,"Midland Credit Management, Inc.",2144SC001106,Small Claims,Open,20211206,20211206
21,77483063,"Midland Credit Management, Inc.",2156SC000508,Small Claims,Open,20210324,20210324
22,77483739,"Midland Credit Management, Inc.",2156SC002462,Small Claims,Open,20210928,20210928
23,77484252,"Midland Credit Management, Inc.",2023SC002755,Small Claims,Open,20201125,20201125
24,77484311,"Midland Credit Management, Inc.",2144CV000285,Civil,Open,20211209,20211209
25,77484570,"Midland Credit Management, Inc.",2023SC002752,Small Claims,Open,20201124,20201124
26,77484675,"Midland Credit Management, Inc.",2023SC002757,Small Claims,Open,20201125,20201125
27,77484815,"Midland Credit Management, Inc.",2023SC002750,Small Claims,Open,20201124,20201124
28,77485369,"Midland Credit Management, Inc.",2070SC000090,Small Claims,Disposed (Statistical Purposes),20200618,20210208
29,77485431,"Midland Credit Management, Inc.",2023SC002753,Small Claims,Open,20201124,20201124
30,77485647,"Midland Credit Management, Inc.",2070SC000089,Small Claims,Disposed (Statistical Purposes),20200618,20200827
31,77485954,"Midland Credit Management, Inc.",2023SC002756,Small Claims,Open,20201125,20201125
32,77486271,"Midland Credit Management, Inc.",2023SC002749,Small Claims,Open,20201124,20201124
33,77487332,"Midland Credit Management, Inc.",2156SC002476,Small Claims,Open,20210930,20210930
34,77487383,"Midland Credit Management, Inc.",2156SC002477,Small Claims,Open,20210930,20210930
35,77487940,"Midland Credit Management, Inc.",2031SC001202,Small Claims,Disposed (Statistical Purposes),20200930,20210604
36,77488106,"Midland Credit Management, Inc.",2156SC000535,Small Claims,Open,20210329,20210329
37,77488188,"Midland Credit Management, Inc.",2156SC000541,Small Claims,Open,20210329,20210329
38,77488222,"Midland Credit Management, Inc.",2156SC000534,Small Claims,Open,20210329,20210329
39,77489364,"Midland Credit Management, Inc.",2088SC000010,Small Claims,Disposed (Statistical Purposes),20200204,20210413
40,77489621,"Midland Credit Management, Inc.",2088SC000009,Small Claims,Disposed (Statistical Purposes),20200204,20200214
41,77490641,"Midland Credit Management, Inc.",2144SC001138,Small Claims,Open,20211214,20211214
42,77490686,"Midland Credit Management, Inc.",2156SC000536,Small Claims,Open,20210329,20210329
43,77490731,"Midland Credit Management, Inc.",2070SC000094,Small Claims,Disposed (Statistical Purposes),20200626,20210412
44,77490975,"Midland Credit Management, Inc.",2144SC001136,Small Claims,Open,20211214,20211214
45,77491573,"Midland Credit Management, Inc.",2156SC002487,Small Claims,Open,20211004,20211004
46,77491578,"Midland Credit Management, Inc.",2023SC002774,Small Claims,Open,20201130,20201130
47,77491826,"Midland Credit Management, Inc.",2156SC002480,Small Claims,Open,20211004,20211004
48,77492751,"Midland Credit Management, Inc.",2156SC002481,Small Claims,Open,20211004,20211004
49,77493085,"Midland Credit Management, Inc.",2156SC000551,Small Claims,Open,20210331,20210331
0,77493250,"Midland Credit Management, Inc.",2156SC000552,Small Claims,Open,20210331,20210331
1,77493256,"Midland Credit Management, Inc.",2156SC000550,Small Claims,Open,20210331,20210331
2,77493262,"Midland Credit Management, Inc.",2156SC000549,Small Claims,Open,20210331,20210331
3,77496600,"Midland Credit Management, Inc.",2023SC002764,Small Claims,Open,20201202,20201202
4,77496796,"Midland Credit Management, Inc.",2023SC002766,Small Claims,Open,20201202,20201202
5,77496825,"Midland Credit Management, Inc.",2023SC002765,Small Claims,Open,20201202,20201202
6,77497166,"Midland Credit Management, Inc.",2023SC002763,Small Claims,Open,20201202,20201202
7,77497770,"Midland Credit Management, Inc.",2144CV000297,Civil,Open,20211222,20211222
8,77497799,"Midland Credit Management, Inc.",2156SC000555,Small Claims,Open,20210401,20210401
9,77497804,"Midland Credit Management, Inc.",2144CV000298,Civil,Open,20211222,20211222
10,77498519,"Midland Credit Management, Inc.",2156SC000557,Small Claims,Open,20210401,20210401
11,77498524,"Midland Credit Management, Inc.",2144CV000299,Civil,Open,20211222,20211222
12,77498932,"Midland Credit Management, Inc.",2070SC000099,Small Claims,Disposed (Statistical Purposes),20200707,20210412
13,77499034,"Midland Credit Management, Inc.",2070SC000098,Small Claims,Disposed (Statistical Purposes),20200707,20220110
14,77501503,"Midland Credit Management, Inc.",2023SC002790,Small Claims,Open,20201207,20201207
15,77501624,"Midland Credit Management, Inc.",2144CV000310,Civil,Open,20211227,20211227
16,77501643,"Midland Credit Management, Inc.",2023SC002788,Small Claims,Open,20201207,20201207
17,77501754,"Midland Credit Management, Inc.",2023SC002789,Small Claims,Open,20201207,20201207
18,77504295,"Midland Credit Management, Inc.",2023SC002792,Small Claims,Open,20201208,20201208
19,77504802,"Midland Credit Management, Inc.",2023SC002797,Small Claims,Open,20201208,20201208
20,77504906,"Midland Credit Management, Inc.",2144CV000316,Civil,Open,20211231,20211231
21,77505003,"Midland Credit Management, Inc.",2023SC002791,Small Claims,Open,20201208,20201208
22,77505086,"Midland Credit Management, Inc.",2023SC002795,Small Claims,Open,20201208,20201208
23,77506467,"Midland Credit Management, Inc.",2023SC002803,Small Claims,Open,20201210,20201210
24,77506491,"Midland Credit Management, Inc.",2023SC002811,Small Claims,Open,20201211,20201211
25,77506518,"Midland Credit Management, Inc.",2023SC002810,Small Claims,Open,20201211,20201211
26,77506669,"Midland Credit Management, Inc.",2156SC000592,Small Claims,Open,20210409,20210409
27,77506814,"Midland Credit Management, Inc.",2023SC002806,Small Claims,Open,20201210,20201210
28,77506866,"Midland Credit Management, Inc.",2023SC002805,Small Claims,Open,20201210,20201210
29,77506993,"Midland Credit Management, Inc.",2156SC000593,Small Claims,Open,20210409,20210409
30,77507148,"Midland Credit Management, Inc.",2023SC002809,Small Claims,Open,20201211,20201211
31,77507381,"Midland Credit Management, Inc.",2156SC002570,Small Claims,Open,20211014,20211014
32,77507623,"Midland Credit Management, Inc.",2244SC000016,Small Claims,Open,20220106,20220106
33,77507736,"Midland Credit Management, Inc.",2156SC002580,Small Claims,Open,20211014,20211014
34,77507862,"Midland Credit Management, Inc.",2156SC002573,Small Claims,Open,20211014,20211014
35,77508218,"Midland Credit Management, Inc.",2156SC002576,Small Claims,Open,20211014,20211014
36,77508705,"Midland Credit Management, Inc.",2023SC002840,Small Claims,Open,20201214,20201214
37,77508805,"Midland Credit Management, Inc.",2023SC002839,Small Claims,Disposed (Statistical Purposes),20201214,20210308
38,77508814,"Midland Credit Management, Inc.",2023SC002846,Small Claims,Open,20201215,20201215
39,77508884,"Midland Credit Management, Inc.",2023SC002842,Small Claims,Open,20201215,20201215
40,77508893,"Midland Credit Management, Inc.",2023SC002847,Small Claims,Open,20201215,20201215
41,77509273,"Midland Credit Management, Inc.",2023SC002845,Small Claims,Open,20201215,20201215
42,77509344,"Midland Credit Management, Inc.",2023SC002838,Small Claims,Open,20201214,20201214
43,77509640,"Midland Credit Management, Inc.",2031SC001260,Small Claims,Disposed (Statistical Purposes),20201022,20210922
44,77510054,"Midland Credit Management, Inc.",2023SC002862,Small Claims,Open,20201217,20201217
45,77510264,"Midland Credit Management, Inc.",2023SC002861,Small Claims,Open,20201216,20201216
46,77510434,"Midland Credit Management, Inc.",2023SC002893,Small Claims,Open,20201217,20201217
47,77510533,"Midland Credit Management, Inc.",2156SC002608,Small Claims,Open,20211015,20211015
48,77510583,"Midland Credit Management, Inc.",2031CV000411,Civil,Disposed (Statistical Purposes),20201023,20210304
49,77510607,"Midland Credit Management, Inc.",2156SC000600,Small Claims,Open,20210413,20210413
0,77510968,"Midland Credit Management, Inc.",2023SC002894,Small Claims,Open,20201217,20201217
1,77511073,"Midland Credit Management, Inc.",2023SC002897,Small Claims,Open,20201217,20201217
2,77511190,"Midland Credit Management, Inc.",2023SC002860,Small Claims,Open,20201217,20201217
3,77511385,"Midland Credit Management, Inc.",2023SC002859,Small Claims,Open,20201216,20201216
4,77511415,"Midland Credit Management, Inc.",2023SC002896,Small Claims,Open,20201217,20201217
5,77511781,"Midland Credit Management, Inc.",2031SC001288,Small Claims,Open,20201026,20201026
6,77511948,"Midland Credit Management, Inc.",2031SC001287,Small Claims,Disposed (Statistical Purposes),20201026,20210512
7,77512088,"Midland Credit Management, Inc.",2031SC001286,Small Claims,Disposed (Statistical Purposes),20201026,20210830
8,77512145,"Midland Credit Management, Inc.",2031SC001284,Small Claims,Disposed (Statistical Purposes),20201026,20210512
9,77512232,"Midland Credit Management, Inc.",2023SC002876,Small Claims,Open,20201218,20201218
10,77512365,"Midland Credit Management, Inc.",2023SC002875,Small Claims,Open,20201218,20201218
11,77513504,"Midland Credit Management, Inc.",2156SC000631,Small Claims,Open,20210416,20210416
12,77514375,"Midland Credit Management, Inc.",2023SC002886,Small Claims,Open,20201223,20201223
13,77514391,"Midland Credit Management, Inc.",2023SC002881,Small Claims,Disposed (Statistical Purposes),20201222,20210701
14,77514400,"Midland Credit Management, Inc.",2031SC001320,Small Claims,Disposed (Statistical Purposes),20201030,20210604
15,77514454,"Midland Credit Management, Inc.",2156SC000630,Small Claims,Open,20210416,20210416
16,77514998,"Midland Credit Management, Inc.",2023SC002888,Small Claims,Open,20201222,20201222
17,77515018,"Midland Credit Management, Inc.",2031SC001321,Small Claims,Disposed (Statistical Purposes),20201030,20210604
18,77515069,"Midland Credit Management, Inc.",2023SC002884,Small Claims,Open,20201222,20201222
19,77515237,"Midland Credit Management, Inc.",2156SC002659,Small Claims,Open,20211020,20211020
20,77515253,"Midland Credit Management, Inc.",2023SC002887,Small Claims,Open,20201223,20201223
21,77516000,"Midland Credit Management, Inc.",2023SC002891,Small Claims,Open,20201224,20201224
22,77516303,"Midland Credit Management, Inc.",2244SC000052,Small Claims,Open,20220124,20220124
23,77516330,"Midland Credit Management, Inc.",2156SC002643,Small Claims,Open,20211019,20211019
24,77516393,"Midland Credit Management, Inc.",2244SC000053,Small Claims,Open,20220124,20220124
25,77516942,"Midland Credit Management, Inc.",2156SC002660,Small Claims,Open,20211020,20211020
26,77517786,"Midland Credit Management, Inc.",2031SC001346,Small Claims,Disposed (Statistical Purposes),20201103,20210604
27,77517802,"Midland Credit Management, Inc.",2023SC002909,Small Claims,Disposed (Statistical Purposes),20201229,20210528
28,77517858,"Midland Credit Management, Inc.",2023SC002910,Small Claims,Open,20201229,20201229
29,77518066,"Midland Credit Management, Inc.",2023SC002908,Small Claims,Open,20201229,20201229
30,77518111,"Midland Credit Management, Inc.",2023SC002915,Small Claims,Open,20201229,20201229
31,77518238,"Midland Credit Management, Inc.",2023SC002907,Small Claims,Open,20201228,20201228
32,77518251,"Midland Credit Management, Inc.",2023SC002919,Small Claims,Open,20201229,20201229
33,77518742,"Midland Credit Management, Inc.",2023CV000958,Civil,Disposed (Statistical Purposes),20201228,20210422
34,77518928,"Midland Credit Management, Inc.",2023SC002918,Small Claims,Open,20201229,20201229
35,77518962,"Midland Credit Management, Inc.",2156SC000652,Small Claims,Open,20210421,20210421
36,77518968,"Midland Credit Management, Inc.",2023SC002912,Small Claims,Open,20201229,20201229
37,77519109,"Midland Credit Management, Inc.",2023SC002913,Small Claims,Open,20201229,20201229
38,77519193,"Midland Credit Management, Inc.",2023SC002917,Small Claims,Open,20201229,20201229
39,77519267,"Midland Credit Management, Inc.",2023SC002920,Small Claims,Open,20201229,20201229
40,77519302,"Midland Credit Management, Inc.",2023SC002911,Small Claims,Open,20201229,20201229
41,77520557,"Midland Credit Management, Inc.",2156SC000663,Small Claims,Open,20210423,20210423
42,77520611,"Midland Credit Management, Inc.",2244SC000062,Small Claims,Open,20220131,20220131
43,77520728,"Midland Credit Management, Inc.",2023SC002953,Small Claims,Open,20201230,20201230
44,77520971,"Midland Credit Management, Inc.",2053SC000493,Small Claims,Disposed (Statistical Purposes),20200602,20210203
45,77521125,"Midland Credit Management, Inc.",2023SC002938,Small Claims,Open,20201230,20201230
46,77521135,"Midland Credit Management, Inc.",2156SC000662,Small Claims,Open,20210423,20210423
47,77521522,"Midland Credit Management, Inc.",2023SC002945,Small Claims,Open,20201230,20201230
48,77521612,"Midland Credit Management, Inc.",2023SC002941,Small Claims,Open,20201230,20201230
49,77521647,"Midland Credit Management, Inc.",2023SC002955,Small Claims,Open,20201230,20201230
0,77521861,"Midland Credit Management, Inc.",2156SC002720,Small Claims,Open,20211025,20211025
1,77521996,"Midland Credit Management, Inc.",2244CV000042,Civil,Open,20220203,20220203
2,77522127,"Midland Credit Management, Inc.",2023SC002948,Small Claims,Open,20201230,20201230
3,77522138,"Midland Credit Management, Inc.",2023SC002922,Small Claims,Open,20201230,20201230
4,77522152,"Midland Credit Management, Inc.",2023SC002923,Small Claims,Open,20201230,20201230
5,77522199,"Midland Credit Management, Inc.",2023SC002940,Small Claims,Open,20201230,20201230
6,77522337,"Midland Credit Management, Inc.",2023SC002947,Small Claims,Open,20201230,20201230
7,77522415,"Midland Credit Management, Inc.",2023SC002905,Small Claims,Open,20201230,20201230
8,77522735,"Midland Credit Management, Inc.",2023SC002926,Small Claims,Open,20201230,20201230
9,77522829,"Midland Credit Management, Inc.",2023SC002951,Small Claims,Open,20201230,20201230
10,77522854,"Midland Credit Management, Inc.",2023SC002946,Small Claims,Open,20201230,20201230
11,77522914,"Midland Credit Management, Inc.",2023SC002924,Small Claims,Open,20201230,20201230
12,77523058,"Midland Credit Management, Inc.",2023SC002931,Small Claims,Open,20201230,20201230
13,77523076,"Midland Credit Management, Inc.",2023SC002925,Small Claims,Open,20201230,20201230
14,77523126,"Midland Credit Management, Inc.",2023SC002950,Small Claims,Open,20201230,20201230
15,77523479,"Midland Credit Management, Inc.",2023SC002949,Small Claims,Open,20201230,20201230
16,77523745,"Midland Credit Management, Inc.",2023SC002939,Small Claims,Open,20201230,20201230
17,77523814,"Midland Credit Management, Inc.",2031SC001359,Small Claims,Disposed (Statistical Purposes),20201109,20210601
18,77523823,"Midland Credit Management, Inc.",2023SC002921,Small Claims,Open,20201230,20201230
19,77523856,"Midland Credit Management, Inc.",2156SC000664,Small Claims,Open,20210426,20210426
20,77523975,"Midland Credit Management, Inc.",2023SC002942,Small Claims,Open,20201230,20201230
21,77523985,"Midland Credit Management, Inc.",2156SC000666,Small Claims,Disposed (Statistical Purposes),20210426,20210524
22,77524066,"Midland Credit Management, Inc.",2023SC002976,Small Claims,Open,20201230,20201230
23,77524353,"Midland Credit Management, Inc.",2156SC000665,Small Claims,Open,20210426,20210426
24,77524745,"Midland Credit Management, Inc.",2123SC000002,Small Claims,Open,20210101,20210101
25,77524775,"Midland Credit Management, Inc.",2123SC000001,Small Claims,Disposed (Statistical Purposes),20210101,20210329
26,77525060,"Midland Credit Management, Inc.",2156SC000694,Small Claims,Open,20210427,20210427
27,77525197,"Midland Credit Management, Inc.",2053SC000509,Small Claims,Disposed (Statistical Purposes),20200609,20210210
28,77525333,"Midland Credit Management, Inc.",2156SC000675,Small Claims,Open,20210427,20210427
29,77525352,"Midland Credit Management, Inc.",2156SC000680,Small Claims,Open,20210427,20210427
30,77525472,"Midland Credit Management, Inc.",2156SC000683,Small Claims,Open,20210427,20210427
31,77525499,"Midland Credit Management, Inc.",2156SC000679,Small Claims,Open,20210427,20210427
32,77525838,"Midland Credit Management, Inc.",2156SC000674,Small Claims,Open,20210427,20210427
33,77525872,"Midland Credit Management, Inc.",2156SC000677,Small Claims,Open,20210427,20210427
34,77526694,"Midland Credit Management, Inc.",2156SC000676,Small Claims,Open,20210427,20210427
35,77526775,"Midland Credit Management, Inc.",2170SC000361,Small Claims,Open,20211118,20211118
36,77526832,"Midland Credit Management, Inc.",2156SC000682,Small Claims,Open,20210427,20210427
37,77526904,"Midland Credit Management, Inc.",2156SC000681,Small Claims,Open,20210427,20210427
38,77527309,"Midland Credit Management, Inc.",2156SC002778,Small Claims,Open,20211027,20211027
39,77527314,"Midland Credit Management, Inc.",2156SC000673,Small Claims,Open,20210427,20210427
40,77527365,"Midland Credit Management, Inc.",2156SC002793,Small Claims,Open,20211028,20211028
41,77527469,"Midland Credit Management, Inc.",2060SC000317,Small Claims,Suspended- COVID 19-Extend-Notices sent,20200302,20200529
42,77528287,"Midland Credit Management, Inc.",2123SC000048,Small Claims,Open,20210106,20210106
43,77528421,"Midland Credit Management, Inc.",2156SC002779,Small Claims,Open,20211027,20211027
44,77528426,"Midland Credit Management, Inc.",2156SC000684,Small Claims,Open,20210427,20210427
45,77528678,"Midland Credit Management, Inc.",2123SC000045,Small Claims,Open,20210105,20210105
46,77528772,"Midland Credit Management, Inc.",2170SC000368,Small Claims,Open,20211123,20211123
47,77528831,"Midland Credit Management, Inc.",2053SC000525,Small Claims,Disposed (Statistical Purposes),20200615,20210222
48,77528849,"Midland Credit Management, Inc.",2123SC000047,Small Claims,Open,20210105,20210105
49,77528917,"Midland Credit Management, Inc.",2053SC000524,Small Claims,Disposed (Statistical Purposes),20200615,20210823
0,77528947,"Midland Credit Management, Inc.",2123SC000056,Small Claims,Open,20210106,20210106
1,77529013,"Midland Credit Management, Inc.",2053SC000526,Small Claims,Disposed (Statistical Purposes),20200615,20210106
2,77529164,"Midland Credit Management, Inc.",2123SC000058,Small Claims,Open,20210106,20210106
3,77529336,"Midland Credit Management, Inc.",2053SC000522,Small Claims,Disposed (Statistical Purposes),20200615,20210217
4,77529493,"Midland Credit Management, Inc.",2053SC000523,Small Claims,Disposed (Statistical Purposes),20200615,20210217
5,77529670,"Midland Credit Management, Inc.",2123SC000046,Small Claims,Open,20210105,20210105
6,77529725,"Midland Credit Management, Inc.",2123SC000060,Small Claims,Open,20210106,20210106
7,77529732,"Midland Credit Management, Inc.",2123SC000057,Small Claims,Open,20210106,20210106
8,77529745,"Midland Credit Management, Inc.",2170SC000371EF,Small Claims,Open,20211124,20211124
9,77529834,"Midland Credit Management, Inc.",2170SC000370EF,Small Claims,Open,20211124,20211124
10,77529961,"Midland Credit Management, Inc.",2123SC000038,Small Claims,Open,20210106,20210106
11,77530029,"Midland Credit Management, Inc.",2123SC000059,Small Claims,Open,20210106,20210106
12,77530345,"Midland Credit Management, Inc.",2123SC000061,Small Claims,Open,20210106,20210106
13,77531085,"Midland Credit Management, Inc.",2170SC000375EF,Small Claims,Open,20211130,20211130
14,77531629,"Midland Credit Management, Inc.",2156SC000731,Small Claims,Open,20210503,20210503
15,77531766,"Midland Credit Management, Inc.",2123SC000079,Small Claims,Open,20210108,20210108
16,77532024,"Midland Credit Management, Inc.",2156SC000732,Small Claims,Open,20210503,20210503
17,77532417,"Midland Credit Management, Inc.",2156SC000734,Small Claims,Open,20210503,20210503
18,77532506,"Midland Credit Management, Inc.",2123SC000074,Small Claims,Open,20210108,20210108
19,77532677,"Midland Credit Management, Inc.",2123SC000075,Small Claims,Open,20210108,20210108
20,77533899,"Midland Credit Management, Inc.",2156SC000733,Small Claims,Open,20210503,20210503
21,77533967,"Midland Credit Management, Inc.",2065SC000306,Small Claims,Disposed (Statistical Purposes),20200828,20210712
22,77534101,"Midland Credit Management, Inc.",2065SC000308-EF,Small Claims,Disposed (Statistical Purposes),20200828,20210803
23,77534182,"Midland Credit Management, Inc.",2053SC000549,Small Claims,Disposed (Statistical Purposes),20200623,20210224
24,77534232,"Midland Credit Management, Inc.",2170SC000380EF,Small Claims,Open,20211206,20211206
25,77534288,"Midland Credit Management, Inc.",2170SC000385,Small Claims,Open,20211206,20211206
26,77534503,"Midland Credit Management, Inc.",2170SC000381EF,Small Claims,Open,20211206,20211206
27,77534972,"Midland Credit Management, Inc.",2060SC000354,Small Claims,Disposed (Statistical Purposes),20200309,20211021
28,77535448,"Midland Credit Management, Inc.",2053SC000561,Small Claims,Disposed (Statistical Purposes),20200626,20200727
29,77535459,"Midland Credit Management, Inc.",2060SC000356,Small Claims,Disposed (Statistical Purposes),20200309,20211021
30,77535553,"Midland Credit Management, Inc.",2053SC000556,Small Claims,Disposed (Statistical Purposes),20200626,20210125
31,77535575,"Midland Credit Management, Inc.",2060SC000357,Small Claims,Disposed (Statistical Purposes),20200309,20211021
32,77535591,"Midland Credit Management, Inc.",2123SC000116,Small Claims,Open,20210114,20210114
33,77535833,"Midland Credit Management, Inc.",2053SC000554,Small Claims,Disposed (Statistical Purposes),20200626,20210224
34,77536653,"Midland Credit Management, Inc.",2060SC000355,Small Claims,Disposed (Statistical Purposes),20200309,20211021
35,77536712,"Midland Credit Management, Inc.",2060SC000351,Small Claims,Disposed (Statistical Purposes),20200309,20211021
36,77536729,"Midland Credit Management, Inc.",2065SC000315,Small Claims,Disposed (Statistical Purposes),20200904,20210803
37,77537014,"Midland Credit Management, Inc.",2123SC000112,Small Claims,Open,20210114,20210114
38,77537344,"Midland Credit Management, Inc.",2156SC002878,Small Claims,Open,20211105,20211105
39,77537350,"Midland Credit Management, Inc.",2053SC000563,Small Claims,Disposed (Statistical Purposes),20200629,20210224
40,77537866,"Midland Credit Management, Inc.",2123SC000113,Small Claims,Open,20210114,20210114
41,77538184,"Midland Credit Management, Inc.",2065SC000320,Small Claims,Disposed (Statistical Purposes),20200908,20210817
42,77538333,"Midland Credit Management, Inc.",2065SC000317,Small Claims,Disposed (Statistical Purposes),20200908,20210803
43,77538412,"Midland Credit Management, Inc.",2065SC000321,Small Claims,Disposed (Statistical Purposes),20200908,20211126
44,77539070,"Midland Credit Management, Inc.",2065SC000319-EF,Small Claims,Disposed (Statistical Purposes),20200909,20210803
45,77539156,"Midland Credit Management, Inc.",2156SC000789,Small Claims,Open,20210512,20210512
46,77539337,"Midland Credit Management, Inc.",2123SC000117,Small Claims,Open,20210115,20210115
47,77539632,"Midland Credit Management, Inc.",2053SC000572,Small Claims,Disposed (Statistical Purposes),20200703,20210216
48,77539948,"Midland Credit Management, Inc.",2156SC000788,Small Claims,Open,20210512,20210512
49,77540064,"Midland Credit Management, Inc.",2065SC000324-EF,Small Claims,Disposed (Statistical Purposes),20200911,20210817
0,77540568,"Midland Credit Management, Inc.",2156SC000769,Small Claims,Open,20210511,20210511
1,77540654,"Midland Credit Management, Inc.",2123SC000127,Small Claims,Disposed (Statistical Purposes),20210118,20211022
2,77540720,"Midland Credit Management, Inc.",2170SC000403EF,Small Claims,Open,20211222,20211222
3,77540808,"Midland Credit Management, Inc.",2123SC000129,Small Claims,Open,20210118,20210118
4,77541170,"Midland Credit Management, Inc.",2065SC000326-EF,Small Claims,Disposed (Statistical Purposes),20200914,20210817
5,77541845,"Midland Credit Management, Inc.",2156SC000783,Small Claims,Open,20210512,20210512
6,77541925,"Midland Credit Management, Inc.",2123SC000133,Small Claims,Disposed (Statistical Purposes),20210119,20210422
7,77542258,"Midland Credit Management, Inc.",2065SC000334,Small Claims,Disposed (Statistical Purposes),20200916,20210831
8,77542387,"Midland Credit Management, Inc.",2065SC000335,Small Claims,Disposed (Statistical Purposes),20200916,20210831
9,77542465,"Midland Credit Management, Inc.",2156SC000787,Small Claims,Open,20210512,20210512
10,77542473,"Midland Credit Management, Inc.",2123SC000139,Small Claims,Open,20210120,20210120
11,77542478,"Midland Credit Management, Inc.",2065SC000333,Small Claims,Disposed (Statistical Purposes),20200916,20211012
12,77542625,"Midland Credit Management, Inc.",2065SC000329-EF,Small Claims,Disposed (Statistical Purposes),20200915,20210817
13,77542720,"Midland Credit Management, Inc.",2123SC000134,Small Claims,Open,20210119,20210119
14,77542779,"Midland Credit Management, Inc.",2123SC000136,Small Claims,Open,20210120,20210120
15,77543341,"Midland Credit Management, Inc.",2123SC000140,Small Claims,Open,20210120,20210120
16,77543351,"Midland Credit Management, Inc.",2123SC000132,Small Claims,Open,20210119,20210119
17,77543593,"Midland Credit Management, Inc.",2065SC000341-EF,Small Claims,Disposed (Statistical Purposes),20200917,20210831
18,77543799,"Midland Credit Management, Inc.",2065SC000339,Small Claims,Disposed (Statistical Purposes),20200917,20210607
19,77543913,"Midland Credit Management, Inc.",2123SC000137,Small Claims,Open,20210120,20210120
20,77544083,"Midland Credit Management, Inc.",2065SC000342-EF,Small Claims,Disposed (Statistical Purposes),20200917,20210921
21,77544583,"Midland Credit Management, Inc.",2060SC000374,Small Claims,Closed,20200319,20210624
22,77545358,"Midland Credit Management, Inc.",2270SC000001,Small Claims,Open,20220103,20220103
23,77545488,"Midland Credit Management, Inc.",2065SC000348,Small Claims,Open,20200921,20200921
24,77545641,"Midland Credit Management, Inc.",2065SC000346-EF,Small Claims,Open,20200921,20200921
25,77545683,"Midland Credit Management, Inc.",2136SC000162,Small Claims,Disposed (Statistical Purposes),20210217,20220106
26,77545728,"Midland Credit Management, Inc.",2065SC000347,Small Claims,Disposed (Statistical Purposes),20200921,20210921
27,77545757,"Midland Credit Management, Inc.",2123SC000153,Small Claims,Open,20210122,20210122
28,77546609,"Midland Credit Management, Inc.",2270CV000004,Civil,Open,20220106,20220106
29,77546946,"Midland Credit Management, Inc.",2065SC000351-EF,Small Claims,Disposed (Statistical Purposes),20200923,20210421
30,77546952,"Midland Credit Management, Inc.",2270SC000002EF,Small Claims,Open,20220105,20220105
31,77547609,"Midland Credit Management, Inc.",2123SC000151,Small Claims,Open,20210122,20210122
32,77548625,"Midland Credit Management, Inc.",2123SC000147,Small Claims,Open,20210121,20210121
33,77549013,"Midland Credit Management, Inc.",2136SC000164,Small Claims,Disposed (Statistical Purposes),20210218,20220106
34,77550420,"Midland Credit Management, Inc.",2065SC000363,Small Claims,Open,20200928,20200928
35,77551212,"Midland Credit Management, Inc.",2136SC000167,Small Claims,Disposed (Statistical Purposes),20210222,20211108
36,77552001,"Midland Credit Management, Inc.",2136SC000914,Small Claims,Open,20210817,20210817
37,77553293,"Midland Credit Management, Inc.",2123SC000201,Small Claims,Open,20210127,20210127
38,77553647,"Midland Credit Management, Inc.",2136SC000915,Small Claims,Open,20210818,20210818
39,77554072,"Midland Credit Management, Inc.",2123SC000199,Small Claims,Open,20210127,20210127
40,77554148,"Midland Credit Management, Inc.",2123SC000198,Small Claims,Disposed (Statistical Purposes),20210127,20210616
41,77554487,"Midland Credit Management, Inc.",1933SC003795,Small Claims,Disposed (Statistical Purposes),20191125,20210115
42,77554521,"Midland Credit Management, Inc.",1933SC003799,Small Claims,Suspended Covid 19 extended,20191125,20200402
43,77554729,"Midland Credit Management, Inc.",1933SC003794,Small Claims,Disposed (Statistical Purposes),20191125,20191213
44,77554859,"Midland Credit Management, Inc.",1933SC003789,Small Claims,Suspended Covid 19 extended,20191125,20200311
45,77556262,"Midland Credit Management, Inc.",1933SC003788,Small Claims,Suspended Covid 19 extended,20191125,20200402
46,77556420,"Midland Credit Management, Inc.",1933SC003790,Small Claims,Suspended Covid 19 extended,20191125,20200402
47,77556471,"Midland Credit Management, Inc.",1933SC003797,Small Claims,Closed,20191125,20201109
48,77556697,"Midland Credit Management, Inc.",2136SC000194,Small Claims,Disposed (Statistical Purposes),20210301,20211028
49,77556915,"Midland Credit Management, Inc.",2136SC000941,Small Claims,Open,20210823,20210823
0,77557342,"Midland Credit Management, Inc.",1933SC003800,Small Claims,Suspended Covid 19 extended,20191125,20200402
1,77559008,"Midland Credit Management, Inc.",2123SC000230,Small Claims,Open,20210202,20210202
2,77559089,"Midland Credit Management, Inc.",2123SC000231,Small Claims,Open,20210202,20210202
3,77559247,"Midland Credit Management, Inc.",2136SC000197,Small Claims,Disposed (Statistical Purposes),20210302,20210330
4,77559883,"Midland Credit Management, Inc.",2123SC000222,Small Claims,Open,20210203,20210203
5,77559942,"Midland Credit Management, Inc.",2123SC000227,Small Claims,Open,20210202,20210202
6,77560612,"Midland Credit Management, Inc.",2136SC000243,Small Claims,Disposed (Statistical Purposes),20210305,20211028
7,77560733,"Midland Credit Management, Inc.",2123SC000223,Small Claims,Open,20210203,20210203
8,77561290,"Midland Credit Management, Inc.",2136SC000244,Small Claims,Open,20210305,20210305
9,77561543,"Midland Credit Management, Inc.",2153SC001400,Small Claims,Open,20211116,20211116
10,77562098,"Midland Credit Management, Inc.",2123SC000255,Small Claims,Open,20210205,20210205
11,77562173,"Midland Credit Management, Inc.",2136SC000952,Small Claims,Open,20210830,20210830
12,77562248,"Midland Credit Management, Inc.",2065CV000135,Civil,Disposed (Statistical Purposes),20201022,20210330
13,77562389,"Midland Credit Management, Inc.",2065SC000399,Small Claims,Disposed (Statistical Purposes),20201021,20211025
14,77562656,"Midland Credit Management, Inc.",2136SC000247,Small Claims,Disposed (Statistical Purposes),20210309,20210616
15,77562663,"Midland Credit Management, Inc.",2065SC000394,Small Claims,Open,20201021,20201021
16,77562675,"Midland Credit Management, Inc.",2153SC001418,Small Claims,Open,20211119,20211119
17,77562748,"Midland Credit Management, Inc.",2065SC000397,Small Claims,Disposed (Statistical Purposes),20201021,20211025
18,77563015,"Midland Credit Management, Inc.",2136SC000248,Small Claims,Disposed (Statistical Purposes),20210309,20211104
19,77563029,"Midland Credit Management, Inc.",2153SC001419,Small Claims,Open,20211119,20211119
20,77563840,"Midland Credit Management, Inc.",2065SC000405,Small Claims,Disposed (Statistical Purposes),20201023,20211117
21,77564452,"Midland Credit Management, Inc.",2153SC001444,Small Claims,Open,20211123,20211123
22,77564535,"Midland Credit Management, Inc.",2136SC000976,Small Claims,Open,20210903,20210903
23,77564608,"Midland Credit Management, Inc.",2153SC001435,Small Claims,Open,20211122,20211122
24,77564683,"Midland Credit Management, Inc.",2153SC001443,Small Claims,Open,20211123,20211123
25,77564750,"Midland Credit Management, Inc.",2065SC000408,Small Claims,Disposed (Statistical Purposes),20201026,20210913
26,77564890,"Midland Credit Management, Inc.",2153SC001428,Small Claims,Open,20211122,20211122
27,77564954,"Midland Credit Management, Inc.",2153SC001427,Small Claims,Open,20211122,20211122
28,77565334,"Midland Credit Management, Inc.",2153SC001445,Small Claims,Open,20211123,20211123
29,77565364,"Midland Credit Management, Inc.",2153SC001434,Small Claims,Open,20211122,20211122
30,77565514,"Midland Credit Management, Inc.",2123SC000286,Small Claims,Disposed (Statistical Purposes),20210211,20210917
31,77565691,"Midland Credit Management, Inc.",1933SC003842,Small Claims,Disposed (Statistical Purposes),20191202,20200219
32,77565727,"Midland Credit Management, Inc.",2136SC000977,Small Claims,Open,20210906,20210906
33,77565771,"Midland Credit Management, Inc.",2136SC000978,Small Claims,Open,20210906,20210906
34,77567288,"Midland Credit Management, Inc.",2153SC001450,Small Claims,Open,20211126,20211126
35,77567929,"Midland Credit Management, Inc.",2136SC000988,Small Claims,Open,20210909,20210909
36,77568035,"Midland Credit Management, Inc.",2065SC000416,Small Claims,Disposed (Statistical Purposes),20201102,20211108
37,77568279,"Midland Credit Management, Inc.",2153SC001452,Small Claims,Open,20211129,20211129
38,77568346,"Midland Credit Management, Inc.",2153SC001456,Small Claims,Open,20211129,20211129
39,77569218,"Midland Credit Management, Inc.",2065SC000421-EF,Small Claims,Disposed (Statistical Purposes),20201105,20211108
40,77569311,"Midland Credit Management, Inc.",2065SC000420-EF,Small Claims,Disposed (Statistical Purposes),20201105,20211108
41,77569497,"Midland Credit Management, Inc.",2065SC000419-EF,Small Claims,Disposed (Statistical Purposes),20201105,20211108
42,77570192,"Midland Credit Management, Inc.",2136SC000299,Small Claims,Disposed (Statistical Purposes),20210319,20211104
43,77570252,"Midland Credit Management, Inc.",2153SC001460,Small Claims,Open,20211130,20211130
44,77570434,"Midland Credit Management, Inc.",2153SC001462,Small Claims,Open,20211130,20211130
45,77571770,"Midland Credit Management, Inc.",2065SC000424-EF,Small Claims,Disposed (Statistical Purposes),20201109,20211116
46,77571819,"Midland Credit Management, Inc.",2065SC000423-EF,Small Claims,Disposed (Statistical Purposes),20201109,20211124
47,77571833,"Midland Credit Management, Inc.",2153SC001479,Small Claims,Open,20211203,20211203
48,77571854,"Midland Credit Management, Inc.",2153SC001477,Small Claims,Open,20211203,20211203
49,77572441,"Midland Credit Management, Inc.",2153SC001466,Small Claims,Open,20211202,20211202
0,77572590,"Midland Credit Management, Inc.",2153SC001476,Small Claims,Open,20211203,20211203
1,77572651,"Midland Credit Management, Inc.",2153SC001478,Small Claims,Open,20211203,20211203
2,77572767,"Midland Credit Management, Inc.",2136SC000305,Small Claims,Disposed (Statistical Purposes),20210323,20211104
3,77573166,"Midland Credit Management, Inc.",2153SC001467,Small Claims,Open,20211202,20211202
4,77573217,"Midland Credit Management, Inc.",2153SC001468,Small Claims,Open,20211202,20211202
5,77574372,"Midland Credit Management, Inc.",1933SC003916,Small Claims,Suspended Covid 19 extended,20191211,20200219
6,77574975,"Midland Credit Management, Inc.",2055SC000627,Small Claims,Open,20201120,20201120
7,77575278,"Midland Credit Management, Inc.",2153SC001484,Small Claims,Open,20211206,20211206
8,77576107,"Midland Credit Management, Inc.",1933SC003914,Small Claims,Suspended Covid 19 extended,20191211,20200401
9,77576549,"Midland Credit Management, Inc.",2153SC001486,Small Claims,Open,20211206,20211206
10,77576677,"Midland Credit Management, Inc.",2153SC001485,Small Claims,Open,20211206,20211206
11,77578072,"Midland Credit Management, Inc.",2055SC000625,Small Claims,Disposed (Statistical Purposes),20201123,20210616
12,77578779,"Midland Credit Management, Inc.",2055SC000624,Small Claims,Disposed (Statistical Purposes),20201123,20210616
13,77579391,"Midland Credit Management, Inc.",2153SC001500,Small Claims,Open,20211208,20211208
14,77579553,"Midland Credit Management, Inc.",2153SC001501,Small Claims,Open,20211208,20211208
15,77580500,"Midland Credit Management, Inc.",2136SC001036,Small Claims,Open,20210921,20210921
16,77580640,"Midland Credit Management, Inc.",2055SC000641,Small Claims,Disposed (Statistical Purposes),20201125,20210707
17,77581422,"Midland Credit Management, Inc.",2136SC000334,Small Claims,Disposed (Statistical Purposes),20210329,20211104
18,77581437,"Midland Credit Management, Inc.",2153SC001510,Small Claims,Open,20211210,20211210
19,77581807,"Midland Credit Management, Inc.",2055SC000640,Small Claims,Disposed (Statistical Purposes),20201125,20210707
20,77582641,"Midland Credit Management, Inc.",2153SC001512,Small Claims,Open,20211210,20211210
21,77582998,"Midland Credit Management, Inc.",2153SC001511,Small Claims,Open,20211210,20211210
22,77583338,"Midland Credit Management, Inc.",2136SC000333,Small Claims,Disposed (Statistical Purposes),20210329,20211104
23,77583998,"Midland Credit Management, Inc.",1933SC003938,Small Claims,Disposed (Statistical Purposes),20191212,20200212
24,77587295,"Midland Credit Management, Inc.",2051SC000390,Small Claims,Disposed (Statistical Purposes),20200826,20210222
25,77588381,"Midland Credit Management, Inc.",2153SC001527,Small Claims,Open,20211214,20211214
26,77589354,"Midland Credit Management, Inc.",2051SC000421,Small Claims,Disposed (Statistical Purposes),20200828,20210315
27,77589911,"Midland Credit Management, Inc.",2136SC001076,Small Claims,Open,20210930,20210930
28,77590806,"Midland Credit Management, Inc.",1933SC003965,Small Claims,Disposed (Statistical Purposes),20191216,20211012
29,77591538,"Midland Credit Management, Inc.",2051SC000419,Small Claims,Open,20200831,20200831
30,77591813,"Midland Credit Management, Inc.",2051SC000414,Small Claims,Open,20200831,20200831
31,77591868,"Midland Credit Management, Inc.",2051SC000418,Small Claims,Open,20200831,20200831
32,77593945,"Midland Credit Management, Inc.",2062SC001079,Small Claims,Disposed (Statistical Purposes),20200603,20210112
33,77594063,"Midland Credit Management, Inc.",2062SC001078,Small Claims,Disposed (Statistical Purposes),20200603,20210112
34,77595794,"Midland Credit Management, Inc.",2153SC001553,Small Claims,Open,20211221,20211221
35,77595799,"Midland Credit Management, Inc.",2136SC001078,Small Claims,Open,20211004,20211004
36,77596454,"Midland Credit Management, Inc.",2055SC000668,Small Claims,Disposed (Statistical Purposes),20201209,20211117
37,77596562,"Midland Credit Management, Inc.",2055SC000666,Small Claims,Disposed (Statistical Purposes),20201208,20210901
38,77596891,"Midland Credit Management, Inc.",2055SC000662,Small Claims,Disposed (Statistical Purposes),20201208,20210707
39,77597136,"Midland Credit Management, Inc.",2055SC000664,Small Claims,Closed,20201208,20210707
40,77597390,"Midland Credit Management, Inc.",2153SC001549,Small Claims,Open,20211221,20211221
41,77597663,"Midland Credit Management, Inc.",1933SC003963,Small Claims,Open,20191216,20191216
42,77599247,"Midland Credit Management, Inc.",2055SC000670,Small Claims,Disposed (Statistical Purposes),20201210,20210816
43,77599287,"Midland Credit Management, Inc.",2153SC001561,Small Claims,Open,20211222,20211222
44,77601089,"Midland Credit Management, Inc.",2136SC000366,Small Claims,Disposed (Statistical Purposes),20210409,20211123
45,77601412,"Midland Credit Management, Inc.",2051SC000433,Small Claims,Disposed (Statistical Purposes),20200909,20210809
46,77601962,"Midland Credit Management, Inc.",2051SC000430,Small Claims,Disposed (Statistical Purposes),20200909,20210503
47,77603067,"Midland Credit Management, Inc.",2153SC001577,Small Claims,Open,20211227,20211227
48,77603214,"Midland Credit Management, Inc.",2153SC001574,Small Claims,Open,20211227,20211227
49,77603373,"Midland Credit Management, Inc.",2136SC001087,Small Claims,Open,20211012,20211012
0,77603532,"Midland Credit Management, Inc.",1933SC004019,Small Claims,Disposed (Statistical Purposes),20191220,20200122
1,77603631,"Midland Credit Management, Inc.",1933SC004020,Small Claims,Disposed (Statistical Purposes),20191220,20200122
2,77603922,"Midland Credit Management, Inc.",1933SC004027,Small Claims,Disposed (Statistical Purposes),20191223,20200130
3,77604478,"Midland Credit Management, Inc.",2051SC000444,Small Claims,Disposed (Statistical Purposes),20200915,20210208
4,77604491,"Midland Credit Management, Inc.",1933SC004024,Small Claims,Disposed (Statistical Purposes),20191223,20200313
5,77605475,"Midland Credit Management, Inc.",1933SC004023,Small Claims,Suspended Covid 19 extended,20191223,20200205
6,77605660,"Midland Credit Management, Inc.",1933SC004030,Small Claims,Disposed (Statistical Purposes),20191223,20200129
7,77605679,"Midland Credit Management, Inc.",2136SC001092,Small Claims,Open,20211014,20211014
8,77606371,"Midland Credit Management, Inc.",2051SC000448,Small Claims,Disposed (Statistical Purposes),20200918,20210208
9,77606644,"Midland Credit Management, Inc.",2055SC000690,Small Claims,Closed,20201223,20210629
10,77606760,"Midland Credit Management, Inc.",2055SC000689,Small Claims,Disposed (Statistical Purposes),20201222,20210714
11,77606886,"Midland Credit Management, Inc.",2055SC000688,Small Claims,Disposed (Statistical Purposes),20201222,20210908
12,77608109,"Midland Credit Management, Inc.",2055SC000691,Small Claims,Open,20201224,20201224
13,77608183,"Midland Credit Management, Inc.",2055SC000692,Small Claims,Closed,20201224,20210504
14,77608329,"Midland Credit Management, Inc.",2062SC001129,Small Claims,Disposed (Statistical Purposes),20200615,20210512
15,77608981,"Midland Credit Management, Inc.",2136SC001117,Small Claims,Open,20211020,20211020
16,77609442,"Midland Credit Management, Inc.",2253SC000012,Small Claims,Open,20220105,20220105
17,77609792,"Midland Credit Management, Inc.",2136SC001114,Small Claims,Open,20211019,20211019
18,77609829,"Midland Credit Management, Inc.",2136SC001119,Small Claims,Open,20211020,20211020
19,77609847,"Midland Credit Management, Inc.",2136SC001120,Small Claims,Open,20211020,20211020
20,77609872,"Midland Credit Management, Inc.",2136SC001115,Small Claims,Open,20211019,20211019
21,77611214,"Midland Credit Management, Inc.",2055SC000699,Small Claims,Disposed (Statistical Purposes),20201231,20210714
22,77611293,"Midland Credit Management, Inc.",2055SC000705,Small Claims,Closed,20201231,20210721
23,77611380,"Midland Credit Management, Inc.",2055SC000700,Small Claims,Disposed (Statistical Purposes),20201231,20210714
24,77611499,"Midland Credit Management, Inc.",2055SC000701,Small Claims,Closed,20201231,20210803
25,77611935,"Midland Credit Management, Inc.",2062SC001132,Small Claims,Disposed (Statistical Purposes),20200619,20210127
26,77612241,"Midland Credit Management, Inc.",2055SC000698,Small Claims,Disposed (Statistical Purposes),20201231,20210714
27,77612399,"Midland Credit Management, Inc.",2055SC000706,Small Claims,Disposed (Statistical Purposes),20201231,20210429
28,77613461,"Midland Credit Management, Inc.",2155SC000004,Small Claims,Disposed (Statistical Purposes),20210101,20210721
29,77613481,"Midland Credit Management, Inc.",2051SC000473,Small Claims,Disposed (Statistical Purposes),20201002,20210308
30,77613576,"Midland Credit Management, Inc.",2051SC000459,Small Claims,Disposed (Statistical Purposes),20201001,20210208
31,77614230,"Midland Credit Management, Inc.",2051SC000475,Small Claims,Disposed (Statistical Purposes),20201002,20210412
32,77614344,"Midland Credit Management, Inc.",2051SC000470,Small Claims,Disposed (Statistical Purposes),20201002,20210308
33,77614719,"Midland Credit Management, Inc.",2051SC000471,Small Claims,Disposed (Statistical Purposes),20201002,20210308
34,77614975,"Midland Credit Management, Inc.",2136SC001142,Small Claims,Open,20211026,20211026
35,77616421,"Midland Credit Management, Inc.",2062SC001153,Small Claims,Disposed (Statistical Purposes),20200623,20210616
36,77616640,"Midland Credit Management, Inc.",2062SC001152,Small Claims,Disposed (Statistical Purposes),20200623,20210512
37,77617257,"Midland Credit Management, Inc.",2136SC001144,Small Claims,Open,20211027,20211027
38,77618270,"Midland Credit Management, Inc.",2062SC001177,Small Claims,Disposed (Statistical Purposes),20200626,20210201
39,77618554,"Midland Credit Management, Inc.",1933SC004102,Small Claims,Disposed (Statistical Purposes),20191230,20200129
40,77618608,"Midland Credit Management, Inc.",2062SC001199,Small Claims,Disposed (Statistical Purposes),20200626,20210302
41,77618813,"Midland Credit Management, Inc.",2062SC001206,Small Claims,Disposed (Statistical Purposes),20200626,20210310
42,77618978,"Midland Credit Management, Inc.",2155SC000010,Small Claims,Disposed (Statistical Purposes),20210105,20210510
43,77620282,"Midland Credit Management, Inc.",2062SC001200,Small Claims,Disposed (Statistical Purposes),20200626,20210302
44,77620912,"Midland Credit Management, Inc.",2136SC001190,Small Claims,Open,20211101,20211101
45,77621256,"Midland Credit Management, Inc.",2136SC001171,Small Claims,Open,20211101,20211101
46,77621841,"Midland Credit Management, Inc.",2253SC000054,Small Claims,Open,20220124,20220124
47,77622974,"Midland Credit Management, Inc.",2253CV000038,Civil,Open,20220125,20220125
48,77624339,"Midland Credit Management, Inc.",2253SC000067,Small Claims,Open,20220127,20220127
49,77624606,"Midland Credit Management, Inc.",2253CV000041,Civil,Open,20220127,20220127
0,77624737,"Midland Credit Management, Inc.",2253CV000042,Civil,Open,20220127,20220127
1,77626062,"Midland Credit Management, Inc.",2155SC000035,Small Claims,Disposed (Statistical Purposes),20210114,20210721
2,77626656,"Midland Credit Management, Inc.",2253SC000077,Small Claims,Open,20220131,20220131
3,77626764,"Midland Credit Management, Inc.",2253SC000078,Small Claims,Open,20220131,20220131
4,77627845,"Midland Credit Management, Inc.",2253SC000075,Small Claims,Open,20220131,20220131
5,77628874,"Midland Credit Management, Inc.",2051SC000508,Small Claims,Disposed (Statistical Purposes),20201026,20210325
6,77629446,"Midland Credit Management, Inc.",2253SC000083,Small Claims,Open,20220203,20220203
7,77629552,"Midland Credit Management, Inc.",2253SC000084,Small Claims,Open,20220203,20220203
8,77630000,"Midland Credit Management, Inc.",2062SC001728,Small Claims,Disposed (Statistical Purposes),20200904,20210623
9,77643866,"Midland Credit Management, Inc.",2148SC000395,Small Claims,Disposed (Statistical Purposes),20210714,20220118
10,77644178,"Midland Credit Management, Inc.",2148SC000394,Small Claims,Open,20210714,20210714
11,77654389,"Midland Credit Management, Inc.",2115CV000567,Civil,Disposed (Statistical Purposes),20210518,20210701
12,77655687,"Midland Credit Management, Inc.",2115SC001106,Small Claims,Disposed (Statistical Purposes),20210518,20220127
13,77671080,"Midland Credit Management, Inc.",2115SC001132,Small Claims,Disposed (Statistical Purposes),20210520,20220131
14,77671958,"Midland Credit Management, Inc.",2115SC001137,Small Claims,Disposed (Statistical Purposes),20210521,20220203
15,77671959,"Midland Credit Management, Inc.",2115SC001137,Small Claims,Disposed (Statistical Purposes),20210521,20220203
16,77674321,"Midland Credit Management, Inc.",2115SC001771,Small Claims,Open,20210719,20210719
17,77676067,"Midland Credit Management, Inc.",2115SC001781,Small Claims,Open,20210719,20210719
18,77677064,"Midland Credit Management, Inc.",2115SC001130,Small Claims,Disposed (Statistical Purposes),20210520,20220128
19,77681977,"Midland Credit Management, Inc.",2115SC001163,Small Claims,Open,20210524,20210524
20,77682228,"Midland Credit Management, Inc.",2115SC001161,Small Claims,Open,20210524,20210524
21,77683158,"Midland Credit Management, Inc.",2115SC001165,Small Claims,Open,20210524,20210524
22,77683983,"Midland Credit Management, Inc.",2115SC001164,Small Claims,Open,20210524,20210524
23,77694953,"Midland Credit Management, Inc.",2141SC000256,Small Claims,Open,20210628,20210628
24,77695765,"Midland Credit Management, Inc.",2141SC000262,Small Claims,Disposed (Statistical Purposes),20210630,20220119
25,77695773,"Midland Credit Management, Inc.",2141SC000261,Small Claims,Open,20210630,20210630
26,77698938,"Midland Credit Management, Inc.",2141SC000272,Small Claims,Open,20210707,20210707
27,77701641,"Midland Credit Management, Inc.",2141SC000285,Small Claims,Open,20210713,20210713
28,77704214,"Midland Credit Management, Inc.",2141SC000290,Small Claims,Open,20210719,20210719
29,77706461,"Midland Credit Management, Inc.",2141SC000307,Small Claims,Open,20210723,20210723
30,77706503,"Midland Credit Management, Inc.",2141SC000306,Small Claims,Open,20210723,20210723
31,77708195,"Midland Credit Management, Inc.",2141SC000315,Small Claims,Open,20210728,20210728
32,77708200,"Midland Credit Management, Inc.",2141SC000314,Small Claims,Open,20210728,20210728
33,77708212,"Midland Credit Management, Inc.",2141SC000313,Small Claims,Open,20210728,20210728
34,77711787,"Midland Credit Management, Inc.",2141SC000340,Small Claims,Open,20210809,20210809
35,77716196,"Midland Credit Management, Inc.",2138SC000467,Small Claims,Open,20210518,20210518
36,77716196,"Midland Credit Management, Inc.",2138SC000467,Small Claims,Open,20210518,20210518
37,77717431,"Midland Credit Management, Inc.",2118SC001390,Small Claims,Open,20210728,20210728
38,77719846,"Midland Credit Management, Inc.",2138SC000475,Small Claims,Open,20210525,20210525
39,77720723,"Midland Credit Management, Inc.",2138SC000474,Small Claims,Open,20210524,20210524
40,77722165,"Midland Credit Management, Inc.",2118SC001475,Small Claims,Open,20210729,20210729
41,77724149,"Midland Credit Management, Inc.",2118SC001479,Small Claims,Open,20210729,20210729
42,77725100,"Midland Credit Management, Inc.",2118SC001480,Small Claims,Open,20210729,20210729
43,77725187,"Midland Credit Management, Inc.",2138SC000479,Small Claims,Open,20210528,20210528
44,77725565,"Midland Credit Management, Inc.",2118SC001482,Small Claims,Open,20210729,20210729
45,77728969,"Midland Credit Management, Inc.",2118SC001493,Small Claims,Open,20210802,20210802
46,77732412,"Midland Credit Management, Inc.",2118SC001490,Small Claims,Open,20210802,20210802
47,77746409,"Midland Credit Management, Inc.",2118SC001563,Small Claims,Open,20210809,20210809
48,77746628,"Midland Credit Management, Inc.",2118SC001567,Small Claims,Open,20210810,20210810
49,77746877,"Midland Credit Management, Inc.",2118SC001566,Small Claims,Open,20210810,20210810
0,77751320,"Midland Credit Management, Inc.",2138SC000610,Small Claims,Open,20210623,20210623
1,77755400,"Midland Credit Management, Inc.",2138SC000620,Small Claims,Open,20210625,20210625
2,77755615,"Midland Credit Management, Inc.",2138SC000622,Small Claims,Open,20210625,20210625
3,77760085,"Midland Credit Management, Inc.",2161SC000422-EF,Small Claims,Disposed (Statistical Purposes),20210616,20220127
4,77760561,"Midland Credit Management, Inc.",2161SC000423-EF,Small Claims,Open,20210616,20210616
5,77762084,"Midland Credit Management, Inc.",2138SC000624,Small Claims,Open,20210628,20210628
6,77762643,"Midland Credit Management, Inc.",2138SC000623,Small Claims,Open,20210628,20210628
7,77762652,"Midland Credit Management, Inc.",2138SC000626,Small Claims,Open,20210628,20210628
8,77762889,"Midland Credit Management, Inc.",2138SC000625,Small Claims,Open,20210628,20210628
9,77765777,"Midland Credit Management, Inc.",2138SC000630,Small Claims,Open,20210630,20210630
10,77766303,"Midland Credit Management, Inc.",2138SC000608,Small Claims,Open,20210630,20210630
11,77777110,"Midland Credit Management, Inc.",2161SC000354-EF,Small Claims,Disposed (Statistical Purposes),20210524,20211102
12,77779018,"Midland Credit Management, Inc.",2161SC000460-EF,Small Claims,Disposed (Statistical Purposes),20210625,20211026
13,77785561,"Midland Credit Management, Inc.",2161SC000472-EF,Small Claims,Disposed (Statistical Purposes),20210630,20211228
14,77785920,"Midland Credit Management, Inc.",2161SC000469-EF,Small Claims,Disposed (Statistical Purposes),20210629,20220216
15,77794743,"Midland Credit Management, Inc.",2138SC000621,Small Claims,Open,20210709,20210709
16,77800503,"Midland Credit Management, Inc.",2138SC000725,Small Claims,Open,20210714,20210714
17,77805025,"Midland Credit Management, Inc.",2161SC000378-EF,Small Claims,Disposed (Statistical Purposes),20210602,20211109
18,77805851,"Midland Credit Management, Inc.",2138SC000728,Small Claims,Open,20210719,20210719
19,77811805,"Midland Credit Management, Inc.",2161SC000498-EF,Small Claims,Disposed (Statistical Purposes),20210713,20211116
20,77812057,"Midland Credit Management, Inc.",2138SC000734,Small Claims,Open,20210723,20210723
21,77813094,"Midland Credit Management, Inc.",2138SC000735,Small Claims,Open,20210723,20210723
22,77815721,"Midland Credit Management, Inc.",2111SC001335EF,Small Claims,Open,20210520,20210520
23,77816316,"Midland Credit Management, Inc.",2111SC001336EF,Small Claims,Open,20210520,20210520
24,77817306,"Midland Credit Management, Inc.",2111SC001334EF,Small Claims,Open,20210520,20210520
25,77819050,"Midland Credit Management, Inc.",2138SC000737,Small Claims,Open,20210726,20210726
26,77820758,"Midland Credit Management, Inc.",2138SC000684,Small Claims,Open,20210727,20210727
27,77825037,"Midland Credit Management, Inc.",2111SC001352EF,Small Claims,Disposed (Statistical Purposes),20210521,20210804
28,77825794,"Midland Credit Management, Inc.",2138SC000748,Small Claims,Open,20210729,20210729
29,77826113,"Midland Credit Management, Inc.",2138SC000747,Small Claims,Open,20210729,20210729
30,77827832,"Midland Credit Management, Inc.",2138SC000741,Small Claims,Open,20210728,20210728
31,77828301,"Midland Credit Management, Inc.",2138SC000740,Small Claims,Open,20210728,20210728
32,77828389,"Midland Credit Management, Inc.",2138SC000746,Small Claims,Open,20210729,20210729
33,77828495,"Midland Credit Management, Inc.",2111SC001383EF,Small Claims,Open,20210524,20210524
34,77828924,"Midland Credit Management, Inc.",2111SC001385EF,Small Claims,Open,20210524,20210524
35,77830186,"Midland Credit Management, Inc.",2111SC001382EF,Small Claims,Open,20210524,20210524
36,77832613,"Midland Credit Management, Inc.",2111SC001384EF,Small Claims,Open,20210524,20210524
37,77835318,"Midland Credit Management, Inc.",2161SC000507,Small Claims,Disposed (Statistical Purposes),20210720,20211116
38,77836590,"Midland Credit Management, Inc.",2161SC000508,Small Claims,Disposed (Statistical Purposes),20210720,20211116
39,77837912,"Midland Credit Management, Inc.",2161SC000506,Small Claims,Disposed (Statistical Purposes),20210720,20211116
40,77840784,"Midland Credit Management, Inc.",2111SC001410EF,Small Claims,Open,20210525,20210525
41,77843558,"Midland Credit Management, Inc.",2111SC001418EF,Small Claims,Open,20210527,20210527
42,77843723,"Midland Credit Management, Inc.",2111SC001458EF,Small Claims,Open,20210528,20210528
43,77843766,"Midland Credit Management, Inc.",2111SC001430,Small Claims,Open,20210528,20210528
44,77844430,"Midland Credit Management, Inc.",2161SC000539,Small Claims,Disposed (Statistical Purposes),20210723,20211123
45,77844651,"Midland Credit Management, Inc.",2161SC000538,Small Claims,Disposed (Statistical Purposes),20210723,20211123
46,77845677,"Midland Credit Management, Inc.",2161SC000537,Small Claims,Disposed (Statistical Purposes),20210723,20210914
47,77845691,"Midland Credit Management, Inc.",2111SC001459EF,Small Claims,Open,20210528,20210528
48,77846725,"Midland Credit Management, Inc.",2111SC001425,Small Claims,Open,20210528,20210528
49,77847154,"Midland Credit Management, Inc.",2111SC001419EF,Small Claims,Open,20210527,20210527
0,77857844,"Midland Credit Management, Inc.",2138SC000762,Small Claims,Open,20210810,20210810
1,77857845,"Midland Credit Management, Inc.",2138SC000762,Small Claims,Open,20210810,20210810
2,77859302,"Midland Credit Management, Inc.",2161SC000553-EF,Small Claims,Open,20210729,20210729
3,77859402,"Midland Credit Management, Inc.",2161SC000546-EF,Small Claims,Disposed (Statistical Purposes),20210728,20220111
4,77861043,"Midland Credit Management, Inc.",2138SC000834,Small Claims,Open,20210811,20210811
5,77862157,"Midland Credit Management, Inc.",2138SC000898,Small Claims,Open,20210811,20210811
6,77862469,"Midland Credit Management, Inc.",2111SC001799EF,Small Claims,Open,20210629,20210629
7,77863202,"Midland Credit Management, Inc.",2111SC001476EF,Small Claims,Open,20210602,20210602
8,77863505,"Midland Credit Management, Inc.",2111SC001509EF,Small Claims,Open,20210602,20210602
9,77863892,"Midland Credit Management, Inc.",2111SC001510EF,Small Claims,Open,20210602,20210602
10,77866524,"Midland Credit Management, Inc.",2111SC001762EF,Small Claims,Open,20210628,20210628
11,77866788,"Midland Credit Management, Inc.",2111SC001760EF,Small Claims,Open,20210628,20210628
12,77868820,"Midland Credit Management, Inc.",2111SC001801EF,Small Claims,Open,20210629,20210629
13,77869656,"Midland Credit Management, Inc.",2111SC001802EF,Small Claims,Open,20210629,20210629
14,77871403,"Midland Credit Management, Inc.",2158SC000268,Small Claims,Disposed (Statistical Purposes),20210517,20211022
15,77885415,"Midland Credit Management, Inc.",2158SC000288,Small Claims,Open,20210521,20210521
16,77885814,"Midland Credit Management, Inc.",2158SC000290,Small Claims,Disposed (Statistical Purposes),20210521,20211022
17,77886901,"Midland Credit Management, Inc.",2158SC000284,Small Claims,Disposed (Statistical Purposes),20210521,20211022
18,77895007,"Midland Credit Management, Inc.",2158SC000293,Small Claims,Disposed (Statistical Purposes),20210524,20211022
19,77896112,"Midland Credit Management, Inc.",2158SC000295,Small Claims,Open,20210524,20210524
20,77896497,"Midland Credit Management, Inc.",2158SC000296,Small Claims,Disposed (Statistical Purposes),20210524,20211022
21,77897223,"Midland Credit Management, Inc.",2158SC000294,Small Claims,Disposed (Statistical Purposes),20210524,20211022
22,77899822,"Midland Credit Management, Inc.",2158SC000292,Small Claims,Disposed (Statistical Purposes),20210524,20211022
23,77900889,"Midland Credit Management, Inc.",2161SC000598-EF,Small Claims,Disposed (Statistical Purposes),20210810,20211207
24,77907761,"Midland Credit Management, Inc.",2158SC000287,Small Claims,Disposed (Statistical Purposes),20210525,20211022
25,77907760,"Midland Credit Management, Inc.",2158SC000287,Small Claims,Disposed (Statistical Purposes),20210525,20211022
26,77908915,"Midland Credit Management, Inc.",2111SC002226EF,Small Claims,Open,20210809,20210809
27,77909995,"Midland Credit Management, Inc.",2111SC002240EF,Small Claims,Open,20210810,20210810
28,77910131,"Midland Credit Management, Inc.",2111SC002227EF,Small Claims,Open,20210809,20210809
29,77910164,"Midland Credit Management, Inc.",2111SC002219EF,Small Claims,Open,20210809,20210809
30,77915990,"Midland Credit Management, Inc.",2111SC002250EF,Small Claims,Open,20210811,20210811
31,77916485,"Midland Credit Management, Inc.",2111SC001631EF,Small Claims,Open,20210616,20210616
32,77918273,"Midland Credit Management, Inc.",2111SC001623EF,Small Claims,Open,20210616,20210616
33,77919576,"Midland Credit Management, Inc.",2111SC002255EF,Small Claims,Open,20210811,20210811
34,77921144,"Midland Credit Management, Inc.",2158SC000299,Small Claims,Open,20210527,20210527
35,77923367,"Midland Credit Management, Inc.",2111SC002249EF,Small Claims,Open,20210811,20210811
36,77926177,"Midland Credit Management, Inc.",2111SC001982EF,Small Claims,Open,20210714,20210714
37,77926946,"Midland Credit Management, Inc.",2111SC001972EF,Small Claims,Open,20210713,20210713
38,77932622,"Midland Credit Management, Inc.",2158SC000308,Small Claims,Disposed (Statistical Purposes),20210601,20210923
39,77933331,"Midland Credit Management, Inc.",2158SC000310,Small Claims,Open,20210601,20210601
40,77934210,"Midland Credit Management, Inc.",2158SC000311,Small Claims,Disposed (Statistical Purposes),20210601,20220211
41,77934592,"Midland Credit Management, Inc.",2158SC000313,Small Claims,Open,20210601,20210601
42,77941072,"Midland Credit Management, Inc.",2111SC002029,Small Claims,Open,20210719,20210719
43,77941854,"Midland Credit Management, Inc.",2158SC000332,Small Claims,Disposed (Statistical Purposes),20210604,20211110
44,77942768,"Midland Credit Management, Inc.",2158SC000331,Small Claims,Disposed (Statistical Purposes),20210604,20211110
45,77943013,"Midland Credit Management, Inc.",2111SC002024EF,Small Claims,Open,20210719,20210719
46,77944661,"Midland Credit Management, Inc.",2111SC002023EF,Small Claims,Open,20210719,20210719
47,77945249,"Midland Credit Management, Inc.",2111SC001694EF,Small Claims,Open,20210621,20210621
48,77946329,"Midland Credit Management, Inc.",2158SC000307,Small Claims,Disposed (Statistical Purposes),20210608,20220211
49,77946462,"Midland Credit Management, Inc.",2158SC000314,Small Claims,Disposed (Statistical Purposes),20210608,20220211
0,77947883,"Midland Credit Management, Inc.",2111SC002050EF,Small Claims,Open,20210721,20210721
1,77948928,"Midland Credit Management, Inc.",2111SC002051EF,Small Claims,Open,20210721,20210721
2,77957425,"Midland Credit Management, Inc.",2121CV000169,Civil,Open,20210716,20210716
3,77957641,"Midland Credit Management, Inc.",2158SC000353,Small Claims,Disposed (Statistical Purposes),20210616,20211203
4,77958706,"Midland Credit Management, Inc.",2111SC001722EF,Small Claims,Open,20210623,20210623
5,77963593,"Midland Credit Management, Inc.",2111SC002069EF,Small Claims,Open,20210726,20210726
6,77965701,"Midland Credit Management, Inc.",2111SC001750EF,Small Claims,Open,20210625,20210625
7,77966121,"Midland Credit Management, Inc.",2111SC001748EF,Small Claims,Open,20210625,20210625
8,77968370,"Midland Credit Management, Inc.",2111SC001746EF,Small Claims,Open,20210625,20210625
9,77968992,"Midland Credit Management, Inc.",2111SC001745EF,Small Claims,Open,20210625,20210625
10,77969047,"Midland Credit Management, Inc.",2111SC001749,Small Claims,Open,20210625,20210625
11,77969143,"Midland Credit Management, Inc.",2111SC001747EF,Small Claims,Open,20210625,20210625
12,77970470,"Midland Credit Management, Inc.",2111SC002111EF,Small Claims,Open,20210728,20210728
13,77970892,"Midland Credit Management, Inc.",2111SC002109EF,Small Claims,Open,20210728,20210728
14,77972280,"Midland Credit Management, Inc.",2111SC002110EF,Small Claims,Open,20210728,20210728
15,77973972,"Midland Credit Management, Inc.",2111SC002122EF,Small Claims,Open,20210729,20210729
16,77974402,"Midland Credit Management, Inc.",2158SC000376,Small Claims,Disposed (Statistical Purposes),20210625,20211203
17,77975626,"Midland Credit Management, Inc.",2111SC001800EF,Small Claims,Open,20210629,20210629
18,77978238,"Midland Credit Management, Inc.",2158SC000380,Small Claims,Open,20210628,20210628
19,77978247,"Midland Credit Management, Inc.",2111SC002107EF,Small Claims,Open,20210728,20210728
20,77979521,"Midland Credit Management, Inc.",2111SC001761,Small Claims,Open,20210628,20210628
21,77980470,"Midland Credit Management, Inc.",2158SC000379,Small Claims,Disposed (Statistical Purposes),20210628,20211117
22,77983362,"Midland Credit Management, Inc.",2121SC000369EF,Small Claims,Disposed (Statistical Purposes),20210728,20211116
23,77983696,"Midland Credit Management, Inc.",2158SC000384,Small Claims,Disposed (Statistical Purposes),20210630,20211210
24,77983730,"Midland Credit Management, Inc.",2158SC000390,Small Claims,Disposed (Statistical Purposes),20210630,20211203
25,77984214,"Midland Credit Management, Inc.",2158SC000389,Small Claims,Disposed (Statistical Purposes),20210630,20211203
26,77991090,"Midland Credit Management, Inc.",2111SC002143,Small Claims,Open,20210802,20210802
27,77991371,"Midland Credit Management, Inc.",2111SC002142,Small Claims,Open,20210802,20210802
28,77991708,"Midland Credit Management, Inc.",2111SC002144EF,Small Claims,Open,20210802,20210802
29,77992727,"Midland Credit Management, Inc.",2158SC000397,Small Claims,Open,20210706,20210706
30,77992745,"Midland Credit Management, Inc.",2111SC002145,Small Claims,Open,20210802,20210802
31,77993278,"Midland Credit Management, Inc.",2158SC000395,Small Claims,Disposed (Statistical Purposes),20210706,20211203
32,77993319,"Midland Credit Management, Inc.",2158SC000396,Small Claims,Disposed (Statistical Purposes),20210706,20211203
33,77993565,"Midland Credit Management, Inc.",2121SC000388EF,Small Claims,Disposed (Statistical Purposes),20210809,20211207
34,77993892,"Midland Credit Management, Inc.",2121SC000390EF,Small Claims,Disposed (Statistical Purposes),20210810,20211207
35,77997452,"Midland Credit Management, Inc.",2111SC002147EF,Small Claims,Open,20210802,20210802
36,78000450,"Midland Credit Management, Inc.",2158SC000410,Small Claims,Disposed (Statistical Purposes),20210712,20211108
37,78018845,"Midland Credit Management, Inc.",2166SC000268,Small Claims,Covid 19 XXX Notice Issued,20210528,20220112
38,78020968,"Midland Credit Management, Inc.",2158SC000447,Small Claims,Disposed (Statistical Purposes),20210719,20211217
39,78021270,"Midland Credit Management, Inc.",2158SC000423,Small Claims,Disposed (Statistical Purposes),20210719,20211210
40,78021318,"Midland Credit Management, Inc.",2158SC000438,Small Claims,Disposed (Statistical Purposes),20210719,20211217
41,78022142,"Midland Credit Management, Inc.",2158SC000442,Small Claims,Disposed (Statistical Purposes),20210719,20211217
42,78025391,"Midland Credit Management, Inc.",2111SC002228EF,Small Claims,Open,20210810,20210810
43,78026590,"Midland Credit Management, Inc.",2158SC000450,Small Claims,Disposed (Statistical Purposes),20210722,20211215
44,78026627,"Midland Credit Management, Inc.",2111SC002229EF,Small Claims,Open,20210810,20210810
45,78027285,"Midland Credit Management, Inc.",2111SC002238EF,Small Claims,Open,20210810,20210810
46,78027779,"Midland Credit Management, Inc.",2158SC000451,Small Claims,Disposed (Statistical Purposes),20210722,20211217
47,78027877,"Midland Credit Management, Inc.",2166SC000279,Small Claims,Covid 19 XXX Notice Issued,20210603,20220112
48,78028784,"Midland Credit Management, Inc.",2158SC000452,Small Claims,Disposed (Statistical Purposes),20210723,20211217
49,78029065,"Midland Credit Management, Inc.",2158SC000453,Small Claims,Disposed (Statistical Purposes),20210723,20211217
0,78030154,"Midland Credit Management, Inc.",2158SC000435,Small Claims,Disposed (Statistical Purposes),20210726,20211217
1,78030223,"Midland Credit Management, Inc.",2158SC000456,Small Claims,Disposed (Statistical Purposes),20210726,20211217
2,78030512,"Midland Credit Management, Inc.",2158SC000454,Small Claims,Disposed (Statistical Purposes),20210726,20211208
3,78030802,"Midland Credit Management, Inc.",2158SC000455,Small Claims,Open,20210726,20210726
4,78031466,"Midland Credit Management, Inc.",2166SC000285,Small Claims,Closed,20210608,20210927
5,78035856,"Midland Credit Management, Inc.",2158SC000440,Small Claims,Open,20210727,20210727
6,78035973,"Midland Credit Management, Inc.",2158SC000459,Small Claims,Disposed (Statistical Purposes),20210728,20211217
7,78036370,"Midland Credit Management, Inc.",2158SC000449,Small Claims,Disposed (Statistical Purposes),20210727,20211217
8,78038394,"Midland Credit Management, Inc.",2186SC000562,Small Claims,Open,20210810,20210810
9,78038577,"Midland Credit Management, Inc.",2186SC000563,Small Claims,Open,20210810,20210810
10,78040620,"Midland Credit Management, Inc.",2158SC000465,Small Claims,Open,20210729,20210729
11,78042513,"Midland Credit Management, Inc.",2186SC000575,Small Claims,Open,20210813,20210813
12,78052989,"Midland Credit Management, Inc.",2166SC000323,Small Claims,Open,20210624,20210624
13,78055289,"Midland Credit Management, Inc.",2158SC000501,Small Claims,Disposed (Statistical Purposes),20210809,20220114
14,78055518,"Midland Credit Management, Inc.",2131SC001144,Small Claims,Disposed (Statistical Purposes),20210719,20210927
15,78055879,"Midland Credit Management, Inc.",2158SC000502,Small Claims,Disposed (Statistical Purposes),20210810,20211122
16,78057728,"Midland Credit Management, Inc.",2166SC000325,Small Claims,Open,20210628,20210628
17,78058663,"Midland Credit Management, Inc.",2166SC000334,Small Claims,Open,20210629,20210629
18,78058691,"Midland Credit Management, Inc.",2166SC000335,Small Claims,Open,20210629,20210629
19,78065369,"Midland Credit Management, Inc.",2166SC000343,Small Claims,Open,20210707,20210707
20,78065579,"Midland Credit Management, Inc.",2166SC000345,Small Claims,Open,20210707,20210707
21,78065973,"Midland Credit Management, Inc.",2166SC000346,Small Claims,Open,20210707,20210707
22,78070202,"Midland Credit Management, Inc.",2117SC000228,Small Claims,Covid 19 XXX Notice Issued,20210526,20220203
23,78070219,"Midland Credit Management, Inc.",2117SC000229,Small Claims,Open,20210526,20210526
24,78070255,"Midland Credit Management, Inc.",2117SC000226,Small Claims,Open,20210526,20210526
25,78070278,"Midland Credit Management, Inc.",2117SC000227,Small Claims,Covid 19 XXX Notice Issued,20210526,20220203
26,78073155,"Midland Credit Management, Inc.",2166SC000371,Small Claims,Open,20210720,20210720
27,78073489,"Midland Credit Management, Inc.",2166SC000370,Small Claims,Open,20210720,20210720
28,78073589,"Midland Credit Management, Inc.",2117SC000242,Small Claims,Open,20210602,20210602
29,78073959,"Midland Credit Management, Inc.",2166SC000368,Small Claims,Open,20210720,20210720
30,78074096,"Midland Credit Management, Inc.",2117SC000241,Small Claims,Open,20210602,20210602
31,78074247,"Midland Credit Management, Inc.",2117SC000237,Small Claims,Open,20210602,20210602
32,78079780,"Midland Credit Management, Inc.",2166SC000382,Small Claims,Open,20210723,20210723
33,78085158,"Midland Credit Management, Inc.",2166SC000407,Small Claims,Open,20210729,20210729
34,78085375,"Midland Credit Management, Inc.",2166SC000400,Small Claims,Open,20210728,20210728
35,78088081,"Midland Credit Management, Inc.",2166SC000412,Small Claims,Open,20210802,20210802
36,78094095,"Midland Credit Management, Inc.",2159SC000587,Small Claims,Disposed (Statistical Purposes),20210525,20211119
37,78469061,"Midland Credit Management, Inc.",2108SC000132,Small Claims,Open,20210524,20210524
38,78482029,"Midland Credit Management, Inc.",2108SC000148,Small Claims,Open,20210601,20210601
39,78482963,"Midland Credit Management, Inc.",2108SC000145,Small Claims,Open,20210601,20210601
40,78483355,"Midland Credit Management, Inc.",2108SC000143,Small Claims,Open,20210601,20210601
41,78483395,"Midland Credit Management, Inc.",2108SC000146,Small Claims,Open,20210601,20210601
42,78483854,"Midland Credit Management, Inc.",2108SC000144,Small Claims,Open,20210601,20210601
43,78493333,"Midland Credit Management, Inc.",2108SC000187,Small Claims,Open,20210630,20210630
44,78499958,"Midland Credit Management, Inc.",2008SC000136,Small Claims,Disposed (Statistical Purposes),20200708,20211129
45,78515797,"Midland Credit Management, Inc.",2008SC000123,Small Claims,Disposed (Statistical Purposes),20200622,20211129
46,78519851,"Midland Credit Management, Inc.",2108SC000196,Small Claims,Open,20210712,20210712
47,78519875,"Midland Credit Management, Inc.",2008SC000173,Small Claims,Closed,20200825,20211210
48,78524913,"Midland Credit Management, Inc.",2108SC000170,Small Claims,Open,20210625,20210625
49,78529136,"Midland Credit Management, Inc.",2108SC000249,Small Claims,Open,20210817,20210817
0,78529976,"Midland Credit Management, Inc.",2008SC000127,Small Claims,Open,20200630,20200630
1,78530441,"Midland Credit Management, Inc.",2108SC000212,Small Claims,Open,20210726,20210726
2,78530664,"Midland Credit Management, Inc.",2108SC000211,Small Claims,Open,20210726,20210726
3,78533528,"Midland Credit Management, Inc.",2108SC000180,Small Claims,Open,20210628,20210628
4,78534040,"Midland Credit Management, Inc.",2108SC000182,Small Claims,Open,20210629,20210629
5,78534439,"Midland Credit Management, Inc.",2108SC000178,Small Claims,Open,20210628,20210628
6,78537692,"Midland Credit Management, Inc.",2008SC000177,Small Claims,Disposed (Statistical Purposes),20200904,20211208
7,78541534,"Midland Credit Management, Inc.",2008SC000170,Small Claims,Disposed (Statistical Purposes),20200820,20211210
8,78544960,"Midland Credit Management, Inc.",2008SC000206,Small Claims,Closed,20200911,20211116
9,78588859,"Midland Credit Management, Inc.",2008SC000197,Small Claims,Disposed (Statistical Purposes),20200923,20211213
10,78596521,"Midland Credit Management, Inc.",2008SC000201,Small Claims,Disposed (Statistical Purposes),20200929,20211116
11,78596730,"Midland Credit Management, Inc.",2008SC000200,Small Claims,Disposed (Statistical Purposes),20200929,20211115
12,78599809,"Midland Credit Management, Inc.",2108SC000287,Small Claims,Open,20210921,20210921
13,78604139,"Midland Credit Management, Inc.",2108SC000299,Small Claims,Open,20211001,20211001
14,78604166,"Midland Credit Management, Inc.",2108SC000298,Small Claims,Open,20210930,20210930
15,79763556,"Midland Credit Management, Inc.",2107SC001926EF,Small Claims,Open,20211019,20211019
16,79814141,"Midland Credit Management, Inc.",2101SC001297EF,Small Claims,Open,20211103,20211103
17,79820965,"Midland Credit Management, Inc.",2034SC000772,Small Claims,Disposed (Statistical Purposes),20200928,20210922
18,79822257,"Midland Credit Management, Inc.",2034SC000972,Small Claims,Disposed (Statistical Purposes),20201201,20211108
19,79824450,"Midland Credit Management, Inc.",2034SC000773,Small Claims,Open,20200928,20200928
20,79831308,"Midland Credit Management, Inc.",2048SC000231,Small Claims,Open,20200609,20200609
21,79836497,"Midland Credit Management, Inc.",2034SC000938,Small Claims,Open,20201203,20201203
22,79837113,"Midland Credit Management, Inc.",2034SC000939,Small Claims,Open,20201203,20201203
23,79846068,"Midland Credit Management, Inc.",2148SC000710,Small Claims,Open,20211201,20211201
24,79875205,"Midland Credit Management, Inc.",2148SC000716,Small Claims,Open,20211206,20211206
25,79878912,"Midland Credit Management, Inc.",2002SC000491EF,Small Claims,Disposed (Statistical Purposes),20201022,20211006
26,79879040,"Midland Credit Management, Inc.",2148SC000713,Small Claims,Open,20211206,20211206
27,79883449,"Midland Credit Management, Inc.",2006SC000203,Small Claims,Disposed (Statistical Purposes),20200204,20210927
28,79887151,"Midland Credit Management, Inc.",2148SC000714,Small Claims,Open,20211206,20211206
29,79889267,"Midland Credit Management, Inc.",2102SC000001EF,Small Claims,Open,20210101,20210101
30,79889820,"Midland Credit Management, Inc.",2148SC000715,Small Claims,Open,20211206,20211206
31,79894040,"Midland Credit Management, Inc.",2102SC000100EF,Small Claims,Disposed (Statistical Purposes),20210303,20220105
32,79894907,"Midland Credit Management, Inc.",2102SC000101EF,Small Claims,Disposed (Statistical Purposes),20210302,20220120
33,79895341,"Midland Credit Management, Inc.",2102SC000003EF,Small Claims,Disposed (Statistical Purposes),20210104,20211201
34,79902893,"Midland Credit Management, Inc.",2102SC000094EF,Small Claims,Disposed (Statistical Purposes),20210305,20220105
35,79903206,"Midland Credit Management, Inc.",2102SC000093EF,Small Claims,Disposed (Statistical Purposes),20210305,20220119
36,79903261,"Midland Credit Management, Inc.",2103SC000256,Small Claims,Open,20211118,20211118
37,79907806,"Midland Credit Management, Inc.",2002SC000494EF,Small Claims,Disposed (Statistical Purposes),20201103,20210128
38,79913842,"Midland Credit Management, Inc.",2103SC000264,Small Claims,Open,20211123,20211123
39,79914624,"Midland Credit Management, Inc.",2103SC000265,Small Claims,Open,20211123,20211123
40,79915013,"Midland Credit Management, Inc.",2003SC000054,Small Claims,Covid 19 XXX Notice Issued,20200225,20201109
41,79919163,"Midland Credit Management, Inc.",2102SC000022EF,Small Claims,Disposed (Statistical Purposes),20210108,20211208
42,79920472,"Midland Credit Management, Inc.",2034SC000948,Small Claims,Disposed (Statistical Purposes),20201215,20220114
43,79922051,"Midland Credit Management, Inc.",2048SC000249,Small Claims,Disposed (Statistical Purposes),20200626,20210610
44,79923337,"Midland Credit Management, Inc.",2034SC000946,Small Claims,Open,20201214,20201214
45,79924345,"Midland Credit Management, Inc.",2034SC000945,Small Claims,Open,20201214,20201214
46,79926225,"Midland Credit Management, Inc.",2048SC000250,Small Claims,Disposed (Statistical Purposes),20200626,20210610
47,79927982,"Midland Credit Management, Inc.",2103SC000267EF,Small Claims,Open,20211129,20211129
48,79928921,"Midland Credit Management, Inc.",2148SC000734,Small Claims,Open,20211213,20211213
49,79932058,"Midland Credit Management, Inc.",2103SC000269EF,Small Claims,Open,20211130,20211130
0,79941906,"Midland Credit Management, Inc.",2134CV000516,Civil,Open,20211206,20211206
1,79944836,"Midland Credit Management, Inc.",1906SC001630,Small Claims,Covid 19 XXX Notice Issued,20191217,20200825
2,79945505,"Midland Credit Management, Inc.",2034SC000951,Small Claims,Disposed (Statistical Purposes),20201217,20211021
3,79945837,"Midland Credit Management, Inc.",2034SC000952,Small Claims,Disposed (Statistical Purposes),20201217,20220128
4,79954756,"Midland Credit Management, Inc.",2106SC001650EF,Small Claims,Open,20211206,20211206
5,79957428,"Midland Credit Management, Inc.",2103SC000054,Small Claims,Disposed (Statistical Purposes),20210316,20210507
6,79957662,"Midland Credit Management, Inc.",2106SC001655EF,Small Claims,Open,20211206,20211206
7,79957761,"Midland Credit Management, Inc.",1902SC000782,Small Claims,Disposed (Statistical Purposes),20191213,20210409
8,79958792,"Midland Credit Management, Inc.",2106SC001654EF,Small Claims,Open,20211206,20211206
9,79959368,"Midland Credit Management, Inc.",2034SC000503,Small Claims,Open,20200615,20200615
10,79960083,"Midland Credit Management, Inc.",2101CV001075,Civil,Closed,20210920,20220127
11,79961952,"Midland Credit Management, Inc.",2034SC000505,Small Claims,Open,20200615,20200615
12,79963638,"Midland Credit Management, Inc.",2106SC001649EF,Small Claims,Open,20211206,20211206
13,79964649,"Midland Credit Management, Inc.",2106SC001656EF,Small Claims,Open,20211206,20211206
14,79964866,"Midland Credit Management, Inc.",2001SC000883,Small Claims,Closed,20201030,20210311
15,79965095,"Midland Credit Management, Inc.",2134CV000521,Civil,Open,20211208,20211208
16,79967432,"Midland Credit Management, Inc.",2103SC000200EF,Small Claims,Disposed (Statistical Purposes),20211001,20220111
17,79968753,"Midland Credit Management, Inc.",2103SC000201EF,Small Claims,Open,20211001,20211001
18,79968882,"Midland Credit Management, Inc.",2001SC000882,Small Claims,Disposed (Statistical Purposes),20201030,20210304
19,79975537,"Midland Credit Management, Inc.",2103SC000204EF,Small Claims,Disposed (Statistical Purposes),20211004,20220111
20,79986751,"Midland Credit Management, Inc.",2103CV000079,Civil,Open,20211006,20211006
21,79988545,"Midland Credit Management, Inc.",2103SC000014EF,Small Claims,Disposed (Statistical Purposes),20210203,20210316
22,79988748,"Midland Credit Management, Inc.",2101SC000025EF,Small Claims,Closed,20210111,20210701
23,79989166,"Midland Credit Management, Inc.",1902SC000794,Small Claims,Disposed (Statistical Purposes),20191217,20210409
24,79992347,"Midland Credit Management, Inc.",2034SC000958,Small Claims,Disposed (Statistical Purposes),20201221,20220128
25,79998172,"Midland Credit Management, Inc.",2106CV000496,Civil,Open,20211213,20211213
26,79999894,"Midland Credit Management, Inc.",1902SC000810,Small Claims,Disposed (Statistical Purposes),20191219,20211108
27,80001433,"Midland Credit Management, Inc.",2103SC000065,Small Claims,Disposed (Statistical Purposes),20210329,20210519
28,80002988,"Midland Credit Management, Inc.",2148CV000267,Civil,Open,20211220,20211220
29,80009616,"Midland Credit Management, Inc.",2006SC000791EF,Small Claims,Covid 19 XXX Notice Issued,20200904,20220131
30,80010395,"Midland Credit Management, Inc.",2148CV000268,Civil,Open,20211220,20211220
31,80011267,"Midland Credit Management, Inc.",2106SC001697EF,Small Claims,Open,20211214,20211214
32,80011323,"Midland Credit Management, Inc.",2006SC000790EF,Small Claims,Covid 19 XXX Notice Issued,20200903,20220131
33,80012217,"Midland Credit Management, Inc.",2006SC000666,Small Claims,Disposed (Statistical Purposes),20200709,20211101
34,80012700,"Midland Credit Management, Inc.",2134SC000958,Small Claims,Open,20210816,20210816
35,80012975,"Midland Credit Management, Inc.",2101SC000044EF,Small Claims,Closed,20210114,20210617
36,80016242,"Midland Credit Management, Inc.",2034SC000963,Small Claims,Open,20201223,20201223
37,80016371,"Midland Credit Management, Inc.",2134SC000959,Small Claims,Open,20210816,20210816
38,80016485,"Midland Credit Management, Inc.",2006SC000792EF,Small Claims,Covid 19 XXX Notice Issued,20200904,20220131
39,80016962,"Midland Credit Management, Inc.",2101SC000045EF,Small Claims,Closed,20210114,20211202
40,80019324,"Midland Credit Management, Inc.",2101SC000048EF,Small Claims,Closed,20210114,20210617
41,80020138,"Midland Credit Management, Inc.",1906SC001655,Small Claims,Disposed (Statistical Purposes),20191223,20200302
42,80021608,"Midland Credit Management, Inc.",2106SC001687EF,Small Claims,Open,20211214,20211214
43,80022982,"Midland Credit Management, Inc.",2106SC001696EF,Small Claims,Open,20211214,20211214
44,80026750,"Midland Credit Management, Inc.",2106SC000239EF,Small Claims,Disposed (Statistical Purposes),20210302,20211004
45,80027292,"Midland Credit Management, Inc.",2106SC001143EF,Small Claims,Open,20210909,20210909
46,80027915,"Midland Credit Management, Inc.",2006SC001126EF,Small Claims,Suspended Covid 19 extended,20201230,20210609
47,80029439,"Midland Credit Management, Inc.",2101SC000047EF,Small Claims,Closed,20210114,20210617
48,80030771,"Midland Credit Management, Inc.",2106SC001141EF,Small Claims,Disposed (Statistical Purposes),20210909,20211025
49,80031141,"Midland Credit Management, Inc.",2101SC000046EF,Small Claims,Closed,20210114,20211018
0,80031538,"Midland Credit Management, Inc.",2148SC000747,Small Claims,Open,20211222,20211222
1,80032726,"Midland Credit Management, Inc.",1906SC001658,Small Claims,Covid 19 XXX Notice Issued,20191224,20210323
2,80034639,"Midland Credit Management, Inc.",2103SC000071,Small Claims,Disposed (Statistical Purposes),20210405,20210603
3,80034840,"Midland Credit Management, Inc.",2106SC000238EF,Small Claims,Disposed (Statistical Purposes),20210302,20211004
4,80037075,"Midland Credit Management, Inc.",2006SC000799EF,Small Claims,Disposed (Statistical Purposes),20200909,20210603
5,80037308,"Midland Credit Management, Inc.",2103SC000070,Small Claims,Disposed (Statistical Purposes),20210405,20210603
6,80037390,"Midland Credit Management, Inc.",2206SC000084EF,Small Claims,Open,20220202,20220202
7,80037754,"Midland Credit Management, Inc.",2103SC000072,Small Claims,Disposed (Statistical Purposes),20210405,20210720
8,80039700,"Midland Credit Management, Inc.",2206SC000098EF,Small Claims,Open,20220203,20220203
9,80040266,"Midland Credit Management, Inc.",2001CV001413,Civil,Closed,20201105,20210806
10,80046322,"Midland Credit Management, Inc.",2034SC000837,Small Claims,Disposed (Statistical Purposes),20201022,20211029
11,80052209,"Midland Credit Management, Inc.",2106SC001162EF,Small Claims,Open,20210916,20210916
12,80054994,"Midland Credit Management, Inc.",2106SC001163EF,Small Claims,Open,20210916,20210916
13,80055785,"Midland Credit Management, Inc.",2006SC000953EF,Small Claims,Covid 19 XXX Notice Issued,20201022,20210312
14,80056799,"Midland Credit Management, Inc.",2001SC000463,Small Claims,Disposed (Statistical Purposes),20200601,20201214
15,80059002,"Midland Credit Management, Inc.",2106SC000011EF,Small Claims,Covid 19 XXX Notice Issued,20210105,20210611
16,80059929,"Midland Credit Management, Inc.",2034CV000337,Civil,Disposed (Statistical Purposes),20201023,20210115
17,80061623,"Midland Credit Management, Inc.",2034CV000336,Civil,Disposed (Statistical Purposes),20201023,20211214
18,80063902,"Midland Credit Management, Inc.",2034SC000974,Small Claims,Disposed (Statistical Purposes),20201229,20220121
19,80063925,"Midland Credit Management, Inc.",2106SC000034EF,Small Claims,Disposed (Statistical Purposes),20210108,20210726
20,80064542,"Midland Credit Management, Inc.",2034SC000987,Small Claims,Disposed (Statistical Purposes),20201228,20220121
21,80065285,"Midland Credit Management, Inc.",2034SC000975,Small Claims,Disposed (Statistical Purposes),20201229,20220128
22,80065530,"Midland Credit Management, Inc.",2034SC000978,Small Claims,Disposed (Statistical Purposes),20201229,20220128
23,80065787,"Midland Credit Management, Inc.",2034SC000973,Small Claims,Disposed (Statistical Purposes),20201228,20220121
24,80066903,"Midland Credit Management, Inc.",2106SC000035EF,Small Claims,Covid 19 XXX Notice Issued,20210108,20210611
25,80067156,"Midland Credit Management, Inc.",2106SC000033EF,Small Claims,Covid 19 XXX Notice Issued,20210108,20210611
26,80068152,"Midland Credit Management, Inc.",2101SC001349,Small Claims,Open,20211117,20211117
27,80068790,"Midland Credit Management, Inc.",2034SC000982,Small Claims,Disposed (Statistical Purposes),20201229,20220128
28,80073294,"Midland Credit Management, Inc.",2006SC000981EF,Small Claims,Disposed (Statistical Purposes),20201028,20211025
29,80073755,"Midland Credit Management, Inc.",2034SC000977,Small Claims,Open,20201229,20201229
30,80074341,"Midland Credit Management, Inc.",2034SC000976,Small Claims,Open,20201228,20201228
31,80079923,"Midland Credit Management, Inc.",2134SC001022,Small Claims,Open,20210823,20210823
32,80086066,"Midland Credit Management, Inc.",2006SC000985EF,Small Claims,Disposed (Statistical Purposes),20201030,20211025
33,80086260,"Midland Credit Management, Inc.",2106SC000054EF,Small Claims,Open,20210114,20210114
34,80086925,"Midland Credit Management, Inc.",2134SC001023,Small Claims,Open,20210823,20210823
35,80089033,"Midland Credit Management, Inc.",2148SC000219,Small Claims,Disposed (Statistical Purposes),20210420,20211014
36,80093137,"Midland Credit Management, Inc.",2034SC000981,Small Claims,Disposed (Statistical Purposes),20201230,20220128
37,80093485,"Midland Credit Management, Inc.",2148CV000280,Civil,Open,20211230,20211230
38,80100262,"Midland Credit Management, Inc.",2106SC000060EF,Small Claims,Disposed (Statistical Purposes),20210115,20210726
39,80101585,"Midland Credit Management, Inc.",2025SC000764,Small Claims,Open,20201105,20201105
40,80104002,"Midland Credit Management, Inc.",2034SC000860,Small Claims,Disposed (Statistical Purposes),20201030,20211029
41,80107071,"Midland Credit Management, Inc.",2025SC000872,Small Claims,Open,20201217,20201217
42,80107258,"Midland Credit Management, Inc.",2034SC000861,Small Claims,Disposed (Statistical Purposes),20201030,20211029
43,80108684,"Midland Credit Management, Inc.",2106SC000067EF,Small Claims,Disposed (Statistical Purposes),20210118,20210726
44,80110000,"Midland Credit Management, Inc.",2034CV000343,Civil,Disposed (Statistical Purposes),20201029,20210518
45,80112264,"Midland Credit Management, Inc.",2148SC000227,Small Claims,Disposed (Statistical Purposes),20210421,20211014
46,80114780,"Midland Credit Management, Inc.",2106SC001220,Small Claims,Open,20210928,20210928
47,80115409,"Midland Credit Management, Inc.",2134SC000001,Small Claims,Disposed (Statistical Purposes),20210101,20220201
48,80115547,"Midland Credit Management, Inc.",2134SC000002,Small Claims,Disposed (Statistical Purposes),20210101,20220128
49,80115719,"Midland Credit Management, Inc.",2134SC001043,Small Claims,Open,20210827,20210827
0,80115829,"Midland Credit Management, Inc.",2134SC001041,Small Claims,Open,20210827,20210827
1,80118570,"Midland Credit Management, Inc.",2004SC000063,Small Claims,Closed,20200911,20220110
2,80120360,"Midland Credit Management, Inc.",2125SC001031,Small Claims,Open,20210909,20210909
3,80122193,"Midland Credit Management, Inc.",2148SC000226,Small Claims,Disposed (Statistical Purposes),20210421,20210524
4,80124565,"Midland Credit Management, Inc.",2006SC000999EF,Small Claims,Disposed (Statistical Purposes),20201104,20210518
5,80125303,"Midland Credit Management, Inc.",2034SC000862,Small Claims,Disposed (Statistical Purposes),20201103,20211217
6,80127699,"Midland Credit Management, Inc.",2106CV000033,Civil,Open,20210119,20210119
7,80128374,"Midland Credit Management, Inc.",2104SC000137,Small Claims,Open,20211210,20211210
8,80129711,"Midland Credit Management, Inc.",2004SC000065,Small Claims,Open,20200917,20200917
9,80132213,"Midland Credit Management, Inc.",2134SC000005,Small Claims,Disposed (Statistical Purposes),20210104,20220201
10,80134058,"Midland Credit Management, Inc.",2134SC000004,Small Claims,Disposed (Statistical Purposes),20210104,20220128
11,80134194,"Midland Credit Management, Inc.",2104SC000024,Small Claims,Open,20210305,20210305
12,80135088,"Midland Credit Management, Inc.",2106SC000322EF,Small Claims,Disposed (Statistical Purposes),20210319,20211108
13,80137485,"Midland Credit Management, Inc.",2004SC000066,Small Claims,Disposed (Statistical Purposes),20200921,20210504
14,80139219,"Midland Credit Management, Inc.",2106SC001240,Small Claims,Open,20210930,20210930
15,80139330,"Midland Credit Management, Inc.",2106SC000076EF,Small Claims,Disposed (Statistical Purposes),20210121,20210726
16,80140623,"Midland Credit Management, Inc.",2106SC001222,Small Claims,Open,20210929,20210929
17,80140828,"Midland Credit Management, Inc.",2015SC001554,Small Claims,Disposed (Statistical Purposes),20200904,20220125
18,80140833,"Midland Credit Management, Inc.",2106SC001239,Small Claims,Open,20210930,20210930
19,80141483,"Midland Credit Management, Inc.",1903SC000239,Small Claims,Disposed (Statistical Purposes),20191129,20200129
20,80142217,"Midland Credit Management, Inc.",2001SC000515,Small Claims,Disposed (Statistical Purposes),20200615,20201119
21,80143335,"Midland Credit Management, Inc.",2104SC000027,Small Claims,Disposed (Statistical Purposes),20210309,20220120
22,80143584,"Midland Credit Management, Inc.",2104SC000028,Small Claims,Open,20210309,20210309
23,80146417,"Midland Credit Management, Inc.",2015SC001556,Small Claims,Disposed (Statistical Purposes),20200904,20220119
24,80147440,"Midland Credit Management, Inc.",2034SC000864,Small Claims,Disposed (Statistical Purposes),20201104,20211105
25,80147719,"Midland Credit Management, Inc.",2034SC000865,Small Claims,Disposed (Statistical Purposes),20201104,20211105
26,80149235,"Midland Credit Management, Inc.",2004SC000068,Small Claims,Disposed (Statistical Purposes),20200930,20210107
27,80149505,"Midland Credit Management, Inc.",2004SC000069,Small Claims,Disposed (Statistical Purposes),20200930,20211004
28,80151316,"Midland Credit Management, Inc.",2106SC001233EF,Small Claims,Open,20211004,20211004
29,80151465,"Midland Credit Management, Inc.",2106SC001234EF,Small Claims,Open,20211004,20211004
30,80151699,"Midland Credit Management, Inc.",2106SC000340EF,Small Claims,Suspended Covid 19 extended,20210323,20211108
31,80151963,"Midland Credit Management, Inc.",2106SC001232EF,Small Claims,Open,20211004,20211004
32,80152215,"Midland Credit Management, Inc.",2106SC001231EF,Small Claims,Open,20211004,20211004
33,80152943,"Midland Credit Management, Inc.",2104SC000033,Small Claims,Disposed (Statistical Purposes),20210316,20220128
34,80153205,"Midland Credit Management, Inc.",2104SC000032,Small Claims,Open,20210316,20210316
35,80153220,"Midland Credit Management, Inc.",2106SC000343EF,Small Claims,Disposed (Statistical Purposes),20210323,20211108
36,80153634,"Midland Credit Management, Inc.",2134SC001072,Small Claims,Open,20210902,20210902
37,80154975,"Midland Credit Management, Inc.",2106SC001230EF,Small Claims,Open,20211004,20211004
38,80155390,"Midland Credit Management, Inc.",2106SC000341EF,Small Claims,Disposed (Statistical Purposes),20210323,20211108
39,80156856,"Midland Credit Management, Inc.",2148SC000230,Small Claims,Open,20210426,20210426
40,80158624,"Midland Credit Management, Inc.",2104SC000152,Small Claims,Open,20211230,20211230
41,80158890,"Midland Credit Management, Inc.",2125SC000258,Small Claims,Disposed (Statistical Purposes),20210303,20210622
42,80160029,"Midland Credit Management, Inc.",2148SC000234,Small Claims,Disposed (Statistical Purposes),20210426,20211021
43,80161032,"Midland Credit Management, Inc.",2106SC000325EF,Small Claims,Disposed (Statistical Purposes),20210323,20211108
44,80161288,"Midland Credit Management, Inc.",2125SC000246,Small Claims,Disposed (Statistical Purposes),20210302,20210907
45,80162319,"Midland Credit Management, Inc.",2106SC000327EF,Small Claims,Disposed (Statistical Purposes),20210323,20211108
46,80162982,"Midland Credit Management, Inc.",2148SC000233,Small Claims,Disposed (Statistical Purposes),20210426,20211021
47,80164119,"Midland Credit Management, Inc.",2148SC000671,Small Claims,Open,20211112,20211112
48,80164719,"Midland Credit Management, Inc.",2106SC000349EF,Small Claims,Disposed (Statistical Purposes),20210322,20211115
49,80165213,"Midland Credit Management, Inc.",2134SC000018,Small Claims,Open,20210108,20210108
0,80165962,"Midland Credit Management, Inc.",2134SC001066,Small Claims,Open,20210902,20210902
1,80166131,"Midland Credit Management, Inc.",2148SC000232,Small Claims,Open,20210426,20210426
2,80166393,"Midland Credit Management, Inc.",2025SC000879,Small Claims,Disposed (Statistical Purposes),20201223,20210706
3,80167621,"Midland Credit Management, Inc.",2106CV000426,Civil,Open,20211005,20211005
4,80168765,"Midland Credit Management, Inc.",2034SC000875,Small Claims,Disposed (Statistical Purposes),20201109,20211105
5,80171089,"Midland Credit Management, Inc.",2106CV000425,Civil,Open,20211005,20211005
6,80173143,"Midland Credit Management, Inc.",2001SC000513,Small Claims,Open,20200615,20200615
7,80174108,"Midland Credit Management, Inc.",2106SC000089EF,Small Claims,Open,20210128,20210128
8,80174441,"Midland Credit Management, Inc.",2034SC000874,Small Claims,Disposed (Statistical Purposes),20201109,20211105
9,80174632,"Midland Credit Management, Inc.",2015SC000833,Small Claims,Disposed (Statistical Purposes),20200309,20210909
10,80175960,"Midland Credit Management, Inc.",2106SC000090EF,Small Claims,Disposed (Statistical Purposes),20210128,20210802
11,80177654,"Midland Credit Management, Inc.",2125SC000264,Small Claims,Disposed (Statistical Purposes),20210303,20210706
12,80178210,"Midland Credit Management, Inc.",2106CV000431,Civil,Open,20211008,20211008
13,80178539,"Midland Credit Management, Inc.",2125SC000256,Small Claims,Open,20210303,20210303
14,80179950,"Midland Credit Management, Inc.",2148SC000677,Small Claims,Open,20211115,20211115
15,80180431,"Midland Credit Management, Inc.",2125SC000263,Small Claims,Disposed (Statistical Purposes),20210303,20210622
16,80180635,"Midland Credit Management, Inc.",2015SC001567,Small Claims,Open,20200908,20200908
17,80181060,"Midland Credit Management, Inc.",2125SC000257,Small Claims,Open,20210303,20210303
18,80181101,"Midland Credit Management, Inc.",2148SC000676,Small Claims,Open,20211115,20211115
19,80181571,"Midland Credit Management, Inc.",2106CV000430,Civil,Open,20211008,20211008
20,80182327,"Midland Credit Management, Inc.",2025SC000882,Small Claims,Open,20201224,20201224
21,80183213,"Midland Credit Management, Inc.",2048SC000282,Small Claims,Disposed (Statistical Purposes),20200730,20210914
22,80183927,"Midland Credit Management, Inc.",2025SC000881,Small Claims,Disposed (Statistical Purposes),20201224,20210706
23,80184126,"Midland Credit Management, Inc.",2015SC001568,Small Claims,Disposed (Statistical Purposes),20200908,20220119
24,80184942,"Midland Credit Management, Inc.",2102SC001006EF,Small Claims,Open,20211222,20211222
25,80188865,"Midland Credit Management, Inc.",2148SC000678,Small Claims,Open,20211115,20211115
26,80200434,"Midland Credit Management, Inc.",2106CV000433,Civil,Open,20211012,20211012
27,80202624,"Midland Credit Management, Inc.",2148SC000242,Small Claims,Disposed (Statistical Purposes),20210430,20211014
28,80203239,"Midland Credit Management, Inc.",2125SC000270,Small Claims,Disposed (Statistical Purposes),20210305,20210914
29,80203270,"Midland Credit Management, Inc.",2115CV001302,Civil,Open,20211220,20211220
30,80203615,"Midland Credit Management, Inc.",2125SC000099,Small Claims,Open,20210127,20210127
31,80203805,"Midland Credit Management, Inc.",2001SC001105,Small Claims,Disposed (Statistical Purposes),20201228,20210520
32,80205700,"Midland Credit Management, Inc.",2015SC001583,Small Claims,Open,20200910,20200910
33,80207020,"Midland Credit Management, Inc.",2101SC001048EF,Small Claims,Open,20210909,20210909
34,80207086,"Midland Credit Management, Inc.",2125SC000947,Small Claims,Open,20210816,20210816
35,80207310,"Midland Credit Management, Inc.",2001SC001111,Small Claims,Disposed (Statistical Purposes),20201228,20210512
36,80207334,"Midland Credit Management, Inc.",2015SC001584,Small Claims,Disposed (Statistical Purposes),20200910,20220126
37,80207851,"Midland Credit Management, Inc.",2001SC001107,Small Claims,Disposed (Statistical Purposes),20201228,20210506
38,80207839,"Midland Credit Management, Inc.",2015SC001578,Small Claims,Disposed (Statistical Purposes),20200909,20220126
39,80208716,"Midland Credit Management, Inc.",2015SC001585,Small Claims,Disposed (Statistical Purposes),20200910,20220126
40,80209071,"Midland Credit Management, Inc.",2025SC000893,Small Claims,Disposed (Statistical Purposes),20201229,20210706
41,80209447,"Midland Credit Management, Inc.",2115SC003187,Small Claims,Open,20211221,20211221
42,80209480,"Midland Credit Management, Inc.",2015SC000834,Small Claims,Suspended Covid 19 extended,20200309,20200521
43,80209718,"Midland Credit Management, Inc.",2125SC000948,Small Claims,Open,20210816,20210816
44,80210362,"Midland Credit Management, Inc.",2125SC000100,Small Claims,Disposed (Statistical Purposes),20210127,20210810
45,80210390,"Midland Credit Management, Inc.",2015SC001577,Small Claims,Disposed (Statistical Purposes),20200909,20220126
46,80212188,"Midland Credit Management, Inc.",2025SC000892,Small Claims,Disposed (Statistical Purposes),20201229,20210706
47,80212689,"Midland Credit Management, Inc.",2001SC001109,Small Claims,Disposed (Statistical Purposes),20201228,20210506
48,80213003,"Midland Credit Management, Inc.",2125SC000956,Small Claims,Open,20210817,20210817
49,80213356,"Midland Credit Management, Inc.",2125SC000946,Small Claims,Open,20210816,20210816
0,80214966,"Midland Credit Management, Inc.",2025SC000896,Small Claims,Disposed (Statistical Purposes),20201229,20210706
1,80215460,"Midland Credit Management, Inc.",2034SC000896,Small Claims,Disposed (Statistical Purposes),20201112,20211112
2,80217790,"Midland Credit Management, Inc.",2015SC001586,Small Claims,Disposed (Statistical Purposes),20200911,20220126
3,80217802,"Midland Credit Management, Inc.",2025SC000891,Small Claims,Disposed (Statistical Purposes),20201229,20210706
4,80219069,"Midland Credit Management, Inc.",2134SC001080,Small Claims,Open,20210907,20210907
5,80224776,"Midland Credit Management, Inc.",2125SC001066,Small Claims,Open,20210920,20210920
6,80225309,"Midland Credit Management, Inc.",2106SC000371EF,Small Claims,Disposed (Statistical Purposes),20210329,20211115
7,80225434,"Midland Credit Management, Inc.",2148SC000246,Small Claims,Disposed (Statistical Purposes),20210503,20220127
8,80228506,"Midland Credit Management, Inc.",2048SC000145,Small Claims,Disposed (Statistical Purposes),20200302,20210716
9,80232167,"Midland Credit Management, Inc.",2202SC000045EF,Small Claims,Open,20220127,20220127
10,80233299,"Midland Credit Management, Inc.",2134SC000104,Small Claims,Disposed (Statistical Purposes),20210217,20211103
11,80234009,"Midland Credit Management, Inc.",2025SC000908,Small Claims,Disposed (Statistical Purposes),20201230,20210713
12,80234505,"Midland Credit Management, Inc.",2125SC000958,Small Claims,Open,20210818,20210818
13,80234525,"Midland Credit Management, Inc.",2025SC000897,Small Claims,Disposed (Statistical Purposes),20201230,20210706
14,80234750,"Midland Credit Management, Inc.",2002SC000556EF,Small Claims,Disposed (Statistical Purposes),20201221,20210322
15,80235803,"Midland Credit Management, Inc.",2025SC000909,Small Claims,Open,20201230,20201230
16,80236339,"Midland Credit Management, Inc.",2101SC000262EF,Small Claims,Closed,20210305,20211102
17,80236662,"Midland Credit Management, Inc.",2134CV000101,Civil,Open,20210216,20210216
18,80237155,"Midland Credit Management, Inc.",2125SC000957,Small Claims,Open,20210818,20210818
19,80238814,"Midland Credit Management, Inc.",2102SC000062EF,Small Claims,Disposed (Statistical Purposes),20210222,20211215
20,80238829,"Midland Credit Management, Inc.",2015SC001587,Small Claims,Disposed (Statistical Purposes),20200914,20220126
21,80240021,"Midland Credit Management, Inc.",2015SC001588,Small Claims,Disposed (Statistical Purposes),20200914,20220126
22,80240286,"Midland Credit Management, Inc.",2001SC000669,Small Claims,Open,20200820,20200820
23,80240778,"Midland Credit Management, Inc.",2001SC001114EF,Small Claims,Closed,20201230,20210701
24,80245912,"Midland Credit Management, Inc.",2102SC000758EF,Small Claims,Open,20210907,20210907
25,80248837,"Midland Credit Management, Inc.",2102SC000759EF,Small Claims,Open,20210907,20210907
26,80249316,"Midland Credit Management, Inc.",2002SC000558EF,Small Claims,Disposed (Statistical Purposes),20201224,20211013
27,80251276,"Midland Credit Management, Inc.",2106SC000380EF,Small Claims,Disposed (Statistical Purposes),20210331,20211115
28,80252747,"Midland Credit Management, Inc.",2202SC000049EF,Small Claims,Open,20220131,20220131
29,80256356,"Midland Credit Management, Inc.",2106SC000129EF,Small Claims,Disposed (Statistical Purposes),20210204,20210823
30,80257186,"Midland Credit Management, Inc.",2125SC000109,Small Claims,Disposed (Statistical Purposes),20210202,20210817
31,80258802,"Midland Credit Management, Inc.",2202SC000052EF,Small Claims,Open,20220203,20220203
32,80260701,"Midland Credit Management, Inc.",2248SC000034,Small Claims,Open,20220124,20220124
33,80261924,"Midland Credit Management, Inc.",2002SC000559EF,Small Claims,Disposed (Statistical Purposes),20201229,20211013
34,80262343,"Midland Credit Management, Inc.",2101CV001396,Civil,Open,20211213,20211213
35,80264679,"Midland Credit Management, Inc.",2134SC000106,Small Claims,Open,20210218,20210218
36,80266028,"Midland Credit Management, Inc.",2115SC003199,Small Claims,Open,20211222,20211222
37,80266884,"Midland Credit Management, Inc.",2001CV001408,Civil,Closed,20201023,20210310
38,80266981,"Midland Credit Management, Inc.",2148SC000262,Small Claims,Disposed (Statistical Purposes),20210510,20211028
39,80267912,"Midland Credit Management, Inc.",2106SC000379EF,Small Claims,Disposed (Statistical Purposes),20210330,20211115
40,80268715,"Midland Credit Management, Inc.",2125SC000981,Small Claims,Open,20210823,20210823
41,80269753,"Midland Credit Management, Inc.",2248CV000014,Civil,Open,20220125,20220125
42,80273708,"Midland Credit Management, Inc.",2148SC000267,Small Claims,Disposed (Statistical Purposes),20210511,20211028
43,80274665,"Midland Credit Management, Inc.",2015SC001602,Small Claims,Open,20200915,20200915
44,80275256,"Midland Credit Management, Inc.",2148SC000268,Small Claims,Disposed (Statistical Purposes),20210511,20211028
45,80280249,"Midland Credit Management, Inc.",2134SC000031,Small Claims,Open,20210118,20210118
46,80280589,"Midland Credit Management, Inc.",2125SC000293,Small Claims,Open,20210315,20210315
47,80280755,"Midland Credit Management, Inc.",2148SC000263,Small Claims,Open,20210511,20210511
48,80280980,"Midland Credit Management, Inc.",2048SC000314,Small Claims,Open,20200819,20200819
49,80281908,"Midland Credit Management, Inc.",2048SC000311,Small Claims,Open,20200819,20200819
0,80282228,"Midland Credit Management, Inc.",2101SC000006EF,Small Claims,Closed,20210105,20210701
1,80282658,"Midland Credit Management, Inc.",2148CV000119,Civil,Disposed (Statistical Purposes),20210511,20210901
2,80283404,"Midland Credit Management, Inc.",2101SC001086EF,Small Claims,Open,20210916,20210916
3,80283903,"Midland Credit Management, Inc.",1903SC000256EF,Small Claims,Disposed (Statistical Purposes),20191226,20201211
4,80284120,"Midland Credit Management, Inc.",2125SC000296,Small Claims,Disposed (Statistical Purposes),20210315,20210921
5,80284182,"Midland Credit Management, Inc.",2134SC000111,Small Claims,Open,20210222,20210222
6,80284761,"Midland Credit Management, Inc.",2106CV000094,Civil,Open,20210209,20210209
7,80287303,"Midland Credit Management, Inc.",2001SC000700,Small Claims,Closed,20200826,20210204
8,80287636,"Midland Credit Management, Inc.",1906SC001631,Small Claims,Disposed (Statistical Purposes),20191217,20201005
9,80289750,"Midland Credit Management, Inc.",2015SC001626,Small Claims,Open,20200918,20200918
10,80290063,"Midland Credit Management, Inc.",2106SC001303EF,Small Claims,Open,20211019,20211019
11,80290057,"Midland Credit Management, Inc.",2125SC000006,Small Claims,Disposed (Statistical Purposes),20210105,20210720
12,80291144,"Midland Credit Management, Inc.",2015SC001628,Small Claims,Open,20200918,20200918
13,80291684,"Midland Credit Management, Inc.",2015SC001616,Small Claims,Disposed (Statistical Purposes),20200917,20220126
14,80292098,"Midland Credit Management, Inc.",2125SC000131,Small Claims,Disposed (Statistical Purposes),20210209,20210803
15,80292674,"Midland Credit Management, Inc.",2015SC001625,Small Claims,Open,20200917,20200917
16,80292861,"Midland Credit Management, Inc.",2115SC003219,Small Claims,Open,20211227,20211227
17,80293944,"Midland Credit Management, Inc.",2125SC000129,Small Claims,Disposed (Statistical Purposes),20210209,20210803
18,80295226,"Midland Credit Management, Inc.",2148SC000269,Small Claims,Disposed (Statistical Purposes),20210514,20211028
19,80297538,"Midland Credit Management, Inc.",2102SC000135EF,Small Claims,Disposed (Statistical Purposes),20210421,20211006
20,80298136,"Midland Credit Management, Inc.",2102SC000895EF,Small Claims,Open,20211028,20211028
21,80298855,"Midland Credit Management, Inc.",1906SC001629,Small Claims,Disposed (Statistical Purposes),20191217,20200102
22,80299286,"Midland Credit Management, Inc.",2115SC003220,Small Claims,Open,20211227,20211227
23,80301729,"Midland Credit Management, Inc.",2134SC000037,Small Claims,Open,20210120,20210120
24,80302076,"Midland Credit Management, Inc.",2115SC003226,Small Claims,Open,20211227,20211227
25,80302780,"Midland Credit Management, Inc.",2106SC000411,Small Claims,Open,20210406,20210406
26,80303520,"Midland Credit Management, Inc.",2106SC000413,Small Claims,Disposed (Statistical Purposes),20210406,20211025
27,80303883,"Midland Credit Management, Inc.",2106SC000409,Small Claims,Disposed (Statistical Purposes),20210406,20211228
28,80304297,"Midland Credit Management, Inc.",2234SC000047,Small Claims,Open,20220121,20220121
29,80305122,"Midland Credit Management, Inc.",2106SC000407,Small Claims,Disposed (Statistical Purposes),20210406,20211025
30,80305981,"Midland Credit Management, Inc.",2215SC000141,Small Claims,Open,20220121,20220121
31,80306289,"Midland Credit Management, Inc.",2134SC001113,Small Claims,Open,20210916,20210916
32,80306386,"Midland Credit Management, Inc.",2101SC000201,Small Claims,Closed,20210210,20210519
33,80307102,"Midland Credit Management, Inc.",2125SC000127,Small Claims,Disposed (Statistical Purposes),20210209,20210803
34,80307409,"Midland Credit Management, Inc.",2106SC000410,Small Claims,Disposed (Statistical Purposes),20210406,20210622
35,80307808,"Midland Credit Management, Inc.",2106SC000408,Small Claims,Disposed (Statistical Purposes),20210406,20211025
36,80308278,"Midland Credit Management, Inc.",2125SC001087,Small Claims,Open,20211001,20211001
37,80309196,"Midland Credit Management, Inc.",2106SC001311EF,Small Claims,Open,20211019,20211019
38,80309910,"Midland Credit Management, Inc.",2048SC000167,Small Claims,Disposed (Statistical Purposes),20200309,20220121
39,80310384,"Midland Credit Management, Inc.",1934SC001527,Small Claims,Disposed (Statistical Purposes),20191202,20210707
40,80310816,"Midland Credit Management, Inc.",2106SC001304EF,Small Claims,Open,20211019,20211019
41,80312160,"Midland Credit Management, Inc.",2106SC000412,Small Claims,Disposed (Statistical Purposes),20210406,20220124
42,80312684,"Midland Credit Management, Inc.",2101CV000178,Civil,Special Suspension,20210210,20210420
43,80312725,"Midland Credit Management, Inc.",2125CV000428,Civil,Open,20211004,20211004
44,80313324,"Midland Credit Management, Inc.",2015SC001322,Small Claims,Disposed (Statistical Purposes),20200722,20211208
45,80314586,"Midland Credit Management, Inc.",2134SC000043,Small Claims,Disposed (Statistical Purposes),20210122,20210804
46,80314625,"Midland Credit Management, Inc.",2125CV000427,Civil,Open,20211004,20211004
47,80314788,"Midland Credit Management, Inc.",2125SC000136,Small Claims,Disposed (Statistical Purposes),20210210,20210803
48,80314919,"Midland Credit Management, Inc.",2001SC000703,Small Claims,Disposed (Statistical Purposes),20200828,20201119
49,80317018,"Midland Credit Management, Inc.",2215SC000145,Small Claims,Open,20220124,20220124
0,80319015,"Midland Credit Management, Inc.",2001SC000704EF,Small Claims,Disposed (Statistical Purposes),20200828,20210125
1,80321038,"Midland Credit Management, Inc.",2125CV000426,Civil,Open,20211004,20211004
2,80321367,"Midland Credit Management, Inc.",2048SC000169,Small Claims,Disposed (Statistical Purposes),20200309,20200622
3,80322621,"Midland Credit Management, Inc.",2048SC000166,Small Claims,Disposed (Statistical Purposes),20200309,20220121
4,80322852,"Midland Credit Management, Inc.",2048SC000315,Small Claims,Disposed (Statistical Purposes),20200824,20210930
5,80323230,"Midland Credit Management, Inc.",2101SC000423EF,Small Claims,Closed,20210409,20211018
6,80324687,"Midland Credit Management, Inc.",2034SC000701,Small Claims,Open,20200910,20200910
7,80324688,"Midland Credit Management, Inc.",2034SC000701,Small Claims,Open,20200910,20200910
8,80324899,"Midland Credit Management, Inc.",2034SC000699,Small Claims,Open,20200909,20200909
9,80328851,"Midland Credit Management, Inc.",2101SC001230,Small Claims,Open,20211022,20211022
10,80330808,"Midland Credit Management, Inc.",2125CV000425,Civil,Open,20211004,20211004
11,80332938,"Midland Credit Management, Inc.",2101SC001478,Small Claims,Open,20211220,20211220
12,80333074,"Midland Credit Management, Inc.",2125CV000430,Civil,Disposed (Statistical Purposes),20211004,20211217
13,80333302,"Midland Credit Management, Inc.",2101SC001265,Small Claims,Open,20211027,20211027
14,80335965,"Midland Credit Management, Inc.",2101SC001221EF,Small Claims,Open,20211021,20211021
15,80336961,"Midland Credit Management, Inc.",2125SC000024,Small Claims,Open,20210111,20210111
16,80341357,"Midland Credit Management, Inc.",2001SC000544,Small Claims,Closed,20200703,20210108
17,80343092,"Midland Credit Management, Inc.",2215SC000159,Small Claims,Open,20220127,20220127
18,80345811,"Midland Credit Management, Inc.",2215SC000166,Small Claims,Open,20220127,20220127
19,80346678,"Midland Credit Management, Inc.",2015SC001660,Small Claims,Open,20200923,20200923
20,80348051,"Midland Credit Management, Inc.",2106SC000426EF,Small Claims,Disposed (Statistical Purposes),20210409,20211206
21,80349361,"Midland Credit Management, Inc.",2215SC000158,Small Claims,Open,20220127,20220127
22,80350050,"Midland Credit Management, Inc.",2134SC000120,Small Claims,Open,20210301,20210301
23,80350236,"Midland Credit Management, Inc.",2001SC000702EF,Small Claims,Closed,20200831,20200831
24,80351261,"Midland Credit Management, Inc.",2034SC000762,Small Claims,Disposed (Statistical Purposes),20200922,20211008
25,80351370,"Midland Credit Management, Inc.",2106SC000425EF,Small Claims,Disposed (Statistical Purposes),20210409,20211206
26,80351775,"Midland Credit Management, Inc.",2106SC000424EF,Small Claims,Disposed (Statistical Purposes),20210409,20211206
27,80353336,"Midland Credit Management, Inc.",2115SC003250,Small Claims,Open,20211230,20211230
28,80355130,"Midland Credit Management, Inc.",2215SC000160,Small Claims,Open,20220127,20220127
29,80355319,"Midland Credit Management, Inc.",2048SC000324,Small Claims,Disposed (Statistical Purposes),20200828,20211007
30,80357098,"Midland Credit Management, Inc.",2125SC000035,Small Claims,Disposed (Statistical Purposes),20210114,20210720
31,80358126,"Midland Credit Management, Inc.",2134SC001131,Small Claims,Open,20210921,20210921
32,80358202,"Midland Credit Management, Inc.",2101CV000392,Civil,Closed,20210416,20211013
33,80358248,"Midland Credit Management, Inc.",2015SC001663,Small Claims,Open,20200923,20200923
34,80358950,"Midland Credit Management, Inc.",2048SC000323,Small Claims,Disposed (Statistical Purposes),20200828,20210212
35,80359343,"Midland Credit Management, Inc.",2001SC000548,Small Claims,Disposed (Statistical Purposes),20200706,20201119
36,80360608,"Midland Credit Management, Inc.",2034SC001010,Small Claims,Open,20201124,20201124
37,80361446,"Midland Credit Management, Inc.",2148SC000693,Small Claims,Open,20211118,20211118
38,80361454,"Midland Credit Management, Inc.",2134SC001130,Small Claims,Open,20210921,20210921
39,80361864,"Midland Credit Management, Inc.",2101CV000383,Civil,Closed,20210412,20220118
40,80362293,"Midland Credit Management, Inc.",2134SC000288,Small Claims,Open,20210301,20210301
41,80364269,"Midland Credit Management, Inc.",2034SC000930,Small Claims,Disposed (Statistical Purposes),20201124,20211217
42,80364977,"Midland Credit Management, Inc.",2034SC000432,Small Claims,Disposed (Statistical Purposes),20200319,20201015
43,80366686,"Midland Credit Management, Inc.",2006SC000133,Small Claims,Disposed (Statistical Purposes),20200123,20200309
44,80366884,"Midland Credit Management, Inc.",2034SC000931,Small Claims,Disposed (Statistical Purposes),20201124,20211217
45,80367935,"Midland Credit Management, Inc.",2006SC000166,Small Claims,Disposed (Statistical Purposes),20200127,20211206
46,80368538,"Midland Credit Management, Inc.",2125SC001018,Small Claims,Open,20210902,20210902
47,80370310,"Midland Credit Management, Inc.",2101SC001281,Small Claims,Open,20211101,20211101
48,80372452,"Midland Credit Management, Inc.",2047SC000178,Small Claims,Disposed (Statistical Purposes),20200618,20210817
49,80373962,"Midland Credit Management, Inc.",2015SC001662,Small Claims,Disposed (Statistical Purposes),20200923,20211001
0,80374850,"Midland Credit Management, Inc.",2125SC000321,Small Claims,Open,20210322,20210322
1,80374896,"Midland Credit Management, Inc.",2015SC001527,Small Claims,Disposed (Statistical Purposes),20200828,20220119
2,80376108,"Midland Credit Management, Inc.",2114SC000010,Small Claims,Open,20210101,20210101
3,80376304,"Midland Credit Management, Inc.",2015SC001661,Small Claims,Open,20200923,20200923
4,80377585,"Midland Credit Management, Inc.",2101CV001455,Civil,Open,20211227,20211227
5,80380032,"Midland Credit Management, Inc.",2048SC000229,Small Claims,Disposed (Statistical Purposes),20200601,20200917
6,80380363,"Midland Credit Management, Inc.",2215SC000165,Small Claims,Open,20220127,20220127
7,80381235,"Midland Credit Management, Inc.",2234SC000063,Small Claims,Open,20220131,20220131
8,80383497,"Midland Credit Management, Inc.",2152SC000256,Small Claims,Open,20210416,20210416
9,80383831,"Midland Credit Management, Inc.",2125SC000326,Small Claims,Disposed (Statistical Purposes),20210322,20210921
10,80384248,"Midland Credit Management, Inc.",2134SC000160,Small Claims,Open,20210316,20210316
11,80384350,"Midland Credit Management, Inc.",2148SC000702,Small Claims,Open,20211123,20211123
12,80384773,"Midland Credit Management, Inc.",2015SC001526,Small Claims,Open,20200831,20200831
13,80385609,"Midland Credit Management, Inc.",2101CV001454,Civil,Open,20211227,20211227
14,80387062,"Midland Credit Management, Inc.",2020SC000548,Small Claims,Disposed (Statistical Purposes),20201015,20220118
15,80388262,"Midland Credit Management, Inc.",2215SC000001,Small Claims,Open,20220103,20220103
16,80389004,"Midland Credit Management, Inc.",2125SC001021,Small Claims,Open,20210906,20210906
17,80389828,"Midland Credit Management, Inc.",2020SC000555,Small Claims,Open,20201015,20201015
18,80389866,"Midland Credit Management, Inc.",2034SC000703,Small Claims,Disposed (Statistical Purposes),20200914,20210115
19,80389973,"Midland Credit Management, Inc.",2034SC000706,Small Claims,Disposed (Statistical Purposes),20200914,20210924
20,80390367,"Midland Credit Management, Inc.",2125SC001022,Small Claims,Open,20210906,20210906
21,80390627,"Midland Credit Management, Inc.",2215SC000003,Small Claims,Open,20220103,20220103
22,80391108,"Midland Credit Management, Inc.",2148SC000695,Small Claims,Open,20211122,20211122
23,80391278,"Midland Credit Management, Inc.",2034SC000704,Small Claims,Disposed (Statistical Purposes),20200914,20210924
24,80391746,"Midland Credit Management, Inc.",2034SC000705,Small Claims,Open,20200914,20200914
25,80394864,"Midland Credit Management, Inc.",2134SC000055,Small Claims,Open,20210127,20210127
26,80394997,"Midland Credit Management, Inc.",2125SC001345,Small Claims,Open,20211129,20211129
27,80395940,"Midland Credit Management, Inc.",2015SC001532,Small Claims,Open,20200831,20200831
28,80396005,"Midland Credit Management, Inc.",2125SC001350,Small Claims,Open,20211129,20211129
29,80396883,"Midland Credit Management, Inc.",2134SC000166,Small Claims,Open,20210319,20210319
30,80397217,"Midland Credit Management, Inc.",2106SC001366EF,Small Claims,Open,20211027,20211027
31,80397286,"Midland Credit Management, Inc.",2101SC001242,Small Claims,Open,20211025,20211025
32,80397642,"Midland Credit Management, Inc.",2015SC001534,Small Claims,Disposed (Statistical Purposes),20200831,20220119
33,80398003,"Midland Credit Management, Inc.",2048SC000352,Small Claims,Disposed (Statistical Purposes),20200921,20210920
34,80398639,"Midland Credit Management, Inc.",2134SC000168,Small Claims,Open,20210319,20210319
35,80399077,"Midland Credit Management, Inc.",2001SC000724,Small Claims,Disposed (Statistical Purposes),20200904,20210204
36,80400016,"Midland Credit Management, Inc.",2001SC000721EF,Small Claims,Disposed (Statistical Purposes),20200904,20210405
37,80400314,"Midland Credit Management, Inc.",2048SC000350,Small Claims,Disposed (Statistical Purposes),20200921,20210312
38,80406654,"Midland Credit Management, Inc.",1901SC001757,Small Claims,Disposed (Statistical Purposes),20191205,20200221
39,80407081,"Midland Credit Management, Inc.",2015SC001525,Small Claims,Open,20200831,20200831
40,80408403,"Midland Credit Management, Inc.",2134CV000411,Civil,Open,20211008,20211008
41,80409022,"Midland Credit Management, Inc.",2047SC000184,Small Claims,Disposed (Statistical Purposes),20200626,20210422
42,80409510,"Midland Credit Management, Inc.",2048SC000328,Small Claims,Open,20200904,20200904
43,80409580,"Midland Credit Management, Inc.",2047SC000181,Small Claims,Disposed (Statistical Purposes),20200625,20210729
44,80411795,"Midland Credit Management, Inc.",2048SC000329,Small Claims,Disposed (Statistical Purposes),20200904,20211007
45,80413567,"Midland Credit Management, Inc.",1934SC001565,Small Claims,Disposed (Statistical Purposes),20191211,20210115
46,80413660,"Midland Credit Management, Inc.",2034SC000761,Small Claims,Disposed (Statistical Purposes),20200918,20211001
47,80413912,"Midland Credit Management, Inc.",2134SC000125,Small Claims,Disposed (Statistical Purposes),20210305,20210701
48,80414319,"Midland Credit Management, Inc.",2048SC000330,Small Claims,Disposed (Statistical Purposes),20200904,20211007
49,80414556,"Midland Credit Management, Inc.",2125SC001023,Small Claims,Open,20210907,20210907
0,80414844,"Midland Credit Management, Inc.",2125SC001024,Small Claims,Open,20210907,20210907
1,80416262,"Midland Credit Management, Inc.",2034SC000431,Small Claims,Open,20200319,20200319
2,80417223,"Midland Credit Management, Inc.",2114SC000015,Small Claims,Open,20210108,20210108
3,80417570,"Midland Credit Management, Inc.",2125SC001353,Small Claims,Open,20211130,20211130
4,80418944,"Midland Credit Management, Inc.",2134CV000406,Civil,Open,20211008,20211008
5,80419161,"Midland Credit Management, Inc.",2114SC000016,Small Claims,Open,20210108,20210108
6,80419703,"Midland Credit Management, Inc.",2268CV000020,Civil,Open,20220207,20220207
7,80421759,"Midland Credit Management, Inc.",2152SC000276,Small Claims,Covid 19 XXX Notice Issued,20210422,20220113
8,80422348,"Midland Credit Management, Inc.",2125SC001366,Small Claims,Open,20211201,20211201
9,80424743,"Midland Credit Management, Inc.",2015SC001356,Small Claims,Open,20200730,20200730
10,80424836,"Midland Credit Management, Inc.",2125SC000339,Small Claims,Disposed (Statistical Purposes),20210324,20210928
11,80426640,"Midland Credit Management, Inc.",2152SC000275,Small Claims,Covid 19 XXX Notice Issued,20210422,20220110
12,80427952,"Midland Credit Management, Inc.",2125SC001356,Small Claims,Open,20211130,20211130
13,80429096,"Midland Credit Management, Inc.",2015SC001546,Small Claims,Disposed (Statistical Purposes),20200901,20220119
14,80429102,"Midland Credit Management, Inc.",2152SC000273,Small Claims,Disposed (Statistical Purposes),20210422,20211216
15,80429374,"Midland Credit Management, Inc.",2125SC001357,Small Claims,Open,20211130,20211130
16,80433393,"Midland Credit Management, Inc.",2152SC000262,Small Claims,Disposed (Statistical Purposes),20210421,20211215
17,80433505,"Midland Credit Management, Inc.",1934SC001564,Small Claims,Covid 19 XXX Notice Issued,20191211,20200720
18,80434939,"Midland Credit Management, Inc.",2152SC000274,Small Claims,Covid 19 XXX Notice Issued,20210422,20220120
19,80435946,"Midland Credit Management, Inc.",2125SC001378,Small Claims,Open,20211202,20211202
20,80436273,"Midland Credit Management, Inc.",1934SC001566,Small Claims,Disposed (Statistical Purposes),20191211,20210804
21,80437769,"Midland Credit Management, Inc.",2125SC001374,Small Claims,Open,20211203,20211203
22,80437883,"Midland Credit Management, Inc.",2114SC000020,Small Claims,Open,20210111,20210111
23,80437970,"Midland Credit Management, Inc.",2015SC001700,Small Claims,Open,20200928,20200928
24,80438630,"Midland Credit Management, Inc.",2020SC000583,Small Claims,Open,20201023,20201023
25,80440036,"Midland Credit Management, Inc.",2020SC000585,Small Claims,Disposed (Statistical Purposes),20201023,20220120
26,80440597,"Midland Credit Management, Inc.",2020SC000586,Small Claims,Open,20201023,20201023
27,80440679,"Midland Credit Management, Inc.",2125SC001369,Small Claims,Open,20211202,20211202
28,80440752,"Midland Credit Management, Inc.",2125SC001371,Small Claims,Open,20211202,20211202
29,80441245,"Midland Credit Management, Inc.",2125SC001370,Small Claims,Open,20211202,20211202
30,80441291,"Midland Credit Management, Inc.",2114SC000019,Small Claims,Open,20210111,20210111
31,80442272,"Midland Credit Management, Inc.",2048SC000362,Small Claims,Open,20200928,20200928
32,80443138,"Midland Credit Management, Inc.",2048SC000363,Small Claims,Disposed (Statistical Purposes),20200928,20210923
33,80444030,"Midland Credit Management, Inc.",2125SC001373,Small Claims,Open,20211202,20211202
34,80444241,"Midland Credit Management, Inc.",2125SC001372,Small Claims,Open,20211202,20211202
35,80445083,"Midland Credit Management, Inc.",2125SC001376,Small Claims,Open,20211203,20211203
36,80445465,"Midland Credit Management, Inc.",2125SC001375,Small Claims,Open,20211203,20211203
37,80447207,"Midland Credit Management, Inc.",2125SC001314,Small Claims,Open,20211119,20211119
38,80450655,"Midland Credit Management, Inc.",2125CV000445,Civil,Open,20211012,20211012
39,80451482,"Midland Credit Management, Inc.",2020SC000587,Small Claims,Open,20201026,20201026
40,80451547,"Midland Credit Management, Inc.",2114CV000405,Civil,Disposed (Statistical Purposes),20211015,20220111
41,80452636,"Midland Credit Management, Inc.",2247CV000032,Civil,Open,20220207,20220207
42,80452664,"Midland Credit Management, Inc.",2114SC000290,Small Claims,Open,20210315,20210315
43,80452751,"Midland Credit Management, Inc.",2114SC000929,Small Claims,Open,20210816,20210816
44,80453363,"Midland Credit Management, Inc.",2114SC000033,Small Claims,Open,20210114,20210114
45,80453696,"Midland Credit Management, Inc.",2125SC001315,Small Claims,Open,20211119,20211119
46,80453821,"Midland Credit Management, Inc.",2048SC000331,Small Claims,Disposed (Statistical Purposes),20200908,20211007
47,80453863,"Midland Credit Management, Inc.",1915SC003696,Small Claims,Disposed (Statistical Purposes),20191223,20210408
48,80453967,"Midland Credit Management, Inc.",2134SC000171,Small Claims,Open,20210324,20210324
49,80454035,"Midland Credit Management, Inc.",2048SC000365,Small Claims,Disposed (Statistical Purposes),20200930,20210607
0,80454185,"Midland Credit Management, Inc.",2114SC001164,Small Claims,Open,20211015,20211015
1,80454422,"Midland Credit Management, Inc.",2020SC000674,Small Claims,Open,20201221,20201221
2,80454605,"Midland Credit Management, Inc.",2114SC000289,Small Claims,Open,20210315,20210315
3,80454775,"Midland Credit Management, Inc.",2048SC000332,Small Claims,Disposed (Statistical Purposes),20200908,20210104
4,80455452,"Midland Credit Management, Inc.",2020SC000673,Small Claims,Open,20201221,20201221
5,80455861,"Midland Credit Management, Inc.",2134SC001202,Small Claims,Open,20211014,20211014
6,80456410,"Midland Credit Management, Inc.",2020SC000677,Small Claims,Open,20201221,20201221
7,80456852,"Midland Credit Management, Inc.",1915SC003694,Small Claims,Disposed (Statistical Purposes),20191223,20210407
8,80456893,"Midland Credit Management, Inc.",2114SC001163,Small Claims,Open,20211015,20211015
9,80456922,"Midland Credit Management, Inc.",2114SC000955,Small Claims,Open,20210817,20210817
10,80457812,"Midland Credit Management, Inc.",2020SC000675,Small Claims,Open,20201221,20201221
11,80458741,"Midland Credit Management, Inc.",2020SC000679,Small Claims,Open,20201221,20201221
12,80458827,"Midland Credit Management, Inc.",2020SC000590,Small Claims,Open,20201028,20201028
13,80461814,"Midland Credit Management, Inc.",2114SC000035,Small Claims,Open,20210115,20210115
14,80461903,"Midland Credit Management, Inc.",2134SC001203,Small Claims,Open,20211014,20211014
15,80462359,"Midland Credit Management, Inc.",2125SC000348,Small Claims,Open,20210329,20210329
16,80462617,"Midland Credit Management, Inc.",2134SC001145,Small Claims,Open,20210929,20210929
17,80462781,"Midland Credit Management, Inc.",2125CV000529,Civil,Open,20211206,20211206
18,80462944,"Midland Credit Management, Inc.",2134SC001144,Small Claims,Open,20210929,20210929
19,80464049,"Midland Credit Management, Inc.",1915SC003695,Small Claims,Suspended Covid 19 extended,20191223,20200702
20,80465072,"Midland Credit Management, Inc.",2134SC000073,Small Claims,Open,20210203,20210203
21,80465399,"Midland Credit Management, Inc.",2020SC000655,Small Claims,Open,20201221,20201221
22,80466226,"Midland Credit Management, Inc.",2125SC001379,Small Claims,Open,20211206,20211206
23,80466332,"Midland Credit Management, Inc.",1915SC003693,Small Claims,Suspended- COVID 19-Extend-Notices sent,20191223,20200519
24,80467019,"Midland Credit Management, Inc.",2125SC000347,Small Claims,Open,20210329,20210329
25,80467656,"Midland Credit Management, Inc.",2020SC000676,Small Claims,Open,20201221,20201221
26,80468573,"Midland Credit Management, Inc.",2048SC000467,Small Claims,Disposed (Statistical Purposes),20201119,20210416
27,80468748,"Midland Credit Management, Inc.",2134SC001209,Small Claims,Open,20211015,20211015
28,80468865,"Midland Credit Management, Inc.",1915SC003692,Small Claims,Disposed (Statistical Purposes),20191223,20210407
29,80470061,"Midland Credit Management, Inc.",1915SC003689,Small Claims,Disposed (Statistical Purposes),20191223,20210408
30,80471572,"Midland Credit Management, Inc.",2114SC000292,Small Claims,Disposed (Statistical Purposes),20210316,20220113
31,80471861,"Midland Credit Management, Inc.",2152SC000293,Small Claims,Covid 19 XXX Notice Issued,20210430,20220113
32,80472611,"Midland Credit Management, Inc.",2114SC000293,Small Claims,Open,20210316,20210316
33,80474624,"Midland Credit Management, Inc.",2114SC000042,Small Claims,Disposed (Statistical Purposes),20210119,20210622
34,80475237,"Midland Credit Management, Inc.",2068SC000287EF,Small Claims,Disposed (Statistical Purposes),20201022,20210308
35,80475723,"Midland Credit Management, Inc.",2020SC000682,Small Claims,Open,20201223,20201223
36,80476445,"Midland Credit Management, Inc.",2114SC000045,Small Claims,Open,20210120,20210120
37,80476937,"Midland Credit Management, Inc.",2020SC000596,Small Claims,Open,20201102,20201102
38,80477105,"Midland Credit Management, Inc.",2020SC000595,Small Claims,Open,20201102,20201102
39,80477552,"Midland Credit Management, Inc.",2020SC000597,Small Claims,Open,20201102,20201102
40,80478357,"Midland Credit Management, Inc.",2134SC000072,Small Claims,Open,20210203,20210203
41,80479676,"Midland Credit Management, Inc.",2020SC000568,Small Claims,Open,20201103,20201103
42,80480347,"Midland Credit Management, Inc.",2020SC000567,Small Claims,Open,20201103,20201103
43,80481079,"Midland Credit Management, Inc.",2114SC000047,Small Claims,Open,20210120,20210120
44,80482240,"Midland Credit Management, Inc.",2048SC000335,Small Claims,Disposed (Statistical Purposes),20200911,20210301
45,80482741,"Midland Credit Management, Inc.",2154CV000648,Civil,Open,20211227,20211227
46,80484029,"Midland Credit Management, Inc.",2154CV000649,Civil,Open,20211227,20211227
47,80484539,"Midland Credit Management, Inc.",2154SC000893,Small Claims,Disposed (Statistical Purposes),20211119,20220121
48,80486012,"Midland Credit Management, Inc.",2154SC000972,Small Claims,Open,20211227,20211227
49,80486298,"Midland Credit Management, Inc.",2047SC000252,Small Claims,Covid 19 XXX Notice Issued,20200914,20210217
0,80486450,"Midland Credit Management, Inc.",2020SC000686,Small Claims,Open,20201224,20201224
1,80487019,"Midland Credit Management, Inc.",2020SC000690,Small Claims,Open,20201224,20201224
2,80488655,"Midland Credit Management, Inc.",2020SC000569,Small Claims,Open,20201104,20201104
3,80488786,"Midland Credit Management, Inc.",2020SC000688,Small Claims,Open,20201224,20201224
4,80489441,"Midland Credit Management, Inc.",2020SC000689,Small Claims,Open,20201224,20201224
5,80490459,"Midland Credit Management, Inc.",2048SC000338,Small Claims,Open,20200914,20200914
6,80490545,"Midland Credit Management, Inc.",2134CV000092,Civil,Open,20210205,20210205
7,80491895,"Midland Credit Management, Inc.",2020SC000685,Small Claims,Open,20201224,20201224
8,80492125,"Midland Credit Management, Inc.",2120SC000081,Small Claims,Open,20210208,20210208
9,80492468,"Midland Credit Management, Inc.",2120SC000087,Small Claims,Open,20210208,20210208
10,80493049,"Midland Credit Management, Inc.",2020SC000683,Small Claims,Open,20201224,20201224
11,80493135,"Midland Credit Management, Inc.",2120SC000082,Small Claims,Open,20210208,20210208
12,80493926,"Midland Credit Management, Inc.",2120SC000080,Small Claims,Open,20210208,20210208
13,80494417,"Midland Credit Management, Inc.",2120SC000088,Small Claims,Open,20210208,20210208
14,80494747,"Midland Credit Management, Inc.",2020SC000576,Small Claims,Open,20201105,20201105
15,80494910,"Midland Credit Management, Inc.",2120SC000084,Small Claims,Open,20210208,20210208
16,80495120,"Midland Credit Management, Inc.",2020SC000572,Small Claims,Open,20201104,20201104
17,80495937,"Midland Credit Management, Inc.",2020SC000577,Small Claims,Open,20201105,20201105
18,80495943,"Midland Credit Management, Inc.",2134SC000077,Small Claims,Open,20210205,20210205
19,80497007,"Midland Credit Management, Inc.",2120SC000093,Small Claims,Open,20210209,20210209
20,80497602,"Midland Credit Management, Inc.",2120SC000089,Small Claims,Disposed (Statistical Purposes),20210208,20210305
21,80497701,"Midland Credit Management, Inc.",2134SC000156,Small Claims,Open,20210315,20210315
22,80498268,"Midland Credit Management, Inc.",2120SC000078,Small Claims,Open,20210208,20210208
23,80498642,"Midland Credit Management, Inc.",2120SC000083,Small Claims,Open,20210208,20210208
24,80499043,"Midland Credit Management, Inc.",2120SC000085,Small Claims,Open,20210208,20210208
25,80501663,"Midland Credit Management, Inc.",2120SC000079,Small Claims,Open,20210208,20210208
26,80502301,"Midland Credit Management, Inc.",2114SC001173,Small Claims,Open,20211019,20211019
27,80503709,"Midland Credit Management, Inc.",2114SC001174,Small Claims,Open,20211019,20211019
28,80504169,"Midland Credit Management, Inc.",2134CV000402,Civil,Open,20211004,20211004
29,80504341,"Midland Credit Management, Inc.",2134SC001147,Small Claims,Open,20211004,20211004
30,80504696,"Midland Credit Management, Inc.",1915SC003409,Small Claims,Disposed (Statistical Purposes),20191203,20210408
31,80505377,"Midland Credit Management, Inc.",2120SC000094,Small Claims,Open,20210209,20210209
32,80505718,"Midland Credit Management, Inc.",2120SC000091,Small Claims,Open,20210209,20210209
33,80506326,"Midland Credit Management, Inc.",2068CV000140,Civil,Open,20201202,20201202
34,80506423,"Midland Credit Management, Inc.",2114SC001189,Small Claims,Open,20211020,20211020
35,80507053,"Midland Credit Management, Inc.",2114SC001172,Small Claims,Disposed (Statistical Purposes),20211019,20211214
36,80507161,"Midland Credit Management, Inc.",2120SC000092,Small Claims,Open,20210209,20210209
37,80507696,"Midland Credit Management, Inc.",1901SC001780,Small Claims,Disposed (Statistical Purposes),20191210,20200813
38,80508731,"Midland Credit Management, Inc.",2048SC000469,Small Claims,Disposed (Statistical Purposes),20201123,20210415
39,80509026,"Midland Credit Management, Inc.",2048SC000343,Small Claims,Disposed (Statistical Purposes),20200917,20210312
40,80509354,"Midland Credit Management, Inc.",2134SC001150,Small Claims,Open,20211004,20211004
41,80509518,"Midland Credit Management, Inc.",2048SC000346,Small Claims,Disposed (Statistical Purposes),20200917,20210317
42,80509582,"Midland Credit Management, Inc.",2125SC001337,Small Claims,Open,20211126,20211126
43,80509911,"Midland Credit Management, Inc.",2134SC000159,Small Claims,Open,20210316,20210316
44,80510006,"Midland Credit Management, Inc.",2125SC001340,Small Claims,Open,20211126,20211126
45,80510088,"Midland Credit Management, Inc.",2006SC001081EF,Small Claims,Disposed (Statistical Purposes),20201211,20220207
46,80510397,"Midland Credit Management, Inc.",2006SC001076EF,Small Claims,Disposed (Statistical Purposes),20201210,20220207
47,80510643,"Midland Credit Management, Inc.",2006SC001082EF,Small Claims,Disposed (Statistical Purposes),20201211,20220207
48,80511306,"Midland Credit Management, Inc.",2134SC000158,Small Claims,Open,20210316,20210316
49,80511389,"Midland Credit Management, Inc.",2114SC001003,Small Claims,Open,20210827,20210827
0,80513091,"Midland Credit Management, Inc.",2125SC001339,Small Claims,Open,20211126,20211126
1,80516119,"Midland Credit Management, Inc.",2147SC000461,Small Claims,Open,20211206,20211206
2,80517744,"Midland Credit Management, Inc.",2020SC000692,Small Claims,Open,20201229,20201229
3,80519250,"Midland Credit Management, Inc.",2020SC000695,Small Claims,Open,20201228,20201228
4,80520336,"Midland Credit Management, Inc.",2120SC000758,Small Claims,Open,20210823,20210823
5,80520438,"Midland Credit Management, Inc.",2006SC001084EF,Small Claims,Disposed (Statistical Purposes),20201214,20220207
6,80521242,"Midland Credit Management, Inc.",2154SC000896,Small Claims,Open,20211122,20211122
7,80521648,"Midland Credit Management, Inc.",2106SC001083EF,Small Claims,Disposed (Statistical Purposes),20210823,20210920
8,80521938,"Midland Credit Management, Inc.",2006SC001087EF,Small Claims,Disposed (Statistical Purposes),20201215,20220207
9,80522275,"Midland Credit Management, Inc.",2114SC000063,Small Claims,Open,20210127,20210127
10,80524519,"Midland Credit Management, Inc.",2106SC000186EF,Small Claims,Disposed (Statistical Purposes),20210217,20211101
11,80524926,"Midland Credit Management, Inc.",2114SC000062,Small Claims,Open,20210127,20210127
12,80525213,"Midland Credit Management, Inc.",2106SC000185EF,Small Claims,Disposed (Statistical Purposes),20210217,20210831
13,80526250,"Midland Credit Management, Inc.",2134SC000204,Small Claims,Open,20210330,20210330
14,80526905,"Midland Credit Management, Inc.",2114SC001005,Small Claims,Open,20210830,20210830
15,80529453,"Midland Credit Management, Inc.",2134SC001226,Small Claims,Open,20211020,20211020
16,80530184,"Midland Credit Management, Inc.",2134SC001227,Small Claims,Open,20211020,20211020
17,80531414,"Midland Credit Management, Inc.",2047SC000256,Small Claims,Covid 19 XXX Notice Issued,20200918,20210217
18,80531709,"Midland Credit Management, Inc.",2134SC000203,Small Claims,Open,20210330,20210330
19,80531944,"Midland Credit Management, Inc.",2006SC000893EF,Small Claims,Disposed (Statistical Purposes),20201005,20210802
20,80532379,"Midland Credit Management, Inc.",2134SC001225,Small Claims,Open,20211020,20211020
21,80532795,"Midland Credit Management, Inc.",2134SC000205,Small Claims,Open,20210331,20210331
22,80532799,"Midland Credit Management, Inc.",2114SC000516,Small Claims,Open,20210514,20210514
23,80533607,"Midland Credit Management, Inc.",2048SC000471,Small Claims,Disposed (Statistical Purposes),20201124,20210415
24,80534080,"Midland Credit Management, Inc.",2134SC001224,Small Claims,Disposed (Statistical Purposes),20211020,20220124
25,80534988,"Midland Credit Management, Inc.",2120SC000109,Small Claims,Open,20210211,20210211
26,80535744,"Midland Credit Management, Inc.",2002SC000051,Small Claims,Disposed (Statistical Purposes),20200124,20210409
27,80536503,"Midland Credit Management, Inc.",2120SC000098,Small Claims,Open,20210210,20210210
28,80536531,"Midland Credit Management, Inc.",2254CV000041,Civil,Open,20220124,20220124
29,80536731,"Midland Credit Management, Inc.",2068SC000294,Small Claims,Open,20201029,20201029
30,80537792,"Midland Credit Management, Inc.",2120SC000110,Small Claims,Open,20210211,20210211
31,80538249,"Midland Credit Management, Inc.",2114SC001006,Small Claims,Open,20210830,20210830
32,80539668,"Midland Credit Management, Inc.",2114SC001004,Small Claims,Open,20210830,20210830
33,80539786,"Midland Credit Management, Inc.",2120SC000101,Small Claims,Open,20210210,20210210
34,80540048,"Midland Credit Management, Inc.",2152SC000323,Small Claims,Covid 19 XXX Notice Issued,20210511,20220113
35,80542003,"Midland Credit Management, Inc.",2120SC000097,Small Claims,Open,20210210,20210210
36,80542871,"Midland Credit Management, Inc.",2120SC000108,Small Claims,Open,20210211,20210211
37,80542906,"Midland Credit Management, Inc.",2114CV000024,Civil,Open,20210129,20210129
38,80542995,"Midland Credit Management, Inc.",2134SC001221,Small Claims,Open,20211019,20211019
39,80545728,"Midland Credit Management, Inc.",2120SC000103,Small Claims,Open,20210211,20210211
40,80546895,"Midland Credit Management, Inc.",2120SC000100,Small Claims,Open,20210210,20210210
41,80547923,"Midland Credit Management, Inc.",2148SC000088,Small Claims,Disposed (Statistical Purposes),20210222,20210805
42,80548645,"Midland Credit Management, Inc.",2120SC000105,Small Claims,Open,20210211,20210211
43,80549914,"Midland Credit Management, Inc.",2152SC000328,Small Claims,Disposed (Statistical Purposes),20210514,20211224
44,80550043,"Midland Credit Management, Inc.",2120SC000107,Small Claims,Open,20210211,20210211
45,80551582,"Midland Credit Management, Inc.",2152SC000327,Small Claims,Covid 19 XXX Notice Issued,20210514,20220114
46,80551740,"Midland Credit Management, Inc.",2120SC000099,Small Claims,Open,20210210,20210210
47,80552127,"Midland Credit Management, Inc.",2152SC000329,Small Claims,Covid 19 XXX Notice Issued,20210514,20220114
48,80552948,"Midland Credit Management, Inc.",2120SC000102,Small Claims,Open,20210211,20210211
49,80553193,"Midland Credit Management, Inc.",2120SC000111,Small Claims,Open,20210211,20210211
0,80553417,"Midland Credit Management, Inc.",2120SC000106,Small Claims,Open,20210211,20210211
1,80553842,"Midland Credit Management, Inc.",2120SC000104,Small Claims,Open,20210211,20210211
2,80554513,"Midland Credit Management, Inc.",2225SC000083,Small Claims,Open,20220202,20220202
3,80557090,"Midland Credit Management, Inc.",2120SC000851,Small Claims,Open,20210927,20210927
4,80557719,"Midland Credit Management, Inc.",2114SC000315,Small Claims,Open,20210322,20210322
5,80558158,"Midland Credit Management, Inc.",2125SC001423,Small Claims,Open,20211214,20211214
6,80558901,"Midland Credit Management, Inc.",2148SC000516,Small Claims,Open,20210906,20210906
7,80560240,"Midland Credit Management, Inc.",2107SC001783EF,Small Claims,Open,20211004,20211004
8,80561357,"Midland Credit Management, Inc.",2068SC000338EF,Small Claims,Disposed (Statistical Purposes),20201216,20210712
9,80561693,"Midland Credit Management, Inc.",2120SC000119,Small Claims,Open,20210218,20210218
10,80561882,"Midland Credit Management, Inc.",2120SC000118,Small Claims,Open,20210218,20210218
11,80563227,"Midland Credit Management, Inc.",2120SC000120,Small Claims,Disposed (Statistical Purposes),20210218,20211209
12,80563316,"Midland Credit Management, Inc.",2025SC000644,Small Claims,Disposed (Statistical Purposes),20200915,20210511
13,80563354,"Midland Credit Management, Inc.",2068SC000230,Small Claims,Disposed (Statistical Purposes),20200820,20210222
14,80563431,"Midland Credit Management, Inc.",2120SC000122,Small Claims,Open,20210218,20210218
15,80564061,"Midland Credit Management, Inc.",2068SC000232,Small Claims,Disposed (Statistical Purposes),20200820,20210301
16,80564311,"Midland Credit Management, Inc.",2068SC000233,Small Claims,Disposed (Statistical Purposes),20200820,20210301
17,80564627,"Midland Credit Management, Inc.",2068SC000231,Small Claims,Open,20200820,20200820
18,80564658,"Midland Credit Management, Inc.",1915SC003727,Small Claims,Suspended Covid 19 extended,20191231,20200702
19,80565677,"Midland Credit Management, Inc.",2120SC000121,Small Claims,Open,20210218,20210218
20,80566052,"Midland Credit Management, Inc.",2106SC001124EF,Small Claims,Open,20210903,20210903
21,80566358,"Midland Credit Management, Inc.",2254SC000057,Small Claims,Open,20220127,20220127
22,80567204,"Midland Credit Management, Inc.",2148SC000110,Small Claims,Open,20210224,20210224
23,80567497,"Midland Credit Management, Inc.",2206SC000063EF,Small Claims,Open,20220124,20220124
24,80568566,"Midland Credit Management, Inc.",2114SC000333,Small Claims,Open,20210324,20210324
25,80568790,"Midland Credit Management, Inc.",2134SC000206,Small Claims,Disposed (Statistical Purposes),20210401,20210525
26,80569061,"Midland Credit Management, Inc.",2120SC000817,Small Claims,Open,20210929,20210929
27,80570711,"Midland Credit Management, Inc.",2134SC000207,Small Claims,Open,20210401,20210401
28,80571208,"Midland Credit Management, Inc.",2002SC000059,Small Claims,Disposed (Statistical Purposes),20200203,20210310
29,80571669,"Midland Credit Management, Inc.",2120SC000814,Small Claims,Open,20210929,20210929
30,80573710,"Midland Credit Management, Inc.",2002SC000064,Small Claims,Disposed (Statistical Purposes),20200203,20210310
31,80573860,"Midland Credit Management, Inc.",2114SC000125,Small Claims,Open,20210217,20210217
32,80574113,"Midland Credit Management, Inc.",2068SC000305,Small Claims,Disposed (Statistical Purposes),20201104,20210910
33,80574435,"Midland Credit Management, Inc.",2120SC000015,Small Claims,Open,20210104,20210104
34,80575288,"Midland Credit Management, Inc.",2068SC000302,Small Claims,Disposed (Statistical Purposes),20201104,20210208
35,80575320,"Midland Credit Management, Inc.",2048SC000376,Small Claims,Disposed (Statistical Purposes),20201015,20210322
36,80575877,"Midland Credit Management, Inc.",2068SC000306,Small Claims,Disposed (Statistical Purposes),20201104,20210301
37,80576494,"Midland Credit Management, Inc.",2068SC000301,Small Claims,Disposed (Statistical Purposes),20201104,20210208
38,80576686,"Midland Credit Management, Inc.",2114SC001028,Small Claims,Open,20210907,20210907
39,80576765,"Midland Credit Management, Inc.",2068SC000297,Small Claims,Disposed (Statistical Purposes),20201104,20210208
40,80576767,"Midland Credit Management, Inc.",2120SC000074,Small Claims,Open,20210215,20210215
41,80577266,"Midland Credit Management, Inc.",2048SC000378,Small Claims,Disposed (Statistical Purposes),20201016,20211118
42,80577774,"Midland Credit Management, Inc.",2106SC000048,Small Claims,Covid 19 XXX Notice Issued,20201228,20210607
43,80577843,"Midland Credit Management, Inc.",2015SC000297,Small Claims,Suspended Covid 19 extended,20200122,20200521
44,80577915,"Midland Credit Management, Inc.",2006SC001109EF,Small Claims,Disposed (Statistical Purposes),20201229,20210408
45,80578294,"Midland Credit Management, Inc.",2068SC000298,Small Claims,Disposed (Statistical Purposes),20201104,20210208
46,80578872,"Midland Credit Management, Inc.",2006SC001108EF,Small Claims,Suspended Covid 19 extended,20201229,20210609
47,80578917,"Midland Credit Management, Inc.",2148SC000041,Small Claims,Disposed (Statistical Purposes),20210129,20220113
48,80578985,"Midland Credit Management, Inc.",2068SC000299,Small Claims,Disposed (Statistical Purposes),20201104,20210208
49,80579055,"Midland Credit Management, Inc.",2114SC000124,Small Claims,Open,20210217,20210217
0,80579646,"Midland Credit Management, Inc.",2068SC000304,Small Claims,Disposed (Statistical Purposes),20201104,20210301
1,80580619,"Midland Credit Management, Inc.",2148SC000043,Small Claims,Disposed (Statistical Purposes),20210129,20210716
2,80580696,"Midland Credit Management, Inc.",2120SC000822,Small Claims,Open,20211001,20211001
3,80580795,"Midland Credit Management, Inc.",2106SC000049,Small Claims,Covid 19 XXX Notice Issued,20201228,20210607
4,80581089,"Midland Credit Management, Inc.",2047SC000283,Small Claims,Disposed (Statistical Purposes),20201023,20210914
5,80581838,"Midland Credit Management, Inc.",1915SC003725,Small Claims,Suspended-Notices sent Covid-19,20191231,20200327
6,80582520,"Midland Credit Management, Inc.",2106SC000038,Small Claims,Covid 19 XXX Notice Issued,20201228,20210607
7,80583956,"Midland Credit Management, Inc.",2114SC001205,Small Claims,Open,20211025,20211025
8,80584480,"Midland Credit Management, Inc.",2114SC001202,Small Claims,Open,20211025,20211025
9,80584894,"Midland Credit Management, Inc.",2114SC000090,Small Claims,Open,20210204,20210204
10,80584937,"Midland Credit Management, Inc.",2254SC000064,Small Claims,Open,20220131,20220131
11,80585052,"Midland Credit Management, Inc.",2106SC000039,Small Claims,Covid 19 XXX Notice Issued,20201228,20210607
12,80585681,"Midland Credit Management, Inc.",2254SC000062,Small Claims,Open,20220131,20220131
13,80586485,"Midland Credit Management, Inc.",2106SC000047,Small Claims,Disposed (Statistical Purposes),20201228,20210628
14,80588642,"Midland Credit Management, Inc.",2148SC000119,Small Claims,Disposed (Statistical Purposes),20210226,20210812
15,80588972,"Midland Credit Management, Inc.",2114SC000127,Small Claims,Open,20210218,20210218
16,80589519,"Midland Credit Management, Inc.",2068SC000117,Small Claims,Suspended-Notices sent Covid-19,20200309,20200430
17,80589749,"Midland Credit Management, Inc.",2206SC000070EF,Small Claims,Open,20220127,20220127
18,80590058,"Midland Credit Management, Inc.",2068SC000343,Small Claims,Disposed (Statistical Purposes),20201223,20210127
19,80590330,"Midland Credit Management, Inc.",2068SC000308EF,Small Claims,Open,20201109,20201109
20,80590645,"Midland Credit Management, Inc.",2002SC000089,Small Claims,Disposed (Statistical Purposes),20200205,20210310
21,80590696,"Midland Credit Management, Inc.",2068SC000344,Small Claims,Disposed (Statistical Purposes),20201223,20210823
22,80591166,"Midland Credit Management, Inc.",2225SC000087,Small Claims,Open,20220207,20220207
23,80591309,"Midland Credit Management, Inc.",2068SC000121,Small Claims,Disposed (Statistical Purposes),20200310,20200928
24,80591568,"Midland Credit Management, Inc.",2114SC001206,Small Claims,Open,20211026,20211026
25,80591819,"Midland Credit Management, Inc.",2206CV000035,Civil,Open,20220127,20220127
26,80591842,"Midland Credit Management, Inc.",2106SC000037,Small Claims,Covid 19 XXX Notice Issued,20201228,20210607
27,80591935,"Midland Credit Management, Inc.",2148SC000052,Small Claims,Open,20210201,20210201
28,80592057,"Midland Credit Management, Inc.",2068SC000119,Small Claims,Disposed (Statistical Purposes),20200310,20200504
29,80592156,"Midland Credit Management, Inc.",2025SC000653,Small Claims,Disposed (Statistical Purposes),20200917,20210511
30,80592583,"Midland Credit Management, Inc.",2068SC000345,Small Claims,Disposed (Statistical Purposes),20201223,20210625
31,80593618,"Midland Credit Management, Inc.",2002SC000082,Small Claims,Disposed (Statistical Purposes),20200204,20201123
32,80594272,"Midland Credit Management, Inc.",2106SC000046,Small Claims,Covid 19 XXX Notice Issued,20201228,20210607
33,80594352,"Midland Credit Management, Inc.",2114SC000353,Small Claims,Open,20210329,20210329
34,80595057,"Midland Credit Management, Inc.",2068SC000118,Small Claims,Disposed (Statistical Purposes),20200309,20201019
35,80595157,"Midland Credit Management, Inc.",2048SC000481,Small Claims,Disposed (Statistical Purposes),20201130,20210415
36,80595632,"Midland Credit Management, Inc.",2114SC000352,Small Claims,Disposed (Statistical Purposes),20210329,20220127
37,80596589,"Midland Credit Management, Inc.",2025SC000670,Small Claims,Disposed (Statistical Purposes),20200918,20210525
38,80596907,"Midland Credit Management, Inc.",2068SC000120,Small Claims,Disposed (Statistical Purposes),20200310,20200928
39,80597760,"Midland Credit Management, Inc.",2002SC000069,Small Claims,Disposed (Statistical Purposes),20200204,20210406
40,80598251,"Midland Credit Management, Inc.",2047SC000260,Small Claims,Covid 19 XXX Notice Issued,20200925,20210217
41,80601326,"Midland Credit Management, Inc.",2206SC000069EF,Small Claims,Open,20220127,20220127
42,80601332,"Midland Credit Management, Inc.",2068SC000311EF,Small Claims,Disposed (Statistical Purposes),20201111,20210427
43,80602451,"Midland Credit Management, Inc.",2068SC000241,Small Claims,Disposed (Statistical Purposes),20200901,20210308
44,80608098,"Midland Credit Management, Inc.",2114SC001236,Small Claims,Open,20211027,20211027
45,80608318,"Midland Credit Management, Inc.",2254SC000083,Small Claims,Open,20220202,20220202
46,80608487,"Midland Credit Management, Inc.",2148SC000048,Small Claims,Disposed (Statistical Purposes),20210202,20210422
47,80609082,"Midland Credit Management, Inc.",2120CV000244,Civil,Open,20211006,20211006
48,80610237,"Midland Credit Management, Inc.",2001SC000975EF,Small Claims,Disposed (Statistical Purposes),20201123,20210520
49,80611248,"Midland Credit Management, Inc.",2001SC000973EF,Small Claims,Closed,20201123,20210603
0,80612103,"Midland Credit Management, Inc.",2120CV000245,Civil,Open,20211006,20211006
1,80613444,"Midland Credit Management, Inc.",2148SC000114,Small Claims,Disposed (Statistical Purposes),20210302,20211028
2,80613687,"Midland Credit Management, Inc.",2001SC000972EF,Small Claims,Disposed (Statistical Purposes),20201123,20210608
3,80613872,"Midland Credit Management, Inc.",2148SC000129,Small Claims,Disposed (Statistical Purposes),20210303,20210819
4,80614183,"Midland Credit Management, Inc.",2068SC000349EF,Small Claims,Disposed (Statistical Purposes),20201229,20210517
5,80614338,"Midland Credit Management, Inc.",2047CV000160,Civil,Disposed (Statistical Purposes),20200928,20220111
6,80614377,"Midland Credit Management, Inc.",2154SC000920,Small Claims,Open,20211206,20211206
7,80614379,"Midland Credit Management, Inc.",2068SC000348,Small Claims,Disposed (Statistical Purposes),20201229,20210517
8,80614639,"Midland Credit Management, Inc.",2015SC000318,Small Claims,Suspended Covid 19 extended,20200124,20200702
9,80614917,"Midland Credit Management, Inc.",2047SC000265,Small Claims,Disposed (Statistical Purposes),20200928,20210309
10,80615241,"Midland Credit Management, Inc.",2115SC002909,Small Claims,Open,20211117,20211117
11,80616249,"Midland Credit Management, Inc.",2148SC000115,Small Claims,Disposed (Statistical Purposes),20210302,20210812
12,80617215,"Midland Credit Management, Inc.",2106SC001462EF,Small Claims,Open,20211103,20211103
13,80617719,"Midland Credit Management, Inc.",2148SC000118,Small Claims,Disposed (Statistical Purposes),20210302,20210812
14,80618348,"Midland Credit Management, Inc.",2047SC000286,Small Claims,Disposed (Statistical Purposes),20201103,20210921
15,80618665,"Midland Credit Management, Inc.",2115SC002908,Small Claims,Open,20211117,20211117
16,80618671,"Midland Credit Management, Inc.",2120SC000161,Small Claims,Open,20210301,20210301
17,80618848,"Midland Credit Management, Inc.",2120SC000797,Small Claims,Open,20210902,20210902
18,80619151,"Midland Credit Management, Inc.",2148SC000127,Small Claims,Disposed (Statistical Purposes),20210303,20210819
19,80619552,"Midland Credit Management, Inc.",2148SC000130,Small Claims,Disposed (Statistical Purposes),20210303,20210819
20,80620251,"Midland Credit Management, Inc.",2120SC000154,Small Claims,Open,20210301,20210301
21,80620642,"Midland Credit Management, Inc.",2148SC000116,Small Claims,Open,20210302,20210302
22,80622476,"Midland Credit Management, Inc.",2148SC000061,Small Claims,Disposed (Statistical Purposes),20210205,20210719
23,80623185,"Midland Credit Management, Inc.",2148SC000062,Small Claims,Disposed (Statistical Purposes),20210205,20210719
24,80623651,"Midland Credit Management, Inc.",2015SC000314,Small Claims,Suspended Covid 19 extended,20200124,20200702
25,80623995,"Midland Credit Management, Inc.",2120SC000164,Small Claims,Open,20210301,20210301
26,80624666,"Midland Credit Management, Inc.",2148SC000058,Small Claims,Disposed (Statistical Purposes),20210205,20210719
27,80625901,"Midland Credit Management, Inc.",2120SC000160,Small Claims,Open,20210301,20210301
28,80625949,"Midland Credit Management, Inc.",2015SC000006,Small Claims,Disposed (Statistical Purposes),20200102,20210504
29,80626561,"Midland Credit Management, Inc.",2148SC000063,Small Claims,Disposed (Statistical Purposes),20210205,20210719
30,80626731,"Midland Credit Management, Inc.",2048SC000477,Small Claims,Disposed (Statistical Purposes),20201202,20210625
31,80627796,"Midland Credit Management, Inc.",2148SC000059,Small Claims,Disposed (Statistical Purposes),20210205,20210719
32,80627789,"Midland Credit Management, Inc.",2015SC000317,Small Claims,Suspended Covid 19 extended,20200124,20200702
33,80627882,"Midland Credit Management, Inc.",2120SC000796,Small Claims,Open,20210902,20210902
34,80628183,"Midland Credit Management, Inc.",2048SC000383,Small Claims,Disposed (Statistical Purposes),20201019,20210524
35,80629203,"Midland Credit Management, Inc.",2025SC000673,Small Claims,Disposed (Statistical Purposes),20200922,20210518
36,80629511,"Midland Credit Management, Inc.",2147SC000488,Small Claims,Open,20211227,20211227
37,80629925,"Midland Credit Management, Inc.",2068SC000350,Small Claims,Disposed (Statistical Purposes),20201230,20210524
38,80630085,"Midland Credit Management, Inc.",2120SC000163,Small Claims,Open,20210301,20210301
39,80631553,"Midland Credit Management, Inc.",2015SC000319,Small Claims,Suspended Covid 19 extended,20200124,20200702
40,80633675,"Midland Credit Management, Inc.",2048SC000382,Small Claims,Disposed (Statistical Purposes),20201019,20210409
41,80636013,"Midland Credit Management, Inc.",2064SC000429,Small Claims,Covid 19 XXX Notice Issued,20200615,20210728
42,80637441,"Midland Credit Management, Inc.",2064SC000428,Small Claims,Covid 19 XXX Notice Issued,20200615,20210728
43,80638151,"Midland Credit Management, Inc.",2064SC000427,Small Claims,Covid 19 XXX Notice Issued,20200615,20210720
44,80639536,"Midland Credit Management, Inc.",2001SC000995EF,Small Claims,Closed,20201125,20210928
45,80641048,"Midland Credit Management, Inc.",2001SC000979EF,Small Claims,Disposed (Statistical Purposes),20201124,20210520
46,80642004,"Midland Credit Management, Inc.",2003SC000023,Small Claims,Disposed (Statistical Purposes),20200131,20201014
47,80643371,"Midland Credit Management, Inc.",2147SC000489,Small Claims,Open,20211230,20211230
48,80643583,"Midland Credit Management, Inc.",2015SC000316,Small Claims,Suspended-Notices sent Covid-19,20200124,20200331
49,80647988,"Midland Credit Management, Inc.",2106SC001470EF,Small Claims,Open,20211105,20211105
0,80649334,"Midland Credit Management, Inc.",2106SC001469EF,Small Claims,Open,20211105,20211105
1,80651301,"Midland Credit Management, Inc.",2114SC000115,Small Claims,Disposed (Statistical Purposes),20210215,20210707
2,80652140,"Midland Credit Management, Inc.",2125SC001438,Small Claims,Open,20211221,20211221
3,80654741,"Midland Credit Management, Inc.",2068SC000145,Small Claims,Disposed (Statistical Purposes),20200320,20201207
4,80656692,"Midland Credit Management, Inc.",2134CV000172,Civil,Open,20210408,20210408
5,80656854,"Midland Credit Management, Inc.",2001SC000758EF,Small Claims,Disposed (Statistical Purposes),20200915,20210405
6,80657615,"Midland Credit Management, Inc.",2120SC000029,Small Claims,Open,20210120,20210120
7,80658757,"Midland Credit Management, Inc.",2148SC000066,Small Claims,Disposed (Statistical Purposes),20210208,20210716
8,80658815,"Midland Credit Management, Inc.",2001SC000766EF,Small Claims,Closed,20200915,20210204
9,80659719,"Midland Credit Management, Inc.",2148SC000067,Small Claims,Disposed (Statistical Purposes),20210208,20211208
10,80660537,"Midland Credit Management, Inc.",2001SC000768EF,Small Claims,Disposed (Statistical Purposes),20200915,20210405
11,80661161,"Midland Credit Management, Inc.",2120SC000168,Small Claims,Open,20210303,20210303
12,80661452,"Midland Credit Management, Inc.",2120SC000170,Small Claims,Open,20210303,20210303
13,80661636,"Midland Credit Management, Inc.",2120SC000169,Small Claims,Open,20210303,20210303
14,80663625,"Midland Credit Management, Inc.",2148CV000045,Civil,Open,20210209,20210209
15,80663662,"Midland Credit Management, Inc.",2120SC000801,Small Claims,Open,20210907,20210907
16,80664215,"Midland Credit Management, Inc.",2120SC000799,Small Claims,Open,20210907,20210907
17,80664568,"Midland Credit Management, Inc.",2148SC000065,Small Claims,Disposed (Statistical Purposes),20210208,20210723
18,80664706,"Midland Credit Management, Inc.",2148SC000068,Small Claims,Disposed (Statistical Purposes),20210208,20210804
19,80666473,"Midland Credit Management, Inc.",2120SC000028,Small Claims,Open,20210119,20210119
20,80668599,"Midland Credit Management, Inc.",2003SC000040,Small Claims,Suspended- COVID 19-Extend-Notices sent,20200211,20200521
21,80669224,"Midland Credit Management, Inc.",2120SC000800,Small Claims,Open,20210907,20210907
22,80669450,"Midland Credit Management, Inc.",2003SC000028,Small Claims,Covid 19 XXX Notice Issued,20200205,20200921
23,80670576,"Midland Credit Management, Inc.",2120SC000798,Small Claims,Open,20210907,20210907
24,80671331,"Midland Credit Management, Inc.",2003SC000029,Small Claims,Covid 19 XXX Notice Issued,20200205,20201020
25,80671685,"Midland Credit Management, Inc.",2114SC001257,Small Claims,Open,20211105,20211105
26,80672075,"Midland Credit Management, Inc.",2048SC000394,Small Claims,Disposed (Statistical Purposes),20201023,20211118
27,80672381,"Midland Credit Management, Inc.",2068SC000249,Small Claims,Disposed (Statistical Purposes),20200915,20210315
28,80673140,"Midland Credit Management, Inc.",2068SC000251,Small Claims,Open,20200915,20200915
29,80673581,"Midland Credit Management, Inc.",2003SC000044,Small Claims,Covid 19 XXX Notice Issued,20200211,20200916
30,80673676,"Midland Credit Management, Inc.",2120SC000175,Small Claims,Open,20210304,20210304
31,80677923,"Midland Credit Management, Inc.",2068SC000326,Small Claims,Disposed (Statistical Purposes),20201124,20210208
32,80679094,"Midland Credit Management, Inc.",2068SC000328,Small Claims,Disposed (Statistical Purposes),20201125,20210308
33,80679188,"Midland Credit Management, Inc.",2154CV000626,Civil,Open,20211213,20211213
34,80679775,"Midland Credit Management, Inc.",2068SC000327,Small Claims,Open,20201124,20201124
35,80682336,"Midland Credit Management, Inc.",2068SC000252,Small Claims,Open,20200915,20200915
36,80683675,"Midland Credit Management, Inc.",2120SC000046,Small Claims,Open,20210122,20210122
37,80684009,"Midland Credit Management, Inc.",2148CV000218,Civil,Disposed (Statistical Purposes),20210921,20211117
38,80684256,"Midland Credit Management, Inc.",2120SC000031,Small Claims,Open,20210121,20210121
39,80685057,"Midland Credit Management, Inc.",2068SC000250,Small Claims,Disposed (Statistical Purposes),20200915,20210316
40,80685391,"Midland Credit Management, Inc.",2106SC000496EF,Small Claims,Disposed (Statistical Purposes),20210503,20220105
41,80687877,"Midland Credit Management, Inc.",2114SC000383,Small Claims,Open,20210409,20210409
42,80687891,"Midland Credit Management, Inc.",2047SC000119,Small Claims,Disposed (Statistical Purposes),20200309,20210805
43,80687907,"Midland Credit Management, Inc.",2148SC000080,Small Claims,Disposed (Statistical Purposes),20210210,20210506
44,80688059,"Midland Credit Management, Inc.",2048SC000490,Small Claims,Disposed (Statistical Purposes),20201209,20210408
45,80688869,"Midland Credit Management, Inc.",2048SC000399,Small Claims,Disposed (Statistical Purposes),20201026,20210401
46,80689206,"Midland Credit Management, Inc.",2148SC000082,Small Claims,Disposed (Statistical Purposes),20210210,20210805
47,80690349,"Midland Credit Management, Inc.",2148SC000079,Small Claims,Open,20210210,20210210
48,80690667,"Midland Credit Management, Inc.",2114SC001086,Small Claims,Open,20210921,20210921
49,80690903,"Midland Credit Management, Inc.",2003SC000032,Small Claims,Disposed (Statistical Purposes),20200206,20210309
0,80691643,"Midland Credit Management, Inc.",2148SC000081,Small Claims,Disposed (Statistical Purposes),20210210,20210805
1,80691804,"Midland Credit Management, Inc.",2003SC000033,Small Claims,Suspended- COVID 19-Extend-Notices sent,20200206,20200521
2,80692405,"Midland Credit Management, Inc.",2048SC000400,Small Claims,Disposed (Statistical Purposes),20201026,20211004
3,80693090,"Midland Credit Management, Inc.",2247CV000002,Civil,Open,20220106,20220106
4,80693853,"Midland Credit Management, Inc.",2001SC001015EF,Small Claims,Closed,20201203,20210713
5,80697621,"Midland Credit Management, Inc.",2068SC000330,Small Claims,Disposed (Statistical Purposes),20201130,20210310
6,80698327,"Midland Credit Management, Inc.",2068SC000331,Small Claims,Disposed (Statistical Purposes),20201201,20210412
7,80700488,"Midland Credit Management, Inc.",2047SC000116,Small Claims,Disposed (Statistical Purposes),20200309,20211214
8,80702640,"Midland Credit Management, Inc.",2068SC000256,Small Claims,Disposed (Statistical Purposes),20200917,20210325
9,80703324,"Midland Credit Management, Inc.",2164SC001254EF,Small Claims,Open,20211122,20211122
10,80703435,"Midland Credit Management, Inc.",2001SC001048EF,Small Claims,Disposed (Statistical Purposes),20201209,20220125
11,80704204,"Midland Credit Management, Inc.",2068SC000255,Small Claims,Disposed (Statistical Purposes),20200917,20210405
12,80706017,"Midland Credit Management, Inc.",1901SC001824,Small Claims,Disposed (Statistical Purposes),20191216,20200813
13,80706026,"Midland Credit Management, Inc.",1901SC001824,Small Claims,Disposed (Statistical Purposes),20191216,20200813
14,80706735,"Midland Credit Management, Inc.",2168SC000023,Small Claims,Disposed (Statistical Purposes),20210114,20210607
15,80709368,"Midland Credit Management, Inc.",2168SC000021,Small Claims,Disposed (Statistical Purposes),20210114,20210607
16,80709848,"Midland Credit Management, Inc.",2164SC001253EF,Small Claims,Open,20211122,20211122
17,80710019,"Midland Credit Management, Inc.",2120SC000911,Small Claims,Open,20211019,20211019
18,80711280,"Midland Credit Management, Inc.",2001SC001026EF,Small Claims,Closed,20201208,20210701
19,80712315,"Midland Credit Management, Inc.",2020SC000624,Small Claims,Open,20201123,20201123
20,80712682,"Midland Credit Management, Inc.",2020SC000625,Small Claims,Open,20201123,20201123
21,80713348,"Midland Credit Management, Inc.",2048SC000491,Small Claims,Disposed (Statistical Purposes),20201211,20210408
22,80713447,"Midland Credit Management, Inc.",2020SC000606,Small Claims,Open,20201123,20201123
23,80714466,"Midland Credit Management, Inc.",2001SC000053,Small Claims,Closed,20200115,20200306
24,80716302,"Midland Credit Management, Inc.",2015SC000086,Small Claims,Disposed (Statistical Purposes),20200106,20210415
25,80716536,"Midland Credit Management, Inc.",2068SC000259,Small Claims,Open,20200922,20200922
26,80716598,"Midland Credit Management, Inc.",2001SC001025EF,Small Claims,Disposed (Statistical Purposes),20201208,20210603
27,80718529,"Midland Credit Management, Inc.",2001SC001038EF,Small Claims,Closed,20201208,20210701
28,80719086,"Midland Credit Management, Inc.",2001SC000800,Small Claims,Open,20200925,20200925
29,80721328,"Midland Credit Management, Inc.",2148SC000552,Small Claims,Open,20210927,20210927
30,80722171,"Midland Credit Management, Inc.",2020SC000629,Small Claims,Open,20201125,20201125
31,80723220,"Midland Credit Management, Inc.",2025SC000692,Small Claims,Disposed (Statistical Purposes),20200929,20210518
32,80723767,"Midland Credit Management, Inc.",2001SC001049EF,Small Claims,Closed,20201209,20210422
33,80724458,"Midland Credit Management, Inc.",2148SC000550,Small Claims,Open,20210927,20210927
34,80724775,"Midland Credit Management, Inc.",2001SC001027EF,Small Claims,Closed,20201208,20210701
35,80727423,"Midland Credit Management, Inc.",2015SC000084,Small Claims,Disposed (Statistical Purposes),20200106,20210506
36,80728400,"Midland Credit Management, Inc.",2015SC000083,Small Claims,Disposed (Statistical Purposes),20200106,20211105
37,80728644,"Midland Credit Management, Inc.",2148SC000147,Small Claims,Open,20210315,20210315
38,80729239,"Midland Credit Management, Inc.",2048SC000408,Small Claims,Disposed (Statistical Purposes),20201030,20210412
39,80731010,"Midland Credit Management, Inc.",2047SC000236,Small Claims,Disposed (Statistical Purposes),20200904,20220208
40,80732078,"Midland Credit Management, Inc.",2025SC000694,Small Claims,Disposed (Statistical Purposes),20200930,20210518
41,80732329,"Midland Credit Management, Inc.",2148SC000076,Small Claims,Open,20210215,20210215
42,80735350,"Midland Credit Management, Inc.",2164SC001271EF,Small Claims,Open,20211126,20211126
43,80735423,"Midland Credit Management, Inc.",2015SC000087,Small Claims,Open,20200106,20200106
44,80736122,"Midland Credit Management, Inc.",2125CV000566,Civil,Open,20211227,20211227
45,80736235,"Midland Credit Management, Inc.",2164SC001273EF,Small Claims,Open,20211126,20211126
46,80736443,"Midland Credit Management, Inc.",2048SC000493,Small Claims,Disposed (Statistical Purposes),20201215,20211021
47,80736599,"Midland Credit Management, Inc.",2164SC001272EF,Small Claims,Open,20211126,20211126
48,80738195,"Midland Credit Management, Inc.",2154SC000988,Small Claims,Open,20211220,20211220
49,80738342,"Midland Credit Management, Inc.",2154SC000962,Small Claims,Open,20211221,20211221
0,80740598,"Midland Credit Management, Inc.",2125SC001469,Small Claims,Open,20211227,20211227
1,80740640,"Midland Credit Management, Inc.",2120SC000056,Small Claims,Open,20210202,20210202
2,80740779,"Midland Credit Management, Inc.",2001SC001051EF,Small Claims,Closed,20201210,20201210
3,80741629,"Midland Credit Management, Inc.",2120SC000053,Small Claims,Disposed (Statistical Purposes),20210202,20210406
4,80742049,"Midland Credit Management, Inc.",2148SC000560,Small Claims,Open,20210930,20210930
5,80742898,"Midland Credit Management, Inc.",2148SC000149,Small Claims,Open,20210316,20210316
6,80743261,"Midland Credit Management, Inc.",2120SC000054,Small Claims,Open,20210202,20210202
7,80744540,"Midland Credit Management, Inc.",2134SC000236,Small Claims,Open,20210416,20210416
8,80745361,"Midland Credit Management, Inc.",2120SC000055,Small Claims,Open,20210202,20210202
9,80746428,"Midland Credit Management, Inc.",2001SC001054EF,Small Claims,Closed,20201211,20220201
10,80747862,"Midland Credit Management, Inc.",2115SC002944,Small Claims,Open,20211122,20211122
11,80749308,"Midland Credit Management, Inc.",2168SC000026EF,Small Claims,Disposed (Statistical Purposes),20210120,20210922
12,80750130,"Midland Credit Management, Inc.",2148SC000566,Small Claims,Open,20210930,20210930
13,80750823,"Midland Credit Management, Inc.",2164SC001281EF,Small Claims,Open,20211129,20211129
14,80751100,"Midland Credit Management, Inc.",2164SC001282,Small Claims,Open,20211129,20211129
15,80751175,"Midland Credit Management, Inc.",2120SC000180,Small Claims,Open,20210316,20210316
16,80753808,"Midland Credit Management, Inc.",2148SC000559,Small Claims,Closed (Transferred),20210930,20211014
17,80754780,"Midland Credit Management, Inc.",2047SC000249,Small Claims,Covid 19 XXX Notice Issued,20200910,20210217
18,80755255,"Midland Credit Management, Inc.",2047SC000248,Small Claims,Disposed (Statistical Purposes),20200910,20210914
19,80755839,"Midland Credit Management, Inc.",2201SC000066EF,Small Claims,Open,20220121,20220121
20,80755843,"Midland Credit Management, Inc.",2001SC000802,Small Claims,Open,20200928,20210401
21,80755885,"Midland Credit Management, Inc.",2001SC001055EF,Small Claims,Closed,20201211,20211118
22,80757296,"Midland Credit Management, Inc.",2115SC002945,Small Claims,Open,20211122,20211122
23,80758101,"Midland Credit Management, Inc.",2120SC000061,Small Claims,Open,20210205,20210205
24,80758226,"Midland Credit Management, Inc.",2134SC001324,Small Claims,Open,20211103,20211103
25,80758415,"Midland Credit Management, Inc.",2120SC000062,Small Claims,Open,20210205,20210205
26,80758907,"Midland Credit Management, Inc.",2134SC001323,Small Claims,Open,20211103,20211103
27,80759853,"Midland Credit Management, Inc.",2164SC001385EF,Small Claims,Open,20211221,20211221
28,80760928,"Midland Credit Management, Inc.",2120SC000729,Small Claims,Open,20210816,20210816
29,80761072,"Midland Credit Management, Inc.",2120SC000278,Small Claims,Open,20210406,20210406
30,80761221,"Midland Credit Management, Inc.",2001CV001045,Civil,Closed,20200729,20210108
31,80762214,"Midland Credit Management, Inc.",2120SC000274,Small Claims,Open,20210405,20210405
32,80763402,"Midland Credit Management, Inc.",2120SC000939,Small Claims,Open,20211025,20211025
33,80766388,"Midland Credit Management, Inc.",2114SC001092,Small Claims,Open,20210929,20210929
34,80766730,"Midland Credit Management, Inc.",2164SC001384EF,Small Claims,Open,20211221,20211221
35,80767630,"Midland Credit Management, Inc.",2120SC000272,Small Claims,Open,20210405,20210405
36,80767765,"Midland Credit Management, Inc.",2047SC000251,Small Claims,Covid 19 XXX Notice Issued,20200911,20210217
37,80767909,"Midland Credit Management, Inc.",2164SC001284EF,Small Claims,Open,20211130,20211130
38,80768964,"Midland Credit Management, Inc.",2120SC000273,Small Claims,Open,20210405,20210405
39,80769551,"Midland Credit Management, Inc.",2054SC000639,Small Claims,Disposed (Statistical Purposes),20200915,20210513
40,80769885,"Midland Credit Management, Inc.",2120SC000275,Small Claims,Open,20210405,20210405
41,80770345,"Midland Credit Management, Inc.",2054SC000354,Small Claims,Disposed (Statistical Purposes),20200320,20210909
42,80770519,"Midland Credit Management, Inc.",2054SC000638,Small Claims,Open,20200915,20200915
43,80770940,"Midland Credit Management, Inc.",2015SC000484,Small Claims,Disposed (Statistical Purposes),20200207,20210909
44,80771085,"Midland Credit Management, Inc.",2148SC000159,Small Claims,Disposed (Statistical Purposes),20210319,20210826
45,80771931,"Midland Credit Management, Inc.",2054SC000637,Small Claims,Disposed (Statistical Purposes),20200915,20220106
46,80772001,"Midland Credit Management, Inc.",2101SC000978,Small Claims,Open,20210823,20210823
47,80772071,"Midland Credit Management, Inc.",2015SC000485,Small Claims,Disposed (Statistical Purposes),20200207,20210909
48,80772359,"Midland Credit Management, Inc.",2101SC000178EF,Small Claims,Closed,20210217,20211026
49,80772629,"Midland Credit Management, Inc.",2120SC000938,Small Claims,Open,20211025,20211025
0,80773348,"Midland Credit Management, Inc.",2132SC002673,Small Claims,Disposed (Statistical Purposes),20211117,20211223
1,80773483,"Midland Credit Management, Inc.",2068SC000263,Small Claims,Disposed (Statistical Purposes),20200925,20211004
2,80773758,"Midland Credit Management, Inc.",2154SC000813,Small Claims,Open,20211103,20211103
3,80775154,"Midland Credit Management, Inc.",2120SC000940,Small Claims,Open,20211025,20211025
4,80777675,"Midland Credit Management, Inc.",2201SC000078EF,Small Claims,Open,20220124,20220124
5,80777873,"Midland Credit Management, Inc.",2201SC000077EF,Small Claims,Open,20220124,20220124
6,80778392,"Midland Credit Management, Inc.",2020SC000632,Small Claims,Open,20201203,20201203
7,80779611,"Midland Credit Management, Inc.",2101SC000179EF,Small Claims,Closed,20210217,20210916
8,80779983,"Midland Credit Management, Inc.",2020SC000631,Small Claims,Open,20201203,20201203
9,80780331,"Midland Credit Management, Inc.",2120SC000743,Small Claims,Open,20210818,20210818
10,80780332,"Midland Credit Management, Inc.",2168SC000325,Small Claims,Open,20210817,20210817
11,80780589,"Midland Credit Management, Inc.",2148SC000570,Small Claims,Open,20211004,20211004
12,80780759,"Midland Credit Management, Inc.",2048SC000410,Small Claims,Disposed (Statistical Purposes),20201104,20210412
13,80781463,"Midland Credit Management, Inc.",2120SC000748,Small Claims,Open,20210818,20210818
14,80782963,"Midland Credit Management, Inc.",2148CV000223,Civil,Disposed (Statistical Purposes),20211004,20211122
15,80785049,"Midland Credit Management, Inc.",2054SC000644,Small Claims,Disposed (Statistical Purposes),20200917,20210406
16,80785551,"Midland Credit Management, Inc.",2054SC000413,Small Claims,Disposed (Statistical Purposes),20200603,20211021
17,80786146,"Midland Credit Management, Inc.",2114SC000231,Small Claims,Open,20210302,20210302
18,80786586,"Midland Credit Management, Inc.",2125CV000573,Civil,Open,20211230,20211230
19,80786714,"Midland Credit Management, Inc.",2120SC000933,Small Claims,Open,20211027,20211027
20,80787243,"Midland Credit Management, Inc.",2164SC000044EF,Small Claims,Open,20210118,20210118
21,80787758,"Midland Credit Management, Inc.",2114SC000233,Small Claims,Disposed (Statistical Purposes),20210303,20220201
22,80789631,"Midland Credit Management, Inc.",2047SC000317,Small Claims,Disposed (Statistical Purposes),20201123,20211221
23,80789732,"Midland Credit Management, Inc.",2120SC000263,Small Claims,Open,20210409,20210409
24,80789836,"Midland Credit Management, Inc.",2114SC000229,Small Claims,Open,20210302,20210302
25,80790068,"Midland Credit Management, Inc.",2120SC000967,Small Claims,Open,20211027,20211027
26,80790148,"Midland Credit Management, Inc.",2114SC001108,Small Claims,Open,20211001,20211001
27,80790339,"Midland Credit Management, Inc.",2120SC000932,Small Claims,Open,20211027,20211027
28,80790448,"Midland Credit Management, Inc.",2148SC000169,Small Claims,Open,20210322,20210322
29,80790486,"Midland Credit Management, Inc.",2047SC000316,Small Claims,Disposed (Statistical Purposes),20201123,20211221
30,80791304,"Midland Credit Management, Inc.",2120SC000968,Small Claims,Open,20211027,20211027
31,80791492,"Midland Credit Management, Inc.",2147SC000034,Small Claims,Covid 19 XXX Notice Issued,20210129,20210618
32,80791614,"Midland Credit Management, Inc.",2048SC000512,Small Claims,Disposed (Statistical Purposes),20201221,20210512
33,80792617,"Midland Credit Management, Inc.",2201SC000091EF,Small Claims,Open,20220131,20220131
34,80792904,"Midland Credit Management, Inc.",2120SC000265,Small Claims,Open,20210409,20210409
35,80793039,"Midland Credit Management, Inc.",2001SC000817EF,Small Claims,Closed,20200930,20210225
36,80793097,"Midland Credit Management, Inc.",2148SC000160,Small Claims,Disposed (Statistical Purposes),20210322,20220118
37,80794023,"Midland Credit Management, Inc.",2148SC000167,Small Claims,Disposed (Statistical Purposes),20210322,20210920
38,80795060,"Midland Credit Management, Inc.",2169SC000813,Small Claims,Open,20211126,20211126
39,80795911,"Midland Credit Management, Inc.",2148CV000080,Civil,Disposed (Statistical Purposes),20210322,20210625
40,80796895,"Midland Credit Management, Inc.",2164SC001414EF,Small Claims,Open,20211227,20211227
41,80798105,"Midland Credit Management, Inc.",2164SC001413EF,Small Claims,Open,20211227,20211227
42,80798676,"Midland Credit Management, Inc.",2001SC000815EF,Small Claims,Disposed (Statistical Purposes),20200930,20210325
43,80799467,"Midland Credit Management, Inc.",2164SC001415EF,Small Claims,Open,20211227,20211227
44,80801812,"Midland Credit Management, Inc.",2098SC000343EF,Small Claims,Disposed (Statistical Purposes),20200825,20201218
45,80802241,"Midland Credit Management, Inc.",2169SC000814,Small Claims,Open,20211129,20211129
46,80802716,"Midland Credit Management, Inc.",2047SC000304,Small Claims,Disposed (Statistical Purposes),20201124,20211109
47,80802875,"Midland Credit Management, Inc.",2132SC002689,Small Claims,Open,20211118,20211117
48,80803792,"Midland Credit Management, Inc.",2201CV000107,Civil,Open,20220131,20220131
49,80804685,"Midland Credit Management, Inc.",2001SC001078EF,Small Claims,Disposed (Statistical Purposes),20201215,20210603
0,80804832,"Midland Credit Management, Inc.",2147SC000037,Small Claims,Covid 19 XXX Notice Issued,20210201,20210707
1,80805120,"Midland Credit Management, Inc.",2054SC000613,Small Claims,Disposed (Statistical Purposes),20200828,20211209
2,80806007,"Midland Credit Management, Inc.",2047SC000305,Small Claims,Disposed (Statistical Purposes),20201124,20210520
3,80806710,"Midland Credit Management, Inc.",2120SC000203,Small Claims,Open,20210322,20210322
4,80807448,"Midland Credit Management, Inc.",2147SC000038,Small Claims,Disposed (Statistical Purposes),20210201,20210310
5,80807613,"Midland Credit Management, Inc.",2001SC001070EF,Small Claims,Disposed (Statistical Purposes),20201215,20210520
6,80807744,"Midland Credit Management, Inc.",2115SC003033,Small Claims,Open,20211129,20211129
7,80809098,"Midland Credit Management, Inc.",2168SC000033,Small Claims,Open,20210129,20210129
8,80809436,"Midland Credit Management, Inc.",2168SC000032,Small Claims,Disposed (Statistical Purposes),20210129,20210517
9,80809977,"Midland Credit Management, Inc.",2169SC000815,Small Claims,Open,20211130,20211130
10,80810086,"Midland Credit Management, Inc.",2120SC000205,Small Claims,Open,20210322,20210322
11,80810217,"Midland Credit Management, Inc.",2115SC003015,Small Claims,Open,20211129,20211129
12,80810313,"Midland Credit Management, Inc.",2168SC000031,Small Claims,Disposed (Statistical Purposes),20210129,20210407
13,80811807,"Midland Credit Management, Inc.",2168SC000092EF,Small Claims,Disposed (Statistical Purposes),20210316,20210423
14,80811816,"Midland Credit Management, Inc.",2147SC000033,Small Claims,Covid 19 XXX Notice Issued,20210202,20210618
15,80812696,"Midland Credit Management, Inc.",2115SC003010,Small Claims,Open,20211129,20211129
16,80812909,"Midland Credit Management, Inc.",2120SC000202,Small Claims,Open,20210322,20210322
17,80813429,"Midland Credit Management, Inc.",2247CV000019,Civil,Open,20220126,20220126
18,80813844,"Midland Credit Management, Inc.",2114CV000396,Civil,Open,20211005,20211005
19,80814015,"Midland Credit Management, Inc.",2115SC003011,Small Claims,Open,20211129,20211129
20,80814059,"Midland Credit Management, Inc.",2164SC000045EF,Small Claims,Disposed (Statistical Purposes),20210119,20220107
21,80814667,"Midland Credit Management, Inc.",2032SC000953,Small Claims,Disposed (Statistical Purposes),20200615,20211004
22,80814786,"Midland Credit Management, Inc.",2115SC003020,Small Claims,Open,20211129,20211129
23,80815092,"Midland Credit Management, Inc.",2164SC000047EF,Small Claims,Disposed (Statistical Purposes),20210119,20210616
24,80815210,"Midland Credit Management, Inc.",2120SC000952,Small Claims,Open,20211101,20211101
25,80815302,"Midland Credit Management, Inc.",2147SC000036,Small Claims,Covid 19 XXX Notice Issued,20210202,20210707
26,80815462,"Midland Credit Management, Inc.",2114SC000268,Small Claims,Open,20210305,20210305
27,80815534,"Midland Credit Management, Inc.",2114CV000398,Civil,Open,20211006,20211006
28,80816337,"Midland Credit Management, Inc.",2114SC001129,Small Claims,Open,20211006,20211006
29,80816789,"Midland Credit Management, Inc.",2120SC000969,Small Claims,Open,20211101,20211101
30,80817154,"Midland Credit Management, Inc.",2054SC000772,Small Claims,Open,20201112,20201112
31,80817694,"Midland Credit Management, Inc.",2114SC001130,Small Claims,Open,20211006,20211006
32,80818069,"Midland Credit Management, Inc.",2120SC000200,Small Claims,Open,20210322,20210322
33,80818070,"Midland Credit Management, Inc.",2168SC000452,Small Claims,Disposed (Statistical Purposes),20211027,20220131
34,80818409,"Midland Credit Management, Inc.",2168SC000451,Small Claims,Open,20211027,20211027
35,80819191,"Midland Credit Management, Inc.",2164SC000046EF,Small Claims,Disposed (Statistical Purposes),20210119,20210302
36,80819618,"Midland Credit Management, Inc.",2001SC001072EF,Small Claims,Disposed (Statistical Purposes),20201215,20210603
37,80819701,"Midland Credit Management, Inc.",2115SC003021,Small Claims,Open,20211129,20211129
38,80819915,"Midland Credit Management, Inc.",2054CV000500,Civil,Open,20201112,20201112
39,80820521,"Midland Credit Management, Inc.",2225SC000003,Small Claims,Open,20220103,20220103
40,80820649,"Midland Credit Management, Inc.",2048SC000516,Small Claims,Disposed (Statistical Purposes),20201224,20211021
41,80821044,"Midland Credit Management, Inc.",2001SC001056EF,Small Claims,Disposed (Statistical Purposes),20201214,20210603
42,80821974,"Midland Credit Management, Inc.",2115SC003051,Small Claims,Open,20211129,20211130
43,80822117,"Midland Credit Management, Inc.",2020SC000659,Small Claims,Open,20201209,20201209
44,80822660,"Midland Credit Management, Inc.",2120SC000204,Small Claims,Open,20210322,20210322
45,80823160,"Midland Credit Management, Inc.",2020SC000634,Small Claims,Open,20201208,20201208
46,80824919,"Midland Credit Management, Inc.",2001SC001068EF,Small Claims,Closed,20201214,20210603
47,80825428,"Midland Credit Management, Inc.",2001SC001071EF,Small Claims,Disposed (Statistical Purposes),20201215,20210520
48,80826359,"Midland Credit Management, Inc.",1915SC003663,Small Claims,Suspended-Notices sent Covid-19,20191219,20200325
49,80832195,"Midland Credit Management, Inc.",2132SC002685,Small Claims,Open,20211118,20211117
0,80832369,"Midland Credit Management, Inc.",2054SC000430,Small Claims,Disposed (Statistical Purposes),20200612,20211021
1,80836441,"Midland Credit Management, Inc.",2120SC000959,Small Claims,Open,20211103,20211103
2,80837500,"Midland Credit Management, Inc.",2001SC001075EF,Small Claims,Disposed (Statistical Purposes),20201217,20210603
3,80838460,"Midland Credit Management, Inc.",2168SC000099EF,Small Claims,Disposed (Statistical Purposes),20210322,20210719
4,80839886,"Midland Credit Management, Inc.",2120SC000214,Small Claims,Open,20210324,20210324
5,80840301,"Midland Credit Management, Inc.",2147SC000043,Small Claims,Covid 19 XXX Notice Issued,20210208,20210707
6,80840687,"Midland Credit Management, Inc.",2132SC002687,Small Claims,Open,20211118,20211117
7,80840736,"Midland Credit Management, Inc.",2148SC000181,Small Claims,Disposed (Statistical Purposes),20210329,20210923
8,80841134,"Midland Credit Management, Inc.",2120SC000213,Small Claims,Open,20210324,20210324
9,80842700,"Midland Credit Management, Inc.",2147SC000045,Small Claims,Covid 19 XXX Notice Issued,20210209,20210707
10,80843808,"Midland Credit Management, Inc.",2120SC000215,Small Claims,Open,20210324,20210324
11,80845056,"Midland Credit Management, Inc.",2225SC000014,Small Claims,Open,20220105,20220105
12,80845936,"Midland Credit Management, Inc.",2054SC000664,Small Claims,Disposed (Statistical Purposes),20200925,20220203
13,80846778,"Midland Credit Management, Inc.",2120SC000240,Small Claims,Open,20210325,20210325
14,80847145,"Midland Credit Management, Inc.",2120SC000242,Small Claims,Open,20210325,20210325
15,80847227,"Midland Credit Management, Inc.",2168SC000466,Small Claims,Disposed (Statistical Purposes),20211103,20220131
16,80848499,"Midland Credit Management, Inc.",2132SC002686,Small Claims,Open,20211118,20211117
17,80848674,"Midland Credit Management, Inc.",2168CV000022,Civil,Disposed (Statistical Purposes),20210204,20210408
18,80849169,"Midland Credit Management, Inc.",2132SC002693,Small Claims,Open,20211118,20211117
19,80850116,"Midland Credit Management, Inc.",2048SC000525,Small Claims,Disposed (Statistical Purposes),20201228,20211021
20,80850688,"Midland Credit Management, Inc.",2054SC000627,Small Claims,Disposed (Statistical Purposes),20200904,20211209
21,80850752,"Midland Credit Management, Inc.",2169SC000833,Small Claims,Open,20211206,20211206
22,80850934,"Midland Credit Management, Inc.",2048SC000522,Small Claims,Disposed (Statistical Purposes),20201228,20210512
23,80851147,"Midland Credit Management, Inc.",2148SC000187,Small Claims,Disposed (Statistical Purposes),20210330,20210909
24,80851652,"Midland Credit Management, Inc.",2120SC000296,Small Claims,Open,20210420,20210420
25,80851716,"Midland Credit Management, Inc.",2148SC000189,Small Claims,Disposed (Statistical Purposes),20210331,20210909
26,80851927,"Midland Credit Management, Inc.",2048SC000515,Small Claims,Disposed (Statistical Purposes),20201228,20210512
27,80852283,"Midland Credit Management, Inc.",2064SC000591,Small Claims,Disposed (Statistical Purposes),20200819,20211130
28,80852603,"Midland Credit Management, Inc.",2169SC000827,Small Claims,Open,20211206,20211206
29,80852806,"Midland Credit Management, Inc.",2154SC000200,Small Claims,Open,20210329,20210329
30,80853261,"Midland Credit Management, Inc.",2048SC000530,Small Claims,Disposed (Statistical Purposes),20201229,20210519
31,80853307,"Midland Credit Management, Inc.",2054SC000624,Small Claims,Disposed (Statistical Purposes),20200904,20220103
32,80855088,"Midland Credit Management, Inc.",2154SC000215,Small Claims,Disposed (Statistical Purposes),20210329,20220127
33,80855175,"Midland Credit Management, Inc.",2168SC000350EF,Small Claims,Disposed (Statistical Purposes),20210830,20220204
34,80855748,"Midland Credit Management, Inc.",2048SC000521,Small Claims,Disposed (Statistical Purposes),20201228,20210412
35,80855754,"Midland Credit Management, Inc.",2015SC000448,Small Claims,Disposed (Statistical Purposes),20200204,20211022
36,80856129,"Midland Credit Management, Inc.",2154SC000201,Small Claims,Disposed (Statistical Purposes),20210329,20220106
37,80856454,"Midland Credit Management, Inc.",2164SC000050EF,Small Claims,Open,20210122,20210122
38,80856453,"Midland Credit Management, Inc.",2148SC000188,Small Claims,Disposed (Statistical Purposes),20210331,20210909
39,80857415,"Midland Credit Management, Inc.",2048SC000520,Small Claims,Disposed (Statistical Purposes),20201228,20210329
40,80857387,"Midland Credit Management, Inc.",2020SC000663,Small Claims,Open,20201214,20201214
41,80857944,"Midland Credit Management, Inc.",2147SC000049,Small Claims,Covid 19 XXX Notice Issued,20210211,20210708
42,80857988,"Midland Credit Management, Inc.",2148SC000186,Small Claims,Open,20210330,20210330
43,80859242,"Midland Credit Management, Inc.",2015SC000450,Small Claims,Suspended Covid 19 extended,20200204,20200519
44,80860316,"Midland Credit Management, Inc.",2147SC000050,Small Claims,Covid 19 XXX Notice Issued,20210211,20210708
45,80860815,"Midland Credit Management, Inc.",2168SC000349,Small Claims,Disposed (Statistical Purposes),20210831,20211122
46,80861448,"Midland Credit Management, Inc.",2015SC000455,Small Claims,Open,20200205,20200205
47,80861621,"Midland Credit Management, Inc.",2025SC000840,Small Claims,Disposed (Statistical Purposes),20201125,20210420
48,80863268,"Midland Credit Management, Inc.",2148SC000604,Small Claims,Open,20211015,20211015
49,80863996,"Midland Credit Management, Inc.",2047SC000320,Small Claims,Disposed (Statistical Purposes),20201207,20211221
0,80864081,"Midland Credit Management, Inc.",2025SC000839,Small Claims,Disposed (Statistical Purposes),20201125,20210420
1,80864195,"Midland Credit Management, Inc.",2115SC003065,Small Claims,Open,20211202,20211202
2,80864680,"Midland Credit Management, Inc.",2015SC000453,Small Claims,Disposed (Statistical Purposes),20200205,20211028
3,80864922,"Midland Credit Management, Inc.",2015SC000445,Small Claims,Disposed (Statistical Purposes),20200204,20211007
4,80864952,"Midland Credit Management, Inc.",2047SC000321,Small Claims,Disposed (Statistical Purposes),20201207,20211221
5,80865171,"Midland Credit Management, Inc.",2120SC000292,Small Claims,Open,20210421,20210421
6,80865537,"Midland Credit Management, Inc.",2120SC000308,Small Claims,Open,20210422,20210422
7,80865684,"Midland Credit Management, Inc.",2148CV000229,Civil,Open,20211015,20211015
8,80865819,"Midland Credit Management, Inc.",2047SC000322,Small Claims,Disposed (Statistical Purposes),20201207,20210603
9,80866563,"Midland Credit Management, Inc.",2098SC000340,Small Claims,Disposed (Statistical Purposes),20200831,20201016
10,80866738,"Midland Credit Management, Inc.",2120SC000303,Small Claims,Open,20210421,20210421
11,80866812,"Midland Credit Management, Inc.",2120SC000218,Small Claims,Open,20210329,20210329
12,80866926,"Midland Credit Management, Inc.",2020SC000664,Small Claims,Disposed (Statistical Purposes),20201214,20210804
13,80867009,"Midland Credit Management, Inc.",2120SC000245,Small Claims,Open,20210329,20210329
14,80867368,"Midland Credit Management, Inc.",2098SC000338,Small Claims,Disposed (Statistical Purposes),20200831,20201218
15,80867450,"Midland Credit Management, Inc.",2120SC000311,Small Claims,Open,20210422,20210422
16,80867945,"Midland Credit Management, Inc.",2098SC000339,Small Claims,Disposed (Statistical Purposes),20200831,20210202
17,80868403,"Midland Credit Management, Inc.",2120SC000306,Small Claims,Open,20210422,20210422
18,80868790,"Midland Credit Management, Inc.",2120SC000307,Small Claims,Open,20210422,20210422
19,80869277,"Midland Credit Management, Inc.",2120SC000249,Small Claims,Open,20210329,20210329
20,80869525,"Midland Credit Management, Inc.",2015SC000449,Small Claims,Disposed (Statistical Purposes),20200204,20211018
21,80869884,"Midland Credit Management, Inc.",2120SC000309,Small Claims,Open,20210422,20210422
22,80870982,"Midland Credit Management, Inc.",2015SC000446,Small Claims,Suspended Covid 19 extended,20200204,20200521
23,80871196,"Midland Credit Management, Inc.",2120SC000250,Small Claims,Open,20210329,20210329
24,80871306,"Midland Credit Management, Inc.",2120SC000310,Small Claims,Disposed (Statistical Purposes),20210422,20210517
25,80871941,"Midland Credit Management, Inc.",2098SC000337,Small Claims,Disposed (Statistical Purposes),20200831,20201218
26,80871921,"Midland Credit Management, Inc.",2169SC000844,Small Claims,Open,20211210,20211210
27,80873477,"Midland Credit Management, Inc.",2148SC000193,Small Claims,Disposed (Statistical Purposes),20210402,20210506
28,80873892,"Midland Credit Management, Inc.",2168SC000353EF,Small Claims,Disposed (Statistical Purposes),20210902,20211115
29,80874687,"Midland Credit Management, Inc.",2032SC000980,Small Claims,Disposed (Statistical Purposes),20200617,20201029
30,80875783,"Midland Credit Management, Inc.",2148SC000192,Small Claims,Disposed (Statistical Purposes),20210402,20210909
31,80876031,"Midland Credit Management, Inc.",2048SC000527,Small Claims,Disposed (Statistical Purposes),20201230,20210519
32,80876475,"Midland Credit Management, Inc.",2169CV000239,Civil,Disposed (Statistical Purposes),20211210,20220127
33,80876881,"Midland Credit Management, Inc.",2148SC000190,Small Claims,Disposed (Statistical Purposes),20210401,20210909
34,80877632,"Midland Credit Management, Inc.",2148SC000183,Small Claims,Disposed (Statistical Purposes),20210401,20210909
35,80878336,"Midland Credit Management, Inc.",2148SC000182,Small Claims,Disposed (Statistical Purposes),20210401,20210923
36,80879872,"Midland Credit Management, Inc.",2048SC000526,Small Claims,Open,20201230,20201230
37,80881925,"Midland Credit Management, Inc.",2225CV000012,Civil,Open,20220110,20220110
38,80888263,"Midland Credit Management, Inc.",2015SC000452,Small Claims,Disposed (Statistical Purposes),20200205,20200214
39,80888994,"Midland Credit Management, Inc.",2015SC000447,Small Claims,Suspended Covid 19 extended,20200204,20200702
40,80889374,"Midland Credit Management, Inc.",2168SC000359EF,Small Claims,Disposed (Statistical Purposes),20210903,20211122
41,80889589,"Midland Credit Management, Inc.",2168SC000356,Small Claims,Open,20210903,20210903
42,80889762,"Midland Credit Management, Inc.",2054SC000682,Small Claims,Disposed (Statistical Purposes),20200929,20220113
43,80890665,"Midland Credit Management, Inc.",2132SC002462,Small Claims,Open,20211122,20211122
44,80890839,"Midland Credit Management, Inc.",2168SC000114EF,Small Claims,Open,20210331,20210331
45,80891470,"Midland Credit Management, Inc.",2225CV000013,Civil,Open,20220110,20220110
46,80891892,"Midland Credit Management, Inc.",2168SC000110,Small Claims,Open,20210330,20210330
47,80892455,"Midland Credit Management, Inc.",2032SC000979,Small Claims,Disposed (Statistical Purposes),20200617,20211006
48,80892712,"Midland Credit Management, Inc.",2120SC000315,Small Claims,Open,20210426,20210426
49,80892729,"Midland Credit Management, Inc.",2168SC000111,Small Claims,Disposed (Statistical Purposes),20210330,20210719
0,80894920,"Midland Credit Management, Inc.",2168SC000113EF,Small Claims,Disposed (Statistical Purposes),20210331,20211021
1,80895998,"Midland Credit Management, Inc.",2120SC000314,Small Claims,Open,20210426,20210426
2,80896014,"Midland Credit Management, Inc.",2068SC000278,Small Claims,Open,20201013,20201013
3,80897156,"Midland Credit Management, Inc.",2015SC000456,Small Claims,Disposed (Statistical Purposes),20200205,20210303
4,80897690,"Midland Credit Management, Inc.",2020SC000669,Small Claims,Open,20201217,20201217
5,80897954,"Midland Credit Management, Inc.",2054SC000634,Small Claims,Disposed (Statistical Purposes),20200910,20220106
6,80898073,"Midland Credit Management, Inc.",2064SC000610,Small Claims,Disposed (Statistical Purposes),20200825,20211130
7,80900800,"Midland Credit Management, Inc.",2098SC000345EF,Small Claims,Disposed (Statistical Purposes),20200901,20201218
8,80901101,"Midland Credit Management, Inc.",2020SC000668,Small Claims,Open,20201216,20201216
9,80903511,"Midland Credit Management, Inc.",2015SC000454,Small Claims,Suspended Covid 19 extended,20200205,20200519
10,80903768,"Midland Credit Management, Inc.",2120SC000320,Small Claims,Open,20210427,20210427
11,80903785,"Midland Credit Management, Inc.",2120SC000325,Small Claims,Disposed (Statistical Purposes),20210427,20211118
12,80904658,"Midland Credit Management, Inc.",2198SC000770EF,Small Claims,Open,20211227,20211227
13,80905189,"Midland Credit Management, Inc.",2015SC000615,Small Claims,Open,20200218,20200218
14,80906854,"Midland Credit Management, Inc.",2120SC000319,Small Claims,Open,20210427,20210427
15,80908065,"Midland Credit Management, Inc.",2168SC000050,Small Claims,Disposed (Statistical Purposes),20210212,20210622
16,80908415,"Midland Credit Management, Inc.",2168SC000048,Small Claims,Disposed (Statistical Purposes),20210212,20210308
17,80908865,"Midland Credit Management, Inc.",2120SC000322,Small Claims,Open,20210427,20210427
18,80909150,"Midland Credit Management, Inc.",2120SC000323,Small Claims,Open,20210427,20210427
19,80909290,"Midland Credit Management, Inc.",2120SC000324,Small Claims,Open,20210427,20210427
20,80909696,"Midland Credit Management, Inc.",2169SC000848,Small Claims,Open,20211214,20211214
21,80909960,"Midland Credit Management, Inc.",2168SC000049,Small Claims,Disposed (Statistical Purposes),20210212,20210407
22,80910710,"Midland Credit Management, Inc.",2168SC000052,Small Claims,Disposed (Statistical Purposes),20210212,20210622
23,80911824,"Midland Credit Management, Inc.",2168SC000053,Small Claims,Disposed (Statistical Purposes),20210212,20210621
24,80912029,"Midland Credit Management, Inc.",2054SC000438,Small Claims,Covid 19 XXX Notice Issued,20200615,20201028
25,80912077,"Midland Credit Management, Inc.",2147SC000103,Small Claims,Disposed (Statistical Purposes),20210322,20210921
26,80912332,"Midland Credit Management, Inc.",2148SC000625,Small Claims,Open,20211022,20211022
27,80912655,"Midland Credit Management, Inc.",2168SC000051,Small Claims,Disposed (Statistical Purposes),20210212,20210622
28,80913991,"Midland Credit Management, Inc.",2168SC000045,Small Claims,Open,20210212,20210212
29,80914245,"Midland Credit Management, Inc.",2015SC000556,Small Claims,Suspended Covid 19 extended,20200214,20200521
30,80914658,"Midland Credit Management, Inc.",2168SC000047,Small Claims,Open,20210212,20210212
31,80915135,"Midland Credit Management, Inc.",2014SC000948,Small Claims,Disposed (Statistical Purposes),20201029,20220201
32,80915205,"Midland Credit Management, Inc.",2168SC000046,Small Claims,Open,20210212,20210212
33,80915598,"Midland Credit Management, Inc.",2015SC000573,Small Claims,Suspended Covid 19 extended,20200214,20200521
34,80915700,"Midland Credit Management, Inc.",2120SC000332,Small Claims,Open,20210430,20210430
35,80916185,"Midland Credit Management, Inc.",2148SC000630,Small Claims,Open,20211022,20211022
36,80916500,"Midland Credit Management, Inc.",2152SC000089,Small Claims,Open,20210208,20210208
37,80917121,"Midland Credit Management, Inc.",2114SC001145,Small Claims,Open,20211014,20211014
38,80917407,"Midland Credit Management, Inc.",2114SC001147,Small Claims,Open,20211014,20211014
39,80917415,"Midland Credit Management, Inc.",2164SC000072,Small Claims,Open,20210128,20210128
40,80918235,"Midland Credit Management, Inc.",2120SC000329,Small Claims,Open,20210430,20210430
41,80918343,"Midland Credit Management, Inc.",2148SC000623,Small Claims,Open,20211022,20211022
42,80919027,"Midland Credit Management, Inc.",2154SC000225,Small Claims,Open,20210402,20210402
43,80919096,"Midland Credit Management, Inc.",1901SC001869EF,Small Claims,Disposed (Statistical Purposes),20191227,20200813
44,80919400,"Midland Credit Management, Inc.",2064SC000782EF,Small Claims,Disposed (Statistical Purposes),20201109,20220111
45,80920251,"Midland Credit Management, Inc.",2120SC000330,Small Claims,Open,20210430,20210430
46,80920843,"Midland Credit Management, Inc.",2152SC000088,Small Claims,Disposed (Statistical Purposes),20210208,20211019
47,80921178,"Midland Credit Management, Inc.",2152SC000093,Small Claims,Disposed (Statistical Purposes),20210208,20211014
48,80921431,"Midland Credit Management, Inc.",2154SC000224,Small Claims,Disposed (Statistical Purposes),20210402,20220127
49,80921661,"Midland Credit Management, Inc.",2152SC000090,Small Claims,Disposed (Statistical Purposes),20210208,20211014
0,80921787,"Midland Credit Management, Inc.",2152SC000091,Small Claims,Disposed (Statistical Purposes),20210208,20211007
1,80922674,"Midland Credit Management, Inc.",2164SC000063EF,Small Claims,Open,20210128,20210128
2,80922730,"Midland Credit Management, Inc.",2154SC000226,Small Claims,Disposed (Statistical Purposes),20210402,20220127
3,80922825,"Midland Credit Management, Inc.",2120SC000251,Small Claims,Open,20210401,20210401
4,80923339,"Midland Credit Management, Inc.",2064SC000616,Small Claims,Disposed (Statistical Purposes),20200827,20211130
5,80923450,"Midland Credit Management, Inc.",2154SC000223,Small Claims,Disposed (Statistical Purposes),20210402,20220127
6,80924020,"Midland Credit Management, Inc.",2164SC000071,Small Claims,Open,20210128,20210128
7,80924079,"Midland Credit Management, Inc.",2152SC000092,Small Claims,Disposed (Statistical Purposes),20210208,20211014
8,80925633,"Midland Credit Management, Inc.",2064SC000615,Small Claims,Disposed (Statistical Purposes),20200827,20211001
9,80926402,"Midland Credit Management, Inc.",2168SC000119,Small Claims,Disposed (Statistical Purposes),20210401,20210726
10,80927052,"Midland Credit Management, Inc.",2064SC000316,Small Claims,Disposed (Statistical Purposes),20200309,20201214
11,80927671,"Midland Credit Management, Inc.",2064SC000614,Small Claims,Disposed (Statistical Purposes),20200827,20211130
12,80928154,"Midland Credit Management, Inc.",2047SC000332,Small Claims,Covid 19 XXX Notice Issued,20201218,20210601
13,80928307,"Midland Credit Management, Inc.",2168SC000120,Small Claims,Disposed (Statistical Purposes),20210401,20210726
14,80929515,"Midland Credit Management, Inc.",2068SC000177,Small Claims,Disposed (Statistical Purposes),20200623,20200903
15,80932566,"Midland Credit Management, Inc.",2152SC000619,Small Claims,Open,20210909,20210909
16,80932569,"Midland Credit Management, Inc.",2154SC000721,Small Claims,Open,20211004,20211004
17,80934137,"Midland Credit Management, Inc.",2168SC000116EF,Small Claims,Disposed (Statistical Purposes),20210401,20210913
18,80934814,"Midland Credit Management, Inc.",2154SC000711,Small Claims,Open,20211004,20211004
19,80936690,"Midland Credit Management, Inc.",2152SC000100,Small Claims,Disposed (Statistical Purposes),20210210,20211103
20,80937287,"Midland Credit Management, Inc.",2152SC000105,Small Claims,Disposed (Statistical Purposes),20210211,20211014
21,80937626,"Midland Credit Management, Inc.",2154SC000719,Small Claims,Open,20211004,20211004
22,80938015,"Midland Credit Management, Inc.",2152SC000101,Small Claims,Disposed (Statistical Purposes),20210211,20211103
23,80938061,"Midland Credit Management, Inc.",2168SC000122,Small Claims,Disposed (Statistical Purposes),20210401,20210726
24,80938462,"Midland Credit Management, Inc.",2134SC000275,Small Claims,Open,20210503,20210503
25,80938568,"Midland Credit Management, Inc.",2154SC000710,Small Claims,Open,20211004,20211004
26,80939335,"Midland Credit Management, Inc.",2134SC000276,Small Claims,Open,20210503,20210503
27,80939763,"Midland Credit Management, Inc.",2152SC000104,Small Claims,Disposed (Statistical Purposes),20210211,20211014
28,80940208,"Midland Credit Management, Inc.",2168SC000123,Small Claims,Disposed (Statistical Purposes),20210401,20211101
29,80940678,"Midland Credit Management, Inc.",2014SC000950,Small Claims,Open,20201103,20201103
30,80941053,"Midland Credit Management, Inc.",2152SC000103,Small Claims,Disposed (Statistical Purposes),20210211,20211014
31,80942200,"Midland Credit Management, Inc.",2168SC000117EF,Small Claims,Disposed (Statistical Purposes),20210401,20210629
32,80942412,"Midland Credit Management, Inc.",2152SC000107,Small Claims,Disposed (Statistical Purposes),20210211,20211202
33,80942731,"Midland Credit Management, Inc.",2152SC000106,Small Claims,Disposed (Statistical Purposes),20210211,20211014
34,80947068,"Midland Credit Management, Inc.",2047SC000334,Small Claims,Covid 19 XXX Notice Issued,20201222,20210601
35,80948802,"Midland Credit Management, Inc.",2064SC000317,Small Claims,Disposed (Statistical Purposes),20200309,20200715
36,80951436,"Midland Credit Management, Inc.",2064SC000319,Small Claims,Covid 19 XXX Notice Issued,20200309,20201224
37,80951953,"Midland Credit Management, Inc.",1901SC001873,Small Claims,Disposed (Statistical Purposes),20191231,20200814
38,80956535,"Midland Credit Management, Inc.",2014SC000954,Small Claims,Disposed (Statistical Purposes),20201104,20211108
39,80956585,"Midland Credit Management, Inc.",1901SC001874,Small Claims,Closed,20191231,20200309
40,80957233,"Midland Credit Management, Inc.",2014SC000953,Small Claims,Open,20201104,20201104
41,80957435,"Midland Credit Management, Inc.",2148SC000476,Small Claims,Disposed (Statistical Purposes),20210817,20220203
42,80958669,"Midland Credit Management, Inc.",2025SC000853,Small Claims,Disposed (Statistical Purposes),20201207,20210629
43,80963095,"Midland Credit Management, Inc.",2168SC000383,Small Claims,Disposed (Statistical Purposes),20210920,20211122
44,80968171,"Midland Credit Management, Inc.",2169SC000861,Small Claims,Open,20211221,20211221
45,80969218,"Midland Credit Management, Inc.",2064SC000931EF,Small Claims,Open,20201217,20201217
46,80969204,"Midland Credit Management, Inc.",2134CV000189,Civil,Open,20210505,20210505
47,80970555,"Midland Credit Management, Inc.",2169SC000863,Small Claims,Open,20211221,20211221
48,80970886,"Midland Credit Management, Inc.",2047SC000342,Small Claims,Disposed (Statistical Purposes),20201229,20210217
49,80972491,"Midland Credit Management, Inc.",2169SC000862,Small Claims,Open,20211221,20211221
0,80973514,"Midland Credit Management, Inc.",2164SC000082,Small Claims,Open,20210201,20210201
1,80973593,"Midland Credit Management, Inc.",2152SC000149,Small Claims,Disposed (Statistical Purposes),20210226,20211202
2,80973778,"Midland Credit Management, Inc.",2135SC000150,Small Claims,Open,20211230,20211230
3,80974512,"Midland Credit Management, Inc.",2148SC000481,Small Claims,Disposed (Statistical Purposes),20210818,20220203
4,80974832,"Midland Credit Management, Inc.",2164SC000078,Small Claims,Open,20210201,20210201
5,80975494,"Midland Credit Management, Inc.",2168SC000384,Small Claims,Disposed (Statistical Purposes),20210921,20211122
6,80975575,"Midland Credit Management, Inc.",2154SC000047,Small Claims,Disposed (Statistical Purposes),20210127,20210930
7,80975719,"Midland Credit Management, Inc.",2264SC000071,Small Claims,Open,20220121,20220121
8,80976407,"Midland Credit Management, Inc.",2164SC000136,Small Claims,Open,20210210,20210210
9,80976488,"Midland Credit Management, Inc.",2164SC000126,Small Claims,Open,20210210,20210210
10,80977065,"Midland Credit Management, Inc.",2264SC000072,Small Claims,Open,20220121,20220121
11,80977227,"Midland Credit Management, Inc.",2132SC002659,Small Claims,Open,20211206,20211206
12,80977230,"Midland Credit Management, Inc.",2164SC000081,Small Claims,Open,20210201,20210201
13,80978080,"Midland Credit Management, Inc.",2120SC000355,Small Claims,Open,20210510,20210510
14,80978710,"Midland Credit Management, Inc.",2164SC000133,Small Claims,Open,20210210,20210210
15,80979749,"Midland Credit Management, Inc.",2164SC000083,Small Claims,Open,20210201,20210201
16,80980832,"Midland Credit Management, Inc.",2132SC002661,Small Claims,Open,20211206,20211206
17,80982826,"Midland Credit Management, Inc.",2132SC002577,Small Claims,Open,20211126,20211126
18,80983653,"Midland Credit Management, Inc.",1914SC002082,Small Claims,Suspended Covid 19 extended,20191203,20200311
19,80983697,"Midland Credit Management, Inc.",2164SC000087,Small Claims,Disposed (Statistical Purposes),20210201,20211223
20,80984553,"Midland Credit Management, Inc.",2164SC000077,Small Claims,Open,20210201,20210201
21,80985516,"Midland Credit Management, Inc.",2164SC000086,Small Claims,Open,20210201,20210201
22,80985876,"Midland Credit Management, Inc.",2098SC000354EF,Small Claims,Disposed (Statistical Purposes),20200910,20210312
23,80985991,"Midland Credit Management, Inc.",2064SC000934EF,Small Claims,Disposed (Statistical Purposes),20201218,20211208
24,80986042,"Midland Credit Management, Inc.",2064SC000621,Small Claims,Disposed (Statistical Purposes),20200831,20211207
25,80987008,"Midland Credit Management, Inc.",2148SC000636,Small Claims,Open,20211028,20211028
26,80987616,"Midland Credit Management, Inc.",2148SC000641,Small Claims,Open,20211027,20211027
27,80987849,"Midland Credit Management, Inc.",2014SC000957,Small Claims,Open,20201111,20201111
28,80987916,"Midland Credit Management, Inc.",2068SC000185,Small Claims,Disposed (Statistical Purposes),20200703,20210111
29,80987976,"Midland Credit Management, Inc.",2098SC000353EF,Small Claims,Disposed (Statistical Purposes),20200909,20210108
30,80988099,"Midland Credit Management, Inc.",2154SC000048,Small Claims,Disposed (Statistical Purposes),20210127,20210325
31,80988309,"Midland Credit Management, Inc.",2164SC000080,Small Claims,Disposed (Statistical Purposes),20210201,20220207
32,80989466,"Midland Credit Management, Inc.",2098SC000352EF,Small Claims,Disposed (Statistical Purposes),20200909,20210408
33,80989476,"Midland Credit Management, Inc.",2148SC000635,Small Claims,Open,20211027,20211027
34,80989947,"Midland Credit Management, Inc.",2001SC000002,Small Claims,Closed,20200102,20200911
35,80990259,"Midland Credit Management, Inc.",2164SC000085,Small Claims,Disposed (Statistical Purposes),20210201,20211103
36,80991532,"Midland Credit Management, Inc.",2147SC000300,Small Claims,Open,20210816,20210816
37,80992087,"Midland Credit Management, Inc.",2147SC000002,Small Claims,Disposed (Statistical Purposes),20210104,20210219
38,80992792,"Midland Credit Management, Inc.",2164SC000084,Small Claims,Open,20210201,20210201
39,80993349,"Midland Credit Management, Inc.",2148SC000639,Small Claims,Open,20211027,20211027
40,80993393,"Midland Credit Management, Inc.",2032SC000990,Small Claims,Disposed (Statistical Purposes),20200623,20210317
41,80993757,"Midland Credit Management, Inc.",2164SC000076,Small Claims,Disposed (Statistical Purposes),20210201,20210830
42,80994597,"Midland Credit Management, Inc.",2164SC000079,Small Claims,Open,20210201,20210201
43,80995436,"Midland Credit Management, Inc.",2025SC000864,Small Claims,Open,20201209,20201209
44,80997974,"Midland Credit Management, Inc.",2154SC000609,Small Claims,Open,20210817,20210817
45,80998755,"Midland Credit Management, Inc.",2164SC000750EF,Small Claims,Open,20210816,20210816
46,80999427,"Midland Credit Management, Inc.",2064SC000936EF,Small Claims,Open,20201221,20201221
47,80999951,"Midland Credit Management, Inc.",2132SC002658,Small Claims,Open,20211206,20211206
48,81001156,"Midland Credit Management, Inc.",2132SC002675,Small Claims,Open,20211206,20211206
49,81003449,"Midland Credit Management, Inc.",2147SC000307,Small Claims,Open,20210817,20210817
0,81003512,"Midland Credit Management, Inc.",2235SC000009,Small Claims,Open,20220103,20220103
1,81004494,"Midland Credit Management, Inc.",2164SC000749EF,Small Claims,Open,20210816,20210816
2,81004525,"Midland Credit Management, Inc.",2154SC000608,Small Claims,Open,20210817,20210817
3,81004654,"Midland Credit Management, Inc.",2025SC000865,Small Claims,Disposed (Statistical Purposes),20201209,20210629
4,81005062,"Midland Credit Management, Inc.",2132SC002676,Small Claims,Open,20211206,20211206
5,81005194,"Midland Credit Management, Inc.",2147SC000306,Small Claims,Open,20210817,20210817
6,81008174,"Midland Credit Management, Inc.",2054SC000804,Small Claims,Disposed (Statistical Purposes),20201120,20210623
7,81009434,"Midland Credit Management, Inc.",2168SC000395,Small Claims,Open,20210930,20210930
8,81009471,"Midland Credit Management, Inc.",2132SC002732,Small Claims,Open,20211129,20211129
9,81010057,"Midland Credit Management, Inc.",2168SC000399EF,Small Claims,Disposed (Statistical Purposes),20210929,20211213
10,81010822,"Midland Credit Management, Inc.",2168SC000396,Small Claims,Disposed (Statistical Purposes),20210930,20211213
11,81012150,"Midland Credit Management, Inc.",2168SC000059,Small Claims,Disposed (Statistical Purposes),20210217,20211213
12,81012197,"Midland Credit Management, Inc.",2164SC000753EF,Small Claims,Open,20210816,20210816
13,81012780,"Midland Credit Management, Inc.",2025SC000768,Small Claims,Open,20201030,20201030
14,81012857,"Midland Credit Management, Inc.",2064SC000943,Small Claims,Open,20201223,20201223
15,81013187,"Midland Credit Management, Inc.",2225SC000056,Small Claims,Open,20220121,20220121
16,81013195,"Midland Credit Management, Inc.",2064SC000940,Small Claims,Open,20201223,20201223
17,81013356,"Midland Credit Management, Inc.",2164SC000752EF,Small Claims,Open,20210816,20210816
18,81013444,"Midland Credit Management, Inc.",2064SC000941,Small Claims,Disposed (Statistical Purposes),20201223,20210811
19,81013646,"Midland Credit Management, Inc.",2132SC002731,Small Claims,Open,20211129,20211129
20,81013921,"Midland Credit Management, Inc.",2152SC000164,Small Claims,Disposed (Statistical Purposes),20210302,20211202
21,81014128,"Midland Credit Management, Inc.",2064SC000942,Small Claims,Open,20201223,20201223
22,81014322,"Midland Credit Management, Inc.",2014CV000314,Civil,Disposed (Statistical Purposes),20201118,20210610
23,81014367,"Midland Credit Management, Inc.",2064SC000937EF,Small Claims,Open,20201222,20201222
24,81014482,"Midland Credit Management, Inc.",2164SC000751EF,Small Claims,Open,20210816,20210816
25,81014566,"Midland Credit Management, Inc.",2154SC000131,Small Claims,Disposed (Statistical Purposes),20210303,20211202
26,81014562,"Midland Credit Management, Inc.",2025SC000769,Small Claims,Disposed (Statistical Purposes),20201030,20210615
27,81014832,"Midland Credit Management, Inc.",2025SC000608,Small Claims,Disposed (Statistical Purposes),20200901,20210427
28,81014851,"Midland Credit Management, Inc.",2132SC002729,Small Claims,Open,20211129,20211129
29,81015180,"Midland Credit Management, Inc.",2154SC000132,Small Claims,Disposed (Statistical Purposes),20210303,20211202
30,81015563,"Midland Credit Management, Inc.",2069SC000504EF,Small Claims,Open,20201022,20201022
31,81016646,"Midland Credit Management, Inc.",2152SC000166,Small Claims,Open,20210302,20210302
32,81016662,"Midland Credit Management, Inc.",2132SC002728,Small Claims,Open,20211129,20211129
33,81016684,"Midland Credit Management, Inc.",2052SC000107,Small Claims,Disposed (Statistical Purposes),20200204,20210928
34,81017073,"Midland Credit Management, Inc.",2148SC000208,Small Claims,Disposed (Statistical Purposes),20210413,20210923
35,81017080,"Midland Credit Management, Inc.",2069SC000395EF,Small Claims,Open,20200731,20200731
36,81017785,"Midland Credit Management, Inc.",2052SC000104,Small Claims,Disposed (Statistical Purposes),20200204,20211118
37,81018789,"Midland Credit Management, Inc.",2152SC000167,Small Claims,Disposed (Statistical Purposes),20210302,20211202
38,81019658,"Midland Credit Management, Inc.",2152SC000162,Small Claims,Disposed (Statistical Purposes),20210302,20211202
39,81019685,"Midland Credit Management, Inc.",2132SC002730,Small Claims,Open,20211129,20211129
40,81019960,"Midland Credit Management, Inc.",2098SC000355EF,Small Claims,Disposed (Statistical Purposes),20200911,20210108
41,81020023,"Midland Credit Management, Inc.",2169SC000870,Small Claims,Open,20211227,20211227
42,81020136,"Midland Credit Management, Inc.",2132SC002733,Small Claims,Open,20211129,20211129
43,81020803,"Midland Credit Management, Inc.",2154SC000748,Small Claims,Open,20211014,20211014
44,81020953,"Midland Credit Management, Inc.",2052SC000102,Small Claims,Disposed (Statistical Purposes),20200204,20210928
45,81021070,"Midland Credit Management, Inc.",2152SC000161,Small Claims,Disposed (Statistical Purposes),20210302,20211216
46,81021697,"Midland Credit Management, Inc.",2152SC000163,Small Claims,Disposed (Statistical Purposes),20210302,20211202
47,81022628,"Midland Credit Management, Inc.",2152SC000165,Small Claims,Disposed (Statistical Purposes),20210302,20211216
48,81023238,"Midland Credit Management, Inc.",2154SC000751,Small Claims,Open,20211014,20211014
49,81023387,"Midland Credit Management, Inc.",2168SC000505EF,Small Claims,Open,20211122,20211122
0,81023583,"Midland Credit Management, Inc.",2147SC000309,Small Claims,Open,20210818,20210818
1,81023772,"Midland Credit Management, Inc.",2154SC000272,Small Claims,Open,20210421,20210421
2,81024048,"Midland Credit Management, Inc.",2052SC000103,Small Claims,Covid 19 XXX Notice Issued,20200204,20220104
3,81024225,"Midland Credit Management, Inc.",2132SC002579,Small Claims,Open,20211129,20211129
4,81024598,"Midland Credit Management, Inc.",2168SC000504EF,Small Claims,Open,20211122,20211122
5,81024781,"Midland Credit Management, Inc.",2052SC000105,Small Claims,Disposed (Statistical Purposes),20200204,20200213
6,81024789,"Midland Credit Management, Inc.",2232SC000031,Small Claims,Open,20220105,20220105
7,81026361,"Midland Credit Management, Inc.",2164SC000904EF,Small Claims,Open,20210903,20210903
8,81027177,"Midland Credit Management, Inc.",2154SC000166,Small Claims,Disposed (Statistical Purposes),20210305,20211223
9,81027209,"Midland Credit Management, Inc.",2147SC000118,Small Claims,Disposed (Statistical Purposes),20210331,20211012
10,81029297,"Midland Credit Management, Inc.",2225CV000055,Civil,Open,20220124,20220124
11,81030066,"Midland Credit Management, Inc.",2147SC000308,Small Claims,Open,20210818,20210818
12,81030825,"Midland Credit Management, Inc.",2164SC001084EF,Small Claims,Open,20211019,20211019
13,81031091,"Midland Credit Management, Inc.",2064SC000340,Small Claims,Disposed (Statistical Purposes),20200313,20210810
14,81031303,"Midland Credit Management, Inc.",2168SC000128,Small Claims,Disposed (Statistical Purposes),20210409,20210726
15,81032288,"Midland Credit Management, Inc.",2152CV000519,Civil,Open,20210921,20210921
16,81032695,"Midland Credit Management, Inc.",2154SC000165,Small Claims,Disposed (Statistical Purposes),20210305,20211223
17,81032885,"Midland Credit Management, Inc.",2152SC000171,Small Claims,Disposed (Statistical Purposes),20210304,20211202
18,81033252,"Midland Credit Management, Inc.",2064SC000647,Small Claims,Open,20200904,20200904
19,81034264,"Midland Credit Management, Inc.",2152SC000170,Small Claims,Disposed (Statistical Purposes),20210304,20211216
20,81034471,"Midland Credit Management, Inc.",2225SC000058,Small Claims,Open,20220124,20220124
21,81038628,"Midland Credit Management, Inc.",2064SC000645,Small Claims,Disposed (Statistical Purposes),20200904,20211207
22,81039143,"Midland Credit Management, Inc.",2169SC000016,Small Claims,Disposed (Statistical Purposes),20210118,20211215
23,81040365,"Midland Credit Management, Inc.",2025SC000618,Small Claims,Covid 19 XXX Notice Issued,20200904,20201005
24,81040529,"Midland Credit Management, Inc.",2064SC000956EF,Small Claims,Open,20201229,20201229
25,81040889,"Midland Credit Management, Inc.",2168SC000126,Small Claims,Disposed (Statistical Purposes),20210409,20210726
26,81041088,"Midland Credit Management, Inc.",2169SC000015,Small Claims,Disposed (Statistical Purposes),20210118,20211207
27,81041100,"Midland Credit Management, Inc.",2225SC000059,Small Claims,Open,20220124,20220124
28,81041293,"Midland Credit Management, Inc.",2064SC000939EF,Small Claims,Open,20201229,20201229
29,81041748,"Midland Credit Management, Inc.",2064SC000946,Small Claims,Disposed (Statistical Purposes),20201228,20211025
30,81041796,"Midland Credit Management, Inc.",2225SC000060,Small Claims,Open,20220124,20220124
31,81042027,"Midland Credit Management, Inc.",2064SC000633EF,Small Claims,Open,20200904,20200904
32,81042221,"Midland Credit Management, Inc.",2064SC000938EF,Small Claims,Open,20201228,20201228
33,81042551,"Midland Credit Management, Inc.",2064SC000945,Small Claims,Open,20201228,20201228
34,81043582,"Midland Credit Management, Inc.",2064SC000632EF,Small Claims,Open,20200904,20200904
35,81043665,"Midland Credit Management, Inc.",2154SC000167,Small Claims,Disposed (Statistical Purposes),20210305,20220118
36,81043826,"Midland Credit Management, Inc.",2064SC000947,Small Claims,Disposed (Statistical Purposes),20201228,20211109
37,81044659,"Midland Credit Management, Inc.",2154SC000141,Small Claims,Disposed (Statistical Purposes),20210305,20211214
38,81045260,"Midland Credit Management, Inc.",2152SC000169,Small Claims,Disposed (Statistical Purposes),20210304,20220207
39,81047005,"Midland Credit Management, Inc.",2164SC001082EF,Small Claims,Open,20211019,20211019
40,81047179,"Midland Credit Management, Inc.",2154SC000235,Small Claims,Open,20210409,20210409
41,81048252,"Midland Credit Management, Inc.",2054SC000810,Small Claims,Open,20201123,20201123
42,81050365,"Midland Credit Management, Inc.",2164SC000906EF,Small Claims,Open,20210906,20210906
43,81051707,"Midland Credit Management, Inc.",2064SC000646,Small Claims,Disposed (Statistical Purposes),20200904,20211207
44,81052450,"Midland Credit Management, Inc.",2168SC000509EF,Small Claims,Open,20211126,20211126
45,81054939,"Midland Credit Management, Inc.",2154CV000559,Civil,Disposed (Statistical Purposes),20211018,20220111
46,81056050,"Midland Credit Management, Inc.",2164SC001083EF,Small Claims,Open,20211019,20211019
47,81056778,"Midland Credit Management, Inc.",2264SC000106EF,Small Claims,Open,20220203,20220203
48,81056837,"Midland Credit Management, Inc.",2064SC000957EF,Small Claims,Open,20201230,20201230
49,81057277,"Midland Credit Management, Inc.",2064SC000959EF,Small Claims,Open,20201230,20201230
0,81059104,"Midland Credit Management, Inc.",2069SC000300,Small Claims,Disposed (Statistical Purposes),20200622,20210416
1,81059228,"Midland Credit Management, Inc.",2264SC000107EF,Small Claims,Open,20220203,20220203
2,81060033,"Midland Credit Management, Inc.",2164SC000183EF,Small Claims,Open,20210309,20210309
3,81060326,"Midland Credit Management, Inc.",2168SC000068EF,Small Claims,Disposed (Statistical Purposes),20210222,20210421
4,81060366,"Midland Credit Management, Inc.",2168SC000513EF,Small Claims,Open,20211129,20211129
5,81060957,"Midland Credit Management, Inc.",2164SC000238,Small Claims,Open,20210308,20210308
6,81061349,"Midland Credit Management, Inc.",2164SC000237,Small Claims,Open,20210308,20210308
7,81061674,"Midland Credit Management, Inc.",2154SC000284,Small Claims,Disposed (Statistical Purposes),20210426,20211115
8,81061809,"Midland Credit Management, Inc.",2052SC000124,Small Claims,Covid 19 XXX Notice Issued,20200211,20220114
9,81063005,"Midland Credit Management, Inc.",2148SC000091,Small Claims,Disposed (Statistical Purposes),20210217,20210805
10,81063790,"Midland Credit Management, Inc.",2154SC000283,Small Claims,Open,20210426,20210426
11,81064263,"Midland Credit Management, Inc.",2147SC000019,Small Claims,Covid 19 XXX Notice Issued,20210114,20210618
12,81064715,"Midland Credit Management, Inc.",2052SC000123,Small Claims,Covid 19 XXX Notice Issued,20200210,20220114
13,81065078,"Midland Credit Management, Inc.",2069SC000526EF,Small Claims,Open,20201030,20201030
14,81065831,"Midland Credit Management, Inc.",2147SC000124,Small Claims,Disposed (Statistical Purposes),20210401,20211019
15,81066226,"Midland Credit Management, Inc.",2154SC000285,Small Claims,Open,20210426,20210426
16,81066515,"Midland Credit Management, Inc.",2154SC000282,Small Claims,Open,20210426,20210426
17,81066731,"Midland Credit Management, Inc.",2115SC003129,Small Claims,Open,20211214,20211214
18,81066858,"Midland Credit Management, Inc.",2025SC000771,Small Claims,Disposed (Statistical Purposes),20201102,20210615
19,81067178,"Midland Credit Management, Inc.",2069SC000524EF,Small Claims,Disposed (Statistical Purposes),20201029,20211116
20,81068037,"Midland Credit Management, Inc.",2164SC000106,Small Claims,Disposed (Statistical Purposes),20210205,20211223
21,81068130,"Midland Credit Management, Inc.",2164SC000940,Small Claims,Disposed (Statistical Purposes),20210907,20211013
22,81068271,"Midland Credit Management, Inc.",2014SC000996,Small Claims,Open,20201123,20201123
23,81068806,"Midland Credit Management, Inc.",2164SC000914,Small Claims,Open,20210819,20210819
24,81069459,"Midland Credit Management, Inc.",2052SC000126,Small Claims,Covid 19 XXX Notice Issued,20200211,20200610
25,81070239,"Midland Credit Management, Inc.",2164SC000185EF,Small Claims,Open,20210309,20210309
26,81070273,"Midland Credit Management, Inc.",2164SC000915EF,Small Claims,Open,20210907,20210907
27,81070567,"Midland Credit Management, Inc.",2025SC000772,Small Claims,Disposed (Statistical Purposes),20201103,20210615
28,81070974,"Midland Credit Management, Inc.",2169SC000019,Small Claims,Disposed (Statistical Purposes),20210119,20210804
29,81071235,"Midland Credit Management, Inc.",2164SC000782EF,Small Claims,Open,20210818,20210818
30,81072950,"Midland Credit Management, Inc.",2164SC000307,Small Claims,Open,20210401,20210401
31,81073511,"Midland Credit Management, Inc.",2148CV000022,Civil,Disposed (Statistical Purposes),20210120,20210609
32,81073695,"Midland Credit Management, Inc.",2164SC000297EF,Small Claims,Disposed (Statistical Purposes),20210401,20220106
33,81073998,"Midland Credit Management, Inc.",2169SC000017,Small Claims,Disposed (Statistical Purposes),20210119,20211207
34,81074187,"Midland Credit Management, Inc.",2148CV000021,Civil,Disposed (Statistical Purposes),20210120,20210609
35,81074229,"Midland Credit Management, Inc.",2225CV000058,Civil,Open,20220128,20220128
36,81074363,"Midland Credit Management, Inc.",2168SC000515EF,Small Claims,Open,20211130,20211130
37,81074900,"Midland Credit Management, Inc.",2164SC000313,Small Claims,Disposed (Statistical Purposes),20210402,20210511
38,81075261,"Midland Credit Management, Inc.",2154SC000147,Small Claims,Disposed (Statistical Purposes),20210309,20211217
39,81075617,"Midland Credit Management, Inc.",2148SC000021,Small Claims,Disposed (Statistical Purposes),20210119,20211021
40,81075939,"Midland Credit Management, Inc.",2168SC000518,Small Claims,Open,20211130,20211130
41,81076882,"Midland Credit Management, Inc.",2052SC000122,Small Claims,Covid 19 XXX Notice Issued,20200210,20220114
42,81077178,"Midland Credit Management, Inc.",2115SC003130,Small Claims,Open,20211214,20211214
43,81077367,"Midland Credit Management, Inc.",2164SC000001EF,Small Claims,Disposed (Statistical Purposes),20210101,20211208
44,81077467,"Midland Credit Management, Inc.",2154SC000768,Small Claims,Open,20211020,20211020
45,81077492,"Midland Credit Management, Inc.",2025SC000773,Small Claims,Disposed (Statistical Purposes),20201103,20210615
46,81077548,"Midland Credit Management, Inc.",2098SC000453EF,Small Claims,Disposed (Statistical Purposes),20201119,20210219
47,81079819,"Midland Credit Management, Inc.",2154SC000288,Small Claims,Open,20210427,20210427
48,81079862,"Midland Credit Management, Inc.",2168SC000517,Small Claims,Open,20211130,20211130
49,81079866,"Midland Credit Management, Inc.",2052SC000125,Small Claims,Covid 19 XXX Notice Issued,20200211,20220114
0,81081425,"Midland Credit Management, Inc.",2232SC000096,Small Claims,Open,20220131,20220131
1,81082649,"Midland Credit Management, Inc.",2152CV000529,Civil,Open,20210928,20210928
2,81082699,"Midland Credit Management, Inc.",2148SC000505,Small Claims,Open,20210830,20210830
3,81084067,"Midland Credit Management, Inc.",2152CV000142,Civil,Open,20210311,20210311
4,81084318,"Midland Credit Management, Inc.",2232SC000098,Small Claims,Open,20220131,20220131
5,81084475,"Midland Credit Management, Inc.",2164SC000946,Small Claims,Open,20210909,20210909
6,81085816,"Midland Credit Management, Inc.",2148SC000092,Small Claims,Disposed (Statistical Purposes),20210218,20210805
7,81087909,"Midland Credit Management, Inc.",2164SC000002EF,Small Claims,Open,20210104,20210104
8,81088617,"Midland Credit Management, Inc.",2164SC000783EF,Small Claims,Open,20210818,20210818
9,81088955,"Midland Credit Management, Inc.",2168SC000522,Small Claims,Open,20211202,20211202
10,81089063,"Midland Credit Management, Inc.",2154SC000071,Small Claims,Disposed (Statistical Purposes),20210203,20210727
11,81089162,"Midland Credit Management, Inc.",2264SC000116,Small Claims,Open,20220207,20220207
12,81090680,"Midland Credit Management, Inc.",2025SC000639,Small Claims,Disposed (Statistical Purposes),20200909,20210514
13,81090770,"Midland Credit Management, Inc.",2169SC000565,Small Claims,Open,20210817,20210817
14,81092851,"Midland Credit Management, Inc.",2069SC000569,Small Claims,Disposed (Statistical Purposes),20201125,20211118
15,81093207,"Midland Credit Management, Inc.",2169SC000545,Small Claims,Open,20210816,20210816
16,81094344,"Midland Credit Management, Inc.",2014SC001002,Small Claims,Open,20201125,20201125
17,81094538,"Midland Credit Management, Inc.",2147SC000021,Small Claims,Covid 19 XXX Notice Issued,20210118,20210618
18,81096338,"Midland Credit Management, Inc.",2148SC000023,Small Claims,Disposed (Statistical Purposes),20210122,20211007
19,81097607,"Midland Credit Management, Inc.",2148SC000022,Small Claims,Disposed (Statistical Purposes),20210122,20210524
20,81099125,"Midland Credit Management, Inc.",2089SC000376,Small Claims,Disposed (Statistical Purposes),20200615,20200923
21,81100355,"Midland Credit Management, Inc.",1952SC000883,Small Claims,Disposed (Statistical Purposes),20191231,20200122
22,81100859,"Midland Credit Management, Inc.",2232SC000104,Small Claims,Open,20220203,20220203
23,81101063,"Midland Credit Management, Inc.",2098SC000367EF,Small Claims,Disposed (Statistical Purposes),20200917,20210122
24,81101141,"Midland Credit Management, Inc.",2064SC000649,Small Claims,Open,20200908,20200908
25,81101337,"Midland Credit Management, Inc.",2132SC002740,Small Claims,Open,20211202,20211202
26,81101722,"Midland Credit Management, Inc.",2089SC000576,Small Claims,Disposed (Statistical Purposes),20201203,20210623
27,81101896,"Midland Credit Management, Inc.",2064SC000654,Small Claims,Open,20200908,20200908
28,81102749,"Midland Credit Management, Inc.",2064SC000634EF,Small Claims,Disposed (Statistical Purposes),20200908,20220107
29,81103068,"Midland Credit Management, Inc.",2098SC000369EF,Small Claims,Disposed (Statistical Purposes),20200918,20201102
30,81103933,"Midland Credit Management, Inc.",2064SC000651,Small Claims,Disposed (Statistical Purposes),20200908,20211207
31,81103988,"Midland Credit Management, Inc.",2089SC000377,Small Claims,Disposed (Statistical Purposes),20200615,20200923
32,81104750,"Midland Credit Management, Inc.",2064SC000653,Small Claims,Disposed (Statistical Purposes),20200908,20211207
33,81104862,"Midland Credit Management, Inc.",2168SC000524,Small Claims,Open,20211207,20211207
34,81105263,"Midland Credit Management, Inc.",2025SC000641,Small Claims,Open,20200911,20200911
35,81105500,"Midland Credit Management, Inc.",1914SC002133,Small Claims,Disposed (Statistical Purposes),20191211,20200325
36,81106260,"Midland Credit Management, Inc.",2132SC002738,Small Claims,Open,20211202,20211202
37,81106390,"Midland Credit Management, Inc.",2025SC000640,Small Claims,Disposed (Statistical Purposes),20200911,20210511
38,81106687,"Midland Credit Management, Inc.",2064SC000652,Small Claims,Disposed (Statistical Purposes),20200908,20211019
39,81107224,"Midland Credit Management, Inc.",2147SC000024,Small Claims,Covid 19 XXX Notice Issued,20210119,20210618
40,81107923,"Midland Credit Management, Inc.",2168CV000157,Civil,Open,20211013,20211013
41,81108023,"Midland Credit Management, Inc.",2064SC000655,Small Claims,Disposed (Statistical Purposes),20200908,20211207
42,81108583,"Midland Credit Management, Inc.",2154SC000081,Small Claims,Disposed (Statistical Purposes),20210205,20211123
43,81108859,"Midland Credit Management, Inc.",2163SC000334,Small Claims,Open,20210929,20210929
44,81111918,"Midland Credit Management, Inc.",2168SC000528,Small Claims,Open,20211207,20211207
45,81113162,"Midland Credit Management, Inc.",2168SC000525,Small Claims,Open,20211207,20211207
46,81113520,"Midland Credit Management, Inc.",2232CV000138,Civil,Open,20220203,20220203
47,81113499,"Midland Credit Management, Inc.",2064SC000648,Small Claims,Disposed (Statistical Purposes),20200908,20211207
48,81113734,"Midland Credit Management, Inc.",2164SC000005EF,Small Claims,Open,20210105,20210105
49,81114230,"Midland Credit Management, Inc.",2163SC000343EF,Small Claims,Open,20211001,20211001
0,81114325,"Midland Credit Management, Inc.",2163SC000344EF,Small Claims,Open,20211001,20211001
1,81114670,"Midland Credit Management, Inc.",2168SC000529,Small Claims,Open,20211207,20211207
2,81114922,"Midland Credit Management, Inc.",2164SC001117,Small Claims,Open,20211022,20211022
3,81115069,"Midland Credit Management, Inc.",2020SC000527,Small Claims,Disposed (Statistical Purposes),20200831,20220114
4,81115792,"Midland Credit Management, Inc.",2069SC000532EF,Small Claims,Disposed (Statistical Purposes),20201104,20211102
5,81116228,"Midland Credit Management, Inc.",2147SC000318,Small Claims,Open,20210827,20210827
6,81116622,"Midland Credit Management, Inc.",2132SC002743,Small Claims,Open,20211202,20211202
7,81116701,"Midland Credit Management, Inc.",2141SC000019,Small Claims,Open,20210119,20210119
8,81116944,"Midland Credit Management, Inc.",2069SC000533EF,Small Claims,Disposed (Statistical Purposes),20201105,20211123
9,81118001,"Midland Credit Management, Inc.",2132SC002744,Small Claims,Open,20211202,20211202
10,81119542,"Midland Credit Management, Inc.",2089SC000577,Small Claims,Disposed (Statistical Purposes),20201207,20210623
11,81119739,"Midland Credit Management, Inc.",2020SC000526,Small Claims,Disposed (Statistical Purposes),20200831,20220114
12,81120075,"Midland Credit Management, Inc.",2164SC000109,Small Claims,Open,20210208,20210208
13,81122063,"Midland Credit Management, Inc.",2147SC000130,Small Claims,Disposed (Statistical Purposes),20210409,20211026
14,81123230,"Midland Credit Management, Inc.",2035SC000127,Small Claims,Closed,20201102,20211118
15,81123269,"Midland Credit Management, Inc.",2164SC000108,Small Claims,Open,20210208,20210208
16,81123530,"Midland Credit Management, Inc.",2098SC000396,Small Claims,Disposed (Statistical Purposes),20201019,20210318
17,81124020,"Midland Credit Management, Inc.",2168SC000079,Small Claims,Disposed (Statistical Purposes),20210304,20210712
18,81124391,"Midland Credit Management, Inc.",2118SC002268,Small Claims,Open,20211122,20211122
19,81124853,"Midland Credit Management, Inc.",2263SC000003,Small Claims,Open,20220105,20220105
20,81125653,"Midland Credit Management, Inc.",2164SC001118,Small Claims,Disposed (Statistical Purposes),20211022,20211117
21,81126417,"Midland Credit Management, Inc.",2118SC002266,Small Claims,Open,20211122,20211122
22,81127045,"Midland Credit Management, Inc.",2018SC001009,Small Claims,Disposed (Statistical Purposes),20200625,20210830
23,81127301,"Midland Credit Management, Inc.",2064SC000638EF,Small Claims,Disposed (Statistical Purposes),20200910,20210504
24,81127626,"Midland Credit Management, Inc.",2064SC000637EF,Small Claims,Disposed (Statistical Purposes),20200910,20211207
25,81127998,"Midland Credit Management, Inc.",2098SC000458EF,Small Claims,Disposed (Statistical Purposes),20201124,20201231
26,81127918,"Midland Credit Management, Inc.",2064SC000639EF,Small Claims,Disposed (Statistical Purposes),20200910,20211207
27,81129012,"Midland Credit Management, Inc.",2098SC000460EF,Small Claims,Disposed (Statistical Purposes),20201125,20210219
28,81129057,"Midland Credit Management, Inc.",2069SC000043,Small Claims,Disposed (Statistical Purposes),20200130,20200518
29,81129602,"Midland Credit Management, Inc.",2118SC002269,Small Claims,Open,20211122,20211122
30,81130496,"Midland Credit Management, Inc.",2164SC001121,Small Claims,Open,20211022,20211022
31,81130951,"Midland Credit Management, Inc.",2058SC000537,Small Claims,Disposed (Statistical Purposes),20200921,20210319
32,81131222,"Midland Credit Management, Inc.",2054SC000752,Small Claims,Disposed (Statistical Purposes),20201103,20210720
33,81131260,"Midland Credit Management, Inc.",2132SC000223,Small Claims,Disposed (Statistical Purposes),20210218,20210325
34,81131986,"Midland Credit Management, Inc.",2164SC000964EF,Small Claims,Open,20210916,20210916
35,81132097,"Midland Credit Management, Inc.",2098SC000456EF,Small Claims,Open,20201124,20201124
36,81132361,"Midland Credit Management, Inc.",2132SC002741,Small Claims,Open,20211202,20211202
37,81133430,"Midland Credit Management, Inc.",2132SC000224,Small Claims,Disposed (Statistical Purposes),20210218,20211019
38,81133493,"Midland Credit Management, Inc.",2118SC002270,Small Claims,Open,20211122,20211122
39,81133771,"Midland Credit Management, Inc.",2164SC000110,Small Claims,Open,20210208,20210208
40,81133798,"Midland Credit Management, Inc.",2152CV000537,Civil,Open,20211004,20211004
41,81133882,"Midland Credit Management, Inc.",2132SC002737,Small Claims,Open,20211202,20211202
42,81134225,"Midland Credit Management, Inc.",2064SC000672,Small Claims,Open,20200911,20200911
43,81134313,"Midland Credit Management, Inc.",2064SC000676,Small Claims,Disposed (Statistical Purposes),20200911,20211214
44,81136633,"Midland Credit Management, Inc.",2058SC000533,Small Claims,Disposed (Statistical Purposes),20200921,20210319
45,81137010,"Midland Credit Management, Inc.",2058SC000531,Small Claims,Disposed (Statistical Purposes),20200921,20210319
46,81137277,"Midland Credit Management, Inc.",2058SC000538,Small Claims,Disposed (Statistical Purposes),20200921,20210319
47,81137635,"Midland Credit Management, Inc.",2054SC000754,Small Claims,Open,20201104,20201104
48,81138506,"Midland Credit Management, Inc.",2054SC000827,Small Claims,Disposed (Statistical Purposes),20201201,20210421
49,81138858,"Midland Credit Management, Inc.",2089SC000585,Small Claims,Disposed (Statistical Purposes),20201209,20210623
0,81139148,"Midland Credit Management, Inc.",2164SC000303EF,Small Claims,Open,20210409,20210409
1,81139266,"Midland Credit Management, Inc.",2032SC000631,Small Claims,Disposed (Statistical Purposes),20200305,20200610
2,81139672,"Midland Credit Management, Inc.",2089SC000578,Small Claims,Disposed (Statistical Purposes),20201208,20210728
3,81139913,"Midland Credit Management, Inc.",2154SC000174,Small Claims,Disposed (Statistical Purposes),20210315,20211216
4,81139974,"Midland Credit Management, Inc.",2058SC000515,Small Claims,Disposed (Statistical Purposes),20200922,20210917
5,81140257,"Midland Credit Management, Inc.",2089SC000579,Small Claims,Disposed (Statistical Purposes),20201208,20210623
6,81141517,"Midland Credit Management, Inc.",2064SC000640EF,Small Claims,Disposed (Statistical Purposes),20200914,20211207
7,81141587,"Midland Credit Management, Inc.",2089SC000584,Small Claims,Open,20201209,20201209
8,81142446,"Midland Credit Management, Inc.",2132SC002736,Small Claims,Open,20211202,20211202
9,81142633,"Midland Credit Management, Inc.",2032SC000630,Small Claims,Covid 19 XXX Notice Issued,20200305,20201228
10,81143399,"Midland Credit Management, Inc.",2168SC000143,Small Claims,Disposed (Statistical Purposes),20210422,20210816
11,81144859,"Midland Credit Management, Inc.",2169SC000803,Small Claims,Open,20211122,20211122
12,81145078,"Midland Credit Management, Inc.",2154CV000163,Civil,Open,20210315,20210315
13,81145361,"Midland Credit Management, Inc.",2020SC000208,Small Claims,Open,20200310,20200310
14,81145963,"Midland Credit Management, Inc.",2016SC000518EF,Small Claims,Disposed (Statistical Purposes),20201030,20210503
15,81146800,"Midland Credit Management, Inc.",2169SC000807,Small Claims,Open,20211122,20211122
16,81148191,"Midland Credit Management, Inc.",2020SC000462,Small Claims,Open,20200901,20200901
17,81148604,"Midland Credit Management, Inc.",2118SC002290,Small Claims,Open,20211124,20211124
18,81149236,"Midland Credit Management, Inc.",2169SC000809,Small Claims,Open,20211122,20211122
19,81150480,"Midland Credit Management, Inc.",2154SC000639,Small Claims,Open,20210830,20210830
20,81151801,"Midland Credit Management, Inc.",2164SC000970EF,Small Claims,Open,20210920,20210920
21,81152061,"Midland Credit Management, Inc.",2141SC000028,Small Claims,Disposed (Statistical Purposes),20210128,20220121
22,81152197,"Midland Credit Management, Inc.",2141SC000027,Small Claims,Open,20210128,20210128
23,81152485,"Midland Credit Management, Inc.",2141SC000026,Small Claims,Disposed (Statistical Purposes),20210128,20220119
24,81152728,"Midland Credit Management, Inc.",2016SC000514EF,Small Claims,Disposed (Statistical Purposes),20201029,20210503
25,81153968,"Midland Credit Management, Inc.",2020SC000461,Small Claims,Open,20200901,20200901
26,81154128,"Midland Credit Management, Inc.",2164SC000132,Small Claims,Open,20210210,20210210
27,81154183,"Midland Credit Management, Inc.",2098SC000370EF,Small Claims,Disposed (Statistical Purposes),20200923,20210129
28,81154480,"Midland Credit Management, Inc.",2147SC000035,Small Claims,Covid 19 XXX Notice Issued,20210128,20210707
29,81155020,"Midland Credit Management, Inc.",2163SC000132,Small Claims,Open,20210428,20210428
30,81155222,"Midland Credit Management, Inc.",2164SC000123,Small Claims,Open,20210210,20210210
31,81155519,"Midland Credit Management, Inc.",2054SC000829,Small Claims,Disposed (Statistical Purposes),20201202,20210722
32,81156129,"Midland Credit Management, Inc.",2164SC000129,Small Claims,Open,20210210,20210210
33,81156309,"Midland Credit Management, Inc.",2164SC000020EF,Small Claims,Open,20210108,20210108
34,81156752,"Midland Credit Management, Inc.",2164SC000969EF,Small Claims,Open,20210920,20210920
35,81156795,"Midland Credit Management, Inc.",2069SC000582,Small Claims,Disposed (Statistical Purposes),20201207,20211026
36,81157089,"Midland Credit Management, Inc.",2163SC000133,Small Claims,Disposed (Statistical Purposes),20210428,20211115
37,81157111,"Midland Credit Management, Inc.",2164SC000124,Small Claims,Disposed (Statistical Purposes),20210210,20211224
38,81157421,"Midland Credit Management, Inc.",2020SC000209,Small Claims,Disposed (Statistical Purposes),20200310,20211123
39,81157596,"Midland Credit Management, Inc.",2054SC000828,Small Claims,Disposed (Statistical Purposes),20201202,20210707
40,81158089,"Midland Credit Management, Inc.",2164SC000134,Small Claims,Open,20210210,20210210
41,81158802,"Midland Credit Management, Inc.",2163SC000129,Small Claims,Open,20210428,20210428
42,81158848,"Midland Credit Management, Inc.",2147SC000031,Small Claims,Covid 19 XXX Notice Issued,20210127,20210618
43,81159509,"Midland Credit Management, Inc.",2168SC000434,Small Claims,Disposed (Statistical Purposes),20211021,20220120
44,81160318,"Midland Credit Management, Inc.",2164SC000131,Small Claims,Open,20210210,20210210
45,81160846,"Midland Credit Management, Inc.",2118SC002293,Small Claims,Open,20211126,20211126
46,81160967,"Midland Credit Management, Inc.",2164SC000971EF,Small Claims,Open,20210920,20210920
47,81161409,"Midland Credit Management, Inc.",2069SC000429EF,Small Claims,Disposed (Statistical Purposes),20200831,20211118
48,81161613,"Midland Credit Management, Inc.",2164SC000128,Small Claims,Open,20210210,20210210
49,81161861,"Midland Credit Management, Inc.",2132SC000228,Small Claims,Disposed (Statistical Purposes),20210222,20210408
0,81162847,"Midland Credit Management, Inc.",2138SC000001,Small Claims,Disposed (Statistical Purposes),20210101,20211214
1,81163038,"Midland Credit Management, Inc.",2132SC002836,Small Claims,Open,20211221,20211221
2,81163174,"Midland Credit Management, Inc.",2149CV000256,Civil,Open,20210514,20210514
3,81163779,"Midland Credit Management, Inc.",2164SC000130,Small Claims,Open,20210210,20210210
4,81164083,"Midland Credit Management, Inc.",2132SC000229,Small Claims,Disposed (Statistical Purposes),20210222,20211020
5,81165267,"Midland Credit Management, Inc.",2164SC000122,Small Claims,Disposed (Statistical Purposes),20210210,20210329
6,81165938,"Midland Credit Management, Inc.",2014SC001008,Small Claims,Open,20201201,20201201
7,81167563,"Midland Credit Management, Inc.",2164SC000125,Small Claims,Open,20210210,20210210
8,81167701,"Midland Credit Management, Inc.",2164SC000120,Small Claims,Disposed (Statistical Purposes),20210210,20211109
9,81167927,"Midland Credit Management, Inc.",2064SC000668EF,Small Claims,Open,20200917,20200917
10,81168508,"Midland Credit Management, Inc.",2298CV000019,Civil,Open,20220125,20220125
11,81169116,"Midland Credit Management, Inc.",2164SC000117,Small Claims,Open,20210210,20210210
12,81169321,"Midland Credit Management, Inc.",2164SC000116,Small Claims,Open,20210210,20210210
13,81170130,"Midland Credit Management, Inc.",2105SC000497,Small Claims,Open,20210907,20210907
14,81170265,"Midland Credit Management, Inc.",2164SC000802EF,Small Claims,Open,20210827,20210827
15,81170323,"Midland Credit Management, Inc.",2164SC000118,Small Claims,Open,20210210,20210210
16,81170431,"Midland Credit Management, Inc.",2105SC000498,Small Claims,Open,20210907,20210907
17,81170612,"Midland Credit Management, Inc.",2064CV000160,Civil,Disposed (Statistical Purposes),20200917,20210106
18,81170712,"Midland Credit Management, Inc.",2164SC000135,Small Claims,Open,20210210,20210210
19,81170949,"Midland Credit Management, Inc.",2118SC002298,Small Claims,Open,20211126,20211126
20,81171608,"Midland Credit Management, Inc.",2164SC000119,Small Claims,Open,20210210,20210210
21,81171954,"Midland Credit Management, Inc.",2164SC000121,Small Claims,Open,20210210,20210210
22,81172088,"Midland Credit Management, Inc.",2169SC000584,Small Claims,Open,20210827,20210827
23,81172112,"Midland Credit Management, Inc.",2016SC000525EF,Small Claims,Disposed (Statistical Purposes),20201103,20210301
24,81172797,"Midland Credit Management, Inc.",2069SC000591,Small Claims,Disposed (Statistical Purposes),20201209,20211123
25,81172933,"Midland Credit Management, Inc.",2098SC000472EF,Small Claims,Disposed (Statistical Purposes),20201203,20210305
26,81174261,"Midland Credit Management, Inc.",2163SC000363EF,Small Claims,Open,20211014,20211014
27,81175350,"Midland Credit Management, Inc.",2058SC000544,Small Claims,Disposed (Statistical Purposes),20200928,20210305
28,81177081,"Midland Credit Management, Inc.",2168SC000151,Small Claims,Disposed (Statistical Purposes),20210428,20210816
29,81177134,"Midland Credit Management, Inc.",2058SC000545,Small Claims,Open,20200928,20200928
30,81177465,"Midland Credit Management, Inc.",2132SC001670,Small Claims,Open,20210927,20210927
31,81179466,"Midland Credit Management, Inc.",2164SC000976EF,Small Claims,Open,20210921,20210921
32,81179988,"Midland Credit Management, Inc.",2132SC002319,Small Claims,Open,20210927,20210927
33,81180427,"Midland Credit Management, Inc.",2164SC000978EF,Small Claims,Open,20210921,20210921
34,81180828,"Midland Credit Management, Inc.",2141SC000036,Small Claims,Open,20210202,20210202
35,81181107,"Midland Credit Management, Inc.",2141SC000035,Small Claims,Open,20210202,20210202
36,81181174,"Midland Credit Management, Inc.",2118SC002297,Small Claims,Open,20211129,20211129
37,81181892,"Midland Credit Management, Inc.",2147SC000139,Small Claims,Disposed (Statistical Purposes),20210420,20211109
38,81181938,"Midland Credit Management, Inc.",2141SC000034,Small Claims,Open,20210202,20210202
39,81181981,"Midland Credit Management, Inc.",2118SC002300,Small Claims,Open,20211129,20211129
40,81182625,"Midland Credit Management, Inc.",2132SC002832,Small Claims,Open,20211221,20211221
41,81183264,"Midland Credit Management, Inc.",2132SC000358,Small Claims,Disposed (Statistical Purposes),20210225,20210907
42,81184982,"Midland Credit Management, Inc.",2032SC000927,Small Claims,Disposed (Statistical Purposes),20200608,20210928
43,81185219,"Midland Credit Management, Inc.",2138SC000006,Small Claims,Disposed (Statistical Purposes),20210105,20210914
44,81185864,"Midland Credit Management, Inc.",2032SC000924,Small Claims,Disposed (Statistical Purposes),20200608,20210928
45,81185869,"Midland Credit Management, Inc.",2058SC000521,Small Claims,Disposed (Statistical Purposes),20200929,20210226
46,81186384,"Midland Credit Management, Inc.",2064SC000359,Small Claims,Disposed (Statistical Purposes),20200408,20210325
47,81186432,"Midland Credit Management, Inc.",2132SC000353,Small Claims,Disposed (Statistical Purposes),20210224,20210907
48,81187702,"Midland Credit Management, Inc.",2132SC001669,Small Claims,Open,20210927,20210927
49,81187744,"Midland Credit Management, Inc.",2016SC000526EF,Small Claims,Disposed (Statistical Purposes),20201104,20210301
0,81188203,"Midland Credit Management, Inc.",2032SC000925,Small Claims,Disposed (Statistical Purposes),20200608,20200713
1,81188431,"Midland Credit Management, Inc.",1914SC002169,Small Claims,Disposed (Statistical Purposes),20191217,20211229
2,81189054,"Midland Credit Management, Inc.",2032SC000929,Small Claims,Disposed (Statistical Purposes),20200608,20210929
3,81190354,"Midland Credit Management, Inc.",2032SC000930,Small Claims,Disposed (Statistical Purposes),20200608,20201029
4,81190407,"Midland Credit Management, Inc.",2132SC000357,Small Claims,Disposed (Statistical Purposes),20210225,20210803
5,81191872,"Midland Credit Management, Inc.",2064SC000695,Small Claims,Disposed (Statistical Purposes),20200921,20211223
6,81192155,"Midland Credit Management, Inc.",2032SC000928,Small Claims,Disposed (Statistical Purposes),20200608,20210929
7,81192589,"Midland Credit Management, Inc.",2064SC000674EF,Small Claims,Disposed (Statistical Purposes),20200921,20211214
8,81192631,"Midland Credit Management, Inc.",2032SC000926,Small Claims,Disposed (Statistical Purposes),20200608,20210928
9,81192908,"Midland Credit Management, Inc.",2064SC000665,Small Claims,Open,20200921,20200921
10,81193591,"Midland Credit Management, Inc.",2064SC000669,Small Claims,Disposed (Statistical Purposes),20200921,20211214
11,81193736,"Midland Credit Management, Inc.",2147SC000141,Small Claims,Disposed (Statistical Purposes),20210421,20211109
12,81193747,"Midland Credit Management, Inc.",2064SC000703,Small Claims,Disposed (Statistical Purposes),20200921,20211221
13,81194576,"Midland Credit Management, Inc.",2164SC000341EF,Small Claims,Disposed (Statistical Purposes),20210416,20220120
14,81195041,"Midland Credit Management, Inc.",2064SC000666,Small Claims,Open,20200921,20200921
15,81195138,"Midland Credit Management, Inc.",2132SC002317,Small Claims,Open,20210927,20210927
16,81196116,"Midland Credit Management, Inc.",2132SC000352,Small Claims,Disposed (Statistical Purposes),20210224,20210803
17,81196602,"Midland Credit Management, Inc.",2163SC000372EF,Small Claims,Open,20211019,20211019
18,81196881,"Midland Credit Management, Inc.",2138SC000013,Small Claims,Disposed (Statistical Purposes),20210108,20211214
19,81197943,"Midland Credit Management, Inc.",2154SC000654,Small Claims,Open,20210907,20210907
20,81198018,"Midland Credit Management, Inc.",2032SC000661,Small Claims,Disposed (Statistical Purposes),20200309,20200819
21,81198936,"Midland Credit Management, Inc.",1914SC002164,Small Claims,Disposed (Statistical Purposes),20191217,20211118
22,81199041,"Midland Credit Management, Inc.",2141SC000043,Small Claims,Open,20210209,20210209
23,81199212,"Midland Credit Management, Inc.",2132SC001667,Small Claims,Open,20210927,20210927
24,81199249,"Midland Credit Management, Inc.",2132SC000361,Small Claims,Disposed (Statistical Purposes),20210225,20210803
25,81199876,"Midland Credit Management, Inc.",2164SC000030EF,Small Claims,Disposed (Statistical Purposes),20210114,20220208
26,81200172,"Midland Credit Management, Inc.",2132SC000359,Small Claims,Disposed (Statistical Purposes),20210225,20210803
27,81200323,"Midland Credit Management, Inc.",2132SC001692,Small Claims,Open,20210928,20210928
28,81200562,"Midland Credit Management, Inc.",2014SC001037,Small Claims,Open,20201202,20201202
29,81201893,"Midland Credit Management, Inc.",2014SC001040,Small Claims,Open,20201203,20201203
30,81202211,"Midland Credit Management, Inc.",2064SC000693,Small Claims,Disposed (Statistical Purposes),20200922,20211214
31,81202932,"Midland Credit Management, Inc.",1914SC002163,Small Claims,Disposed (Statistical Purposes),20191217,20211229
32,81203000,"Midland Credit Management, Inc.",2269CV000009,Civil,Open,20220124,20220124
33,81204049,"Midland Credit Management, Inc.",2298SC000031EF,Small Claims,Open,20220203,20220203
34,81204283,"Midland Credit Management, Inc.",2298SC000032EF,Small Claims,Open,20220203,20220203
35,81205028,"Midland Credit Management, Inc.",2163SC000375,Small Claims,Open,20211022,20211025
36,81206586,"Midland Credit Management, Inc.",2098SC000209,Small Claims,Disposed (Statistical Purposes),20200324,20210217
37,81208414,"Midland Credit Management, Inc.",1914SC002165,Small Claims,Covid 19 XXX Notice Issued,20191217,20210929
38,81208660,"Midland Credit Management, Inc.",2269CV000011,Civil,Open,20220124,20220124
39,81209991,"Midland Credit Management, Inc.",2269CV000010,Civil,Open,20220124,20220124
40,81210289,"Midland Credit Management, Inc.",2069SC000437EF,Small Claims,Disposed (Statistical Purposes),20200910,20210827
41,81210537,"Midland Credit Management, Inc.",2152SC000200,Small Claims,Disposed (Statistical Purposes),20210319,20210922
42,81210746,"Midland Credit Management, Inc.",2154SC000666,Small Claims,Open,20210909,20210909
43,81210936,"Midland Credit Management, Inc.",2138SC000016,Small Claims,Disposed (Statistical Purposes),20210111,20211214
44,81211507,"Midland Credit Management, Inc.",2163SC000040,Small Claims,Disposed (Statistical Purposes),20210226,20211013
45,81211597,"Midland Credit Management, Inc.",2169SC000585,Small Claims,Open,20210830,20210830
46,81212326,"Midland Credit Management, Inc.",2089SC000594,Small Claims,Disposed (Statistical Purposes),20201221,20210623
47,81212791,"Midland Credit Management, Inc.",2054SC000845,Small Claims,Disposed (Statistical Purposes),20201211,20210804
48,81213386,"Midland Credit Management, Inc.",2132SC002681,Small Claims,Open,20211117,20211117
49,81213474,"Midland Credit Management, Inc.",2138SC000017,Small Claims,Disposed (Statistical Purposes),20210111,20211214
0,81213938,"Midland Credit Management, Inc.",2138SC000015,Small Claims,Disposed (Statistical Purposes),20210111,20211214
1,81214587,"Midland Credit Management, Inc.",2069SC000436EF,Small Claims,Disposed (Statistical Purposes),20200910,20211026
2,81214922,"Midland Credit Management, Inc.",2132SC002674,Small Claims,Open,20211117,20211117
3,81215601,"Midland Credit Management, Inc.",2034SC000348,Small Claims,Disposed (Statistical Purposes),20200306,20210804
4,81216442,"Midland Credit Management, Inc.",2118SC002467,Small Claims,Open,20211207,20211207
5,81216807,"Midland Credit Management, Inc.",2032SC000663,Small Claims,Covid 19 XXX Notice Issued,20200309,20210114
6,81216893,"Midland Credit Management, Inc.",2118SC002463,Small Claims,Open,20211207,20211207
7,81218385,"Midland Credit Management, Inc.",2168SC000545,Small Claims,Open,20211214,20211214
8,81218400,"Midland Credit Management, Inc.",2164SC000040EF,Small Claims,Disposed (Statistical Purposes),20210115,20210513
9,81218410,"Midland Credit Management, Inc.",2101SC000134,Small Claims,Open,20210204,20210204
10,81218416,"Midland Credit Management, Inc.",2218SC000098,Small Claims,Open,20220121,20220121
11,81219135,"Midland Credit Management, Inc.",2118SC002458,Small Claims,Open,20211206,20211206
12,81219246,"Midland Credit Management, Inc.",2132SC000380,Small Claims,Disposed (Statistical Purposes),20210226,20211108
13,81220367,"Midland Credit Management, Inc.",2118SC002470,Small Claims,Open,20211207,20211207
14,81220444,"Midland Credit Management, Inc.",2098SC000425EF,Small Claims,Disposed (Statistical Purposes),20201029,20210402
15,81220457,"Midland Credit Management, Inc.",2163SC000377,Small Claims,Open,20211025,20211025
16,81220827,"Midland Credit Management, Inc.",2163SC000380,Small Claims,Open,20211025,20211025
17,81220834,"Midland Credit Management, Inc.",2032SC000662,Small Claims,Disposed (Statistical Purposes),20200309,20211021
18,81221119,"Midland Credit Management, Inc.",2118SC002466,Small Claims,Open,20211207,20211207
19,81221239,"Midland Credit Management, Inc.",2132SC000379,Small Claims,Disposed (Statistical Purposes),20210226,20210803
20,81221342,"Midland Credit Management, Inc.",2152SC000662,Small Claims,Open,20211007,20211007
21,81222104,"Midland Credit Management, Inc.",2132SC000378,Small Claims,Disposed (Statistical Purposes),20210226,20210803
22,81222651,"Midland Credit Management, Inc.",2064SC000702,Small Claims,Disposed (Statistical Purposes),20200924,20211221
23,81222973,"Midland Credit Management, Inc.",2168SC000154,Small Claims,Disposed (Statistical Purposes),20210430,20210830
24,81223132,"Midland Credit Management, Inc.",2098SC000002,Small Claims,Suspended Covid 19 extended,20200103,20200401
25,81223171,"Midland Credit Management, Inc.",2218SC000097,Small Claims,Open,20220121,20220121
26,81223224,"Midland Credit Management, Inc.",2138SC000023,Small Claims,Disposed (Statistical Purposes),20210114,20211214
27,81223551,"Midland Credit Management, Inc.",2032SC001332,Small Claims,Covid 19 XXX Notice Issued,20200819,20201228
28,81223891,"Midland Credit Management, Inc.",2032SC001330,Small Claims,Covid 19 XXX Notice Issued,20200819,20201228
29,81223995,"Midland Credit Management, Inc.",2032SC001329,Small Claims,Covid 19 XXX Notice Issued,20200819,20201228
30,81224137,"Midland Credit Management, Inc.",2139SC000332-EF,Small Claims,Disposed (Statistical Purposes),20211004,20211118
31,81224160,"Midland Credit Management, Inc.",2032SC001331,Small Claims,Covid 19 XXX Notice Issued,20200819,20201228
32,81225453,"Midland Credit Management, Inc.",1914SC002182,Small Claims,Disposed (Statistical Purposes),20191218,20211209
33,81225522,"Midland Credit Management, Inc.",2118SC002465,Small Claims,Open,20211207,20211207
34,81225746,"Midland Credit Management, Inc.",2118SC002472,Small Claims,Open,20211207,20211207
35,81226239,"Midland Credit Management, Inc.",2118SC002457,Small Claims,Open,20211206,20211206
36,81226506,"Midland Credit Management, Inc.",2118SC002468,Small Claims,Open,20211207,20211207
37,81226815,"Midland Credit Management, Inc.",2032SC001333,Small Claims,Covid 19 XXX Notice Issued,20200819,20201228
38,81226858,"Midland Credit Management, Inc.",2118SC002464,Small Claims,Open,20211207,20211207
39,81227234,"Midland Credit Management, Inc.",2118SC002471,Small Claims,Open,20211207,20211207
40,81227398,"Midland Credit Management, Inc.",2032SC001328,Small Claims,Covid 19 XXX Notice Issued,20200819,20201228
41,81227971,"Midland Credit Management, Inc.",2132SC001721,Small Claims,Open,20210930,20210930
42,81230293,"Midland Credit Management, Inc.",2132SC001723,Small Claims,Open,20210930,20210930
43,81232749,"Midland Credit Management, Inc.",2147SC000149,Small Claims,Disposed (Statistical Purposes),20210430,20211130
44,81233152,"Midland Credit Management, Inc.",2064SC000830,Small Claims,Disposed (Statistical Purposes),20201028,20220118
45,81233259,"Midland Credit Management, Inc.",2052SC000489,Small Claims,Open,20200917,20200917
46,81234509,"Midland Credit Management, Inc.",2069SC000442EF,Small Claims,Disposed (Statistical Purposes),20200914,20211108
47,81234930,"Midland Credit Management, Inc.",2064SC000762EF,Small Claims,Disposed (Statistical Purposes),20201029,20210622
48,81235004,"Midland Credit Management, Inc.",2218SC000105,Small Claims,Open,20220124,20220124
49,81235471,"Midland Credit Management, Inc.",2132SC002839,Small Claims,Open,20211222,20211222
0,81235555,"Midland Credit Management, Inc.",2089SC000595,Small Claims,Disposed (Statistical Purposes),20201222,20210623
1,81235943,"Midland Credit Management, Inc.",2164SC000187EF,Small Claims,Open,20210315,20210315
2,81236597,"Midland Credit Management, Inc.",2163SC000401,Small Claims,Open,20211028,20211028
3,81237368,"Midland Credit Management, Inc.",2163SC000399,Small Claims,Open,20211028,20211028
4,81238143,"Midland Credit Management, Inc.",2132SC000381,Small Claims,Disposed (Statistical Purposes),20210226,20210802
5,81238291,"Midland Credit Management, Inc.",2163SC000400,Small Claims,Open,20211028,20211028
6,81241276,"Midland Credit Management, Inc.",2163SC000398,Small Claims,Open,20211028,20211028
7,81242165,"Midland Credit Management, Inc.",2147SC000406,Small Claims,Open,20211029,20211029
8,81242741,"Midland Credit Management, Inc.",2054SC000853,Small Claims,Disposed (Statistical Purposes),20201215,20210506
9,81242831,"Midland Credit Management, Inc.",2163SC000402,Small Claims,Open,20211028,20211028
10,81243064,"Midland Credit Management, Inc.",2064SC000712,Small Claims,Disposed (Statistical Purposes),20200925,20211221
11,81243062,"Midland Credit Management, Inc.",2163SC000065,Small Claims,Disposed (Statistical Purposes),20210305,20220110
12,81243081,"Midland Credit Management, Inc.",2032SC000660,Small Claims,Covid 19 XXX Notice Issued,20200309,20210114
13,81243328,"Midland Credit Management, Inc.",2147CV000236,Civil,Open,20211029,20211029
14,81243762,"Midland Credit Management, Inc.",2064SC000716,Small Claims,Open,20200925,20200925
15,81244510,"Midland Credit Management, Inc.",2164SC001130EF,Small Claims,Open,20211028,20211028
16,81244812,"Midland Credit Management, Inc.",2147SC000408,Small Claims,Open,20211029,20211029
17,81245031,"Midland Credit Management, Inc.",2089SC000596,Small Claims,Disposed (Statistical Purposes),20201224,20210623
18,81245422,"Midland Credit Management, Inc.",2163SC000046,Small Claims,Disposed (Statistical Purposes),20210304,20210830
19,81245971,"Midland Credit Management, Inc.",2147CV000235,Civil,Open,20211029,20211029
20,81246643,"Midland Credit Management, Inc.",2163SC000063,Small Claims,Open,20210305,20210305
21,81247260,"Midland Credit Management, Inc.",2064SC000769SC,Small Claims,Open,20201030,20201030
22,81247280,"Midland Credit Management, Inc.",2147SC000407,Small Claims,Open,20211029,20211029
23,81247289,"Midland Credit Management, Inc.",1952SC000840,Small Claims,Open,20191211,20211109
24,81248099,"Midland Credit Management, Inc.",2147SC000405,Small Claims,Open,20211029,20211029
25,81249781,"Midland Credit Management, Inc.",2163SC000050,Small Claims,Disposed (Statistical Purposes),20210304,20211227
26,81250061,"Midland Credit Management, Inc.",2064SC000711,Small Claims,Open,20200928,20200928
27,81250382,"Midland Credit Management, Inc.",2064SC000717EF,Small Claims,Disposed (Statistical Purposes),20200928,20211221
28,81250458,"Midland Credit Management, Inc.",2132SC000441,Small Claims,Disposed (Statistical Purposes),20210301,20210804
29,81251161,"Midland Credit Management, Inc.",2064SC000709,Small Claims,Disposed (Statistical Purposes),20200928,20220110
30,81251828,"Midland Credit Management, Inc.",2064SC000768EF,Small Claims,Disposed (Statistical Purposes),20201030,20220111
31,81252297,"Midland Credit Management, Inc.",2064SC000708,Small Claims,Disposed (Statistical Purposes),20200928,20211221
32,81252576,"Midland Credit Management, Inc.",2132SC000434,Small Claims,Disposed (Statistical Purposes),20210301,20210804
33,81252990,"Midland Credit Management, Inc.",2054SC000857,Small Claims,Disposed (Statistical Purposes),20201217,20210622
34,81253353,"Midland Credit Management, Inc.",2163SC000044,Small Claims,Disposed (Statistical Purposes),20210304,20211213
35,81253371,"Midland Credit Management, Inc.",2164SC001023,Small Claims,Open,20210929,20210929
36,81253737,"Midland Credit Management, Inc.",2064SC000763EF,Small Claims,Disposed (Statistical Purposes),20201029,20220111
37,81254002,"Midland Credit Management, Inc.",2132SC000433,Small Claims,Disposed (Statistical Purposes),20210301,20210804
38,81254141,"Midland Credit Management, Inc.",2164SC000991EF,Small Claims,Open,20210929,20210929
39,81254545,"Midland Credit Management, Inc.",2064SC000710,Small Claims,Open,20200928,20200928
40,81254914,"Midland Credit Management, Inc.",2154SC000025,Small Claims,Disposed (Statistical Purposes),20210118,20210927
41,81255366,"Midland Credit Management, Inc.",2132SC000432,Small Claims,Disposed (Statistical Purposes),20210301,20211109
42,81255927,"Midland Credit Management, Inc.",2163SC000049,Small Claims,Disposed (Statistical Purposes),20210304,20211229
43,81256241,"Midland Credit Management, Inc.",2038SC000758,Small Claims,Disposed (Statistical Purposes),20201119,20210910
44,81256861,"Midland Credit Management, Inc.",2020SC000470,Small Claims,Open,20200910,20200910
45,81257034,"Midland Credit Management, Inc.",2132SC000438,Small Claims,Disposed (Statistical Purposes),20210301,20210804
46,81257372,"Midland Credit Management, Inc.",2020SC000469,Small Claims,Open,20200910,20200910
47,81258177,"Midland Credit Management, Inc.",2132SC000436,Small Claims,Disposed (Statistical Purposes),20210301,20210804
48,81258738,"Midland Credit Management, Inc.",2164SC001020,Small Claims,Open,20210929,20210929
49,81259024,"Midland Credit Management, Inc.",2038SC000759,Small Claims,Disposed (Statistical Purposes),20201119,20211117
0,81259575,"Midland Credit Management, Inc.",2164SC001022,Small Claims,Open,20210929,20210929
1,81260189,"Midland Credit Management, Inc.",2163SC000052,Small Claims,Disposed (Statistical Purposes),20210304,20211227
2,81260693,"Midland Credit Management, Inc.",2218SC000108,Small Claims,Open,20220127,20220127
3,81260765,"Midland Credit Management, Inc.",2163SC000061,Small Claims,Open,20210305,20210305
4,81261204,"Midland Credit Management, Inc.",2089SC000600,Small Claims,Disposed (Statistical Purposes),20201229,20210714
5,81261339,"Midland Credit Management, Inc.",2069SC000454EF,Small Claims,Disposed (Statistical Purposes),20200917,20211026
6,81262032,"Midland Credit Management, Inc.",2169SC000603,Small Claims,Open,20210906,20210906
7,81262399,"Midland Credit Management, Inc.",2163SC000048,Small Claims,Disposed (Statistical Purposes),20210304,20211227
8,81262419,"Midland Credit Management, Inc.",2138SC000030,Small Claims,Disposed (Statistical Purposes),20210119,20211221
9,81263355,"Midland Credit Management, Inc.",2089SC000599,Small Claims,Disposed (Statistical Purposes),20201229,20210623
10,81263529,"Midland Credit Management, Inc.",2218SC000109,Small Claims,Open,20220127,20220127
11,81263748,"Midland Credit Management, Inc.",2069SC000453EF,Small Claims,Disposed (Statistical Purposes),20200917,20211026
12,81264188,"Midland Credit Management, Inc.",2089SC000597,Small Claims,Disposed (Statistical Purposes),20201228,20210728
13,81264691,"Midland Credit Management, Inc.",2163SC000047,Small Claims,Disposed (Statistical Purposes),20210304,20211227
14,81264937,"Midland Credit Management, Inc.",2152SC000203,Small Claims,Disposed (Statistical Purposes),20210322,20211215
15,81265067,"Midland Credit Management, Inc.",2132SC000425,Small Claims,Disposed (Statistical Purposes),20210301,20210909
16,81265871,"Midland Credit Management, Inc.",2163SC000045,Small Claims,Disposed (Statistical Purposes),20210304,20211213
17,81267044,"Midland Credit Management, Inc.",2152SC000207,Small Claims,Disposed (Statistical Purposes),20210323,20211215
18,81267518,"Midland Credit Management, Inc.",2132SC000426,Small Claims,Disposed (Statistical Purposes),20210301,20210804
19,81268140,"Midland Credit Management, Inc.",2089SC000601,Small Claims,Disposed (Statistical Purposes),20201229,20210714
20,81268914,"Midland Credit Management, Inc.",2014SC000229,Small Claims,Disposed (Statistical Purposes),20200130,20200225
21,81269642,"Midland Credit Management, Inc.",2132SC000437,Small Claims,Disposed (Statistical Purposes),20210301,20210804
22,81269936,"Midland Credit Management, Inc.",2098SC000244,Small Claims,Disposed (Statistical Purposes),20200615,20201113
23,81270500,"Midland Credit Management, Inc.",2132SC000427,Small Claims,Disposed (Statistical Purposes),20210301,20210804
24,81270707,"Midland Credit Management, Inc.",2069SC000601,Small Claims,Disposed (Statistical Purposes),20201223,20211201
25,81270728,"Midland Credit Management, Inc.",2014SC000233,Small Claims,Disposed (Statistical Purposes),20200130,20210611
26,81270722,"Midland Credit Management, Inc.",2132SC000430,Small Claims,Disposed (Statistical Purposes),20210301,20210804
27,81271039,"Midland Credit Management, Inc.",2138SC000034,Small Claims,Disposed (Statistical Purposes),20210120,20211221
28,81271176,"Midland Credit Management, Inc.",2052SC000077,Small Claims,Disposed (Statistical Purposes),20200124,20210914
29,81271730,"Midland Credit Management, Inc.",2098SC000487EF,Small Claims,Disposed (Statistical Purposes),20201215,20210219
30,81271867,"Midland Credit Management, Inc.",2132SC000439,Small Claims,Disposed (Statistical Purposes),20210301,20210804
31,81271972,"Midland Credit Management, Inc.",2069SC000603,Small Claims,Disposed (Statistical Purposes),20201223,20211130
32,81272950,"Midland Credit Management, Inc.",2064SC000724EF,Small Claims,Disposed (Statistical Purposes),20200930,20211221
33,81273170,"Midland Credit Management, Inc.",2069SC000483EF,Small Claims,Disposed (Statistical Purposes),20200929,20211109
34,81273250,"Midland Credit Management, Inc.",2163SC000390EF,Small Claims,Open,20211101,20211101
35,81273696,"Midland Credit Management, Inc.",2064SC000833EF,Small Claims,Open,20201207,20201207
36,81274128,"Midland Credit Management, Inc.",2064SC000805EF,Small Claims,Disposed (Statistical Purposes),20201124,20220118
37,81274675,"Midland Credit Management, Inc.",2069SC000602,Small Claims,Disposed (Statistical Purposes),20201223,20211130
38,81275512,"Midland Credit Management, Inc.",2132SC000435,Small Claims,Disposed (Statistical Purposes),20210301,20210804
39,81275533,"Midland Credit Management, Inc.",2163SC000389,Small Claims,Open,20211101,20211101
40,81276702,"Midland Credit Management, Inc.",2169SC000604,Small Claims,Open,20210907,20210907
41,81277648,"Midland Credit Management, Inc.",2132SC000440,Small Claims,Disposed (Statistical Purposes),20210301,20210804
42,81278079,"Midland Credit Management, Inc.",2147SC000111,Small Claims,Disposed (Statistical Purposes),20210315,20210928
43,81278625,"Midland Credit Management, Inc.",2132SC000442,Small Claims,Disposed (Statistical Purposes),20210301,20210804
44,81279888,"Midland Credit Management, Inc.",2152SC000209,Small Claims,Disposed (Statistical Purposes),20210323,20211203
45,81280225,"Midland Credit Management, Inc.",2139SC000354-EF,Small Claims,Disposed (Statistical Purposes),20211014,20211202
46,81280277,"Midland Credit Management, Inc.",2164CV000060,Civil,Disposed (Statistical Purposes),20210216,20210829
47,81280940,"Midland Credit Management, Inc.",2139SC000353-EF,Small Claims,Disposed (Statistical Purposes),20211014,20211202
48,81281457,"Midland Credit Management, Inc.",2038SC000761,Small Claims,Disposed (Statistical Purposes),20201120,20211117
49,81281510,"Midland Credit Management, Inc.",2064SC000843EF,Small Claims,Disposed (Statistical Purposes),20201211,20220125
0,81282005,"Midland Credit Management, Inc.",2064SC000844EF,Small Claims,Open,20201211,20201211
1,81282180,"Midland Credit Management, Inc.",2098SC000431EF,Small Claims,Disposed (Statistical Purposes),20201104,20210205
2,81282701,"Midland Credit Management, Inc.",2132SC000429,Small Claims,Disposed (Statistical Purposes),20210301,20211004
3,81282850,"Midland Credit Management, Inc.",2058SC000576,Small Claims,Disposed (Statistical Purposes),20201015,20210209
4,81283303,"Midland Credit Management, Inc.",2032SC001345,Small Claims,Covid 19 XXX Notice Issued,20200824,20201228
5,81283343,"Midland Credit Management, Inc.",2132SC000428,Small Claims,Disposed (Statistical Purposes),20210301,20210909
6,81283666,"Midland Credit Management, Inc.",2014SC000203,Small Claims,Covid 19 XXX Notice Issued,20200129,20201130
7,81283745,"Midland Credit Management, Inc.",2069SC000469EF,Small Claims,Disposed (Statistical Purposes),20200922,20211126
8,81284007,"Midland Credit Management, Inc.",2132SC000431,Small Claims,Disposed (Statistical Purposes),20210301,20210909
9,81284770,"Midland Credit Management, Inc.",2064SC000840EF,Small Claims,Disposed (Statistical Purposes),20201210,20220125
10,81285214,"Midland Credit Management, Inc.",2064SC000835EF,Small Claims,Disposed (Statistical Purposes),20201208,20220107
11,81286404,"Midland Credit Management, Inc.",2269SC000049,Small Claims,Open,20220207,20220207
12,81286664,"Midland Credit Management, Inc.",2064SC000839EF,Small Claims,Disposed (Statistical Purposes),20201209,20220118
13,81286852,"Midland Credit Management, Inc.",2014SC000228,Small Claims,Covid 19 XXX Notice Issued,20200130,20210929
14,81287431,"Midland Credit Management, Inc.",2069CV000119,Civil,Open,20200921,20200921
15,81287618,"Midland Credit Management, Inc.",2064SC000836EF,Small Claims,Disposed (Statistical Purposes),20201208,20220118
16,81288027,"Midland Credit Management, Inc.",2038SC000762,Small Claims,Disposed (Statistical Purposes),20201123,20220125
17,81288083,"Midland Credit Management, Inc.",2164SC000994EF,Small Claims,Open,20211001,20211001
18,81288894,"Midland Credit Management, Inc.",2069SC000606,Small Claims,Disposed (Statistical Purposes),20201224,20211209
19,81288964,"Midland Credit Management, Inc.",2269SC000060,Small Claims,Open,20220207,20220208
20,81291310,"Midland Credit Management, Inc.",2154SC000707,Small Claims,Open,20211001,20211001
21,81291566,"Midland Credit Management, Inc.",2163SC000405EF,Small Claims,Open,20211105,20211105
22,81291906,"Midland Credit Management, Inc.",2163SC000406EF,Small Claims,Open,20211105,20211105
23,81292488,"Midland Credit Management, Inc.",2152SC000201,Small Claims,Open,20210322,20210322
24,81294712,"Midland Credit Management, Inc.",2147SC000161,Small Claims,Disposed (Statistical Purposes),20210511,20211214
25,81295398,"Midland Credit Management, Inc.",2032SC001346,Small Claims,Covid 19 XXX Notice Issued,20200824,20201228
26,81296151,"Midland Credit Management, Inc.",2154SC000031,Small Claims,Disposed (Statistical Purposes),20210120,20220203
27,81296323,"Midland Credit Management, Inc.",2164SC000188EF,Small Claims,Open,20210316,20210316
28,81296343,"Midland Credit Management, Inc.",2147SC000113,Small Claims,Disposed (Statistical Purposes),20210316,20210513
29,81296570,"Midland Credit Management, Inc.",2154SC000702,Small Claims,Open,20210929,20210929
30,81297429,"Midland Credit Management, Inc.",2147SC000353,Small Claims,Open,20210929,20210929
31,81297482,"Midland Credit Management, Inc.",2064SC000808EF,Small Claims,Disposed (Statistical Purposes),20201201,20220121
32,81298047,"Midland Credit Management, Inc.",2164SC000189EF,Small Claims,Disposed (Statistical Purposes),20210316,20210525
33,81298689,"Midland Credit Management, Inc.",2038SC000797,Small Claims,Disposed (Statistical Purposes),20201125,20211115
34,81298886,"Midland Credit Management, Inc.",2064SC000776EF,Small Claims,Disposed (Statistical Purposes),20201105,20220111
35,81299096,"Midland Credit Management, Inc.",2152SC000208,Small Claims,Open,20210323,20210323
36,81301206,"Midland Credit Management, Inc.",2118SC002555,Small Claims,Open,20211214,20211214
37,81301478,"Midland Credit Management, Inc.",2064SC000777EF,Small Claims,Open,20201105,20201105
38,81301777,"Midland Credit Management, Inc.",2269SC000050,Small Claims,Open,20220207,20220207
39,81302637,"Midland Credit Management, Inc.",2132SC000301,Small Claims,Disposed (Statistical Purposes),20210303,20210802
40,81303151,"Midland Credit Management, Inc.",2164CV000308,Civil,Open,20211004,20211004
41,81303615,"Midland Credit Management, Inc.",2118CV000807,Civil,Open,20211214,20211214
42,81303781,"Midland Credit Management, Inc.",2049SC000500EF,Small Claims,Disposed (Statistical Purposes),20200825,20210224
43,81303943,"Midland Credit Management, Inc.",2064SC000779EF,Small Claims,Disposed (Statistical Purposes),20201105,20211025
44,81305314,"Midland Credit Management, Inc.",2132SC000305,Small Claims,Disposed (Statistical Purposes),20210303,20210802
45,81306178,"Midland Credit Management, Inc.",2164SC001028,Small Claims,Open,20211004,20211004
46,81306234,"Midland Credit Management, Inc.",2069SC000613,Small Claims,Disposed (Statistical Purposes),20201229,20211209
47,81306237,"Midland Credit Management, Inc.",2069SC000613,Small Claims,Disposed (Statistical Purposes),20201229,20211209
48,81306294,"Midland Credit Management, Inc.",2164SC000365EF,Small Claims,Open,20210421,20210421
49,81306571,"Midland Credit Management, Inc.",2038SC000795,Small Claims,Disposed (Statistical Purposes),20201124,20211115
0,81306686,"Midland Credit Management, Inc.",2132SC002869,Small Claims,Open,20211227,20211227
1,81306794,"Midland Credit Management, Inc.",2118SC002421,Small Claims,Open,20211214,20211214
2,81307061,"Midland Credit Management, Inc.",2038SC000794,Small Claims,Disposed (Statistical Purposes),20201124,20211117
3,81307980,"Midland Credit Management, Inc.",2132SC002870,Small Claims,Open,20211227,20211227
4,81308948,"Midland Credit Management, Inc.",2069SC000615,Small Claims,Disposed (Statistical Purposes),20201229,20211208
5,81309569,"Midland Credit Management, Inc.",2069SC000474EF,Small Claims,Disposed (Statistical Purposes),20200925,20210421
6,81309959,"Midland Credit Management, Inc.",2032SC001347,Small Claims,Disposed (Statistical Purposes),20200824,20210614
7,81309970,"Midland Credit Management, Inc.",2132SC000303,Small Claims,Disposed (Statistical Purposes),20210303,20211005
8,81311747,"Midland Credit Management, Inc.",2069SC000607,Small Claims,Disposed (Statistical Purposes),20201228,20211130
9,81311845,"Midland Credit Management, Inc.",2132SC000235,Small Claims,Disposed (Statistical Purposes),20210208,20211020
10,81312793,"Midland Credit Management, Inc.",2132SC000246,Small Claims,Disposed (Statistical Purposes),20210208,20210323
11,81313374,"Midland Credit Management, Inc.",2132SC000253,Small Claims,Disposed (Statistical Purposes),20210208,20211021
12,81314150,"Midland Credit Management, Inc.",2168CV000085,Civil,Disposed (Statistical Purposes),20210511,20211012
13,81314418,"Midland Credit Management, Inc.",2132SC000257,Small Claims,Disposed (Statistical Purposes),20210208,20211022
14,81314583,"Midland Credit Management, Inc.",2168SC000167,Small Claims,Open,20210511,20210511
15,81315170,"Midland Credit Management, Inc.",2163SC000072,Small Claims,Disposed (Statistical Purposes),20210315,20220124
16,81316624,"Midland Credit Management, Inc.",2098SC000492EF,Small Claims,Disposed (Statistical Purposes),20201221,20210312
17,81316778,"Midland Credit Management, Inc.",2139SC000359-EF,Small Claims,Disposed (Statistical Purposes),20211019,20211202
18,81317242,"Midland Credit Management, Inc.",2132SC000256,Small Claims,Disposed (Statistical Purposes),20210208,20211022
19,81317589,"Midland Credit Management, Inc.",2132SC001540,Small Claims,Disposed (Statistical Purposes),20210830,20211018
20,81317609,"Midland Credit Management, Inc.",2098SC000494EF,Small Claims,Open,20201221,20201221
21,81317820,"Midland Credit Management, Inc.",2154SC000095,Small Claims,Disposed (Statistical Purposes),20210217,20211123
22,81318383,"Midland Credit Management, Inc.",2098SC000495EF,Small Claims,Disposed (Statistical Purposes),20201221,20210312
23,81319296,"Midland Credit Management, Inc.",2049SC000499EF,Small Claims,Disposed (Statistical Purposes),20200825,20210325
24,81319309,"Midland Credit Management, Inc.",2098SC000443EF,Small Claims,Open,20201111,20201111
25,81319375,"Midland Credit Management, Inc.",2098SC000491EF,Small Claims,Disposed (Statistical Purposes),20201221,20210312
26,81319829,"Midland Credit Management, Inc.",2098SC000493EF,Small Claims,Disposed (Statistical Purposes),20201221,20210312
27,81320274,"Midland Credit Management, Inc.",2163SC000071,Small Claims,Disposed (Statistical Purposes),20210315,20220110
28,81320692,"Midland Credit Management, Inc.",2132SC000234,Small Claims,Disposed (Statistical Purposes),20210208,20210324
29,81320810,"Midland Credit Management, Inc.",2147SC000356,Small Claims,Open,20211004,20211004
30,81320966,"Midland Credit Management, Inc.",2147SC000355,Small Claims,Open,20211004,20211004
31,81321267,"Midland Credit Management, Inc.",2132SC000452,Small Claims,Open,20210304,20210304
32,81321823,"Midland Credit Management, Inc.",2020SC000484,Small Claims,Disposed (Statistical Purposes),20200914,20220111
33,81321961,"Midland Credit Management, Inc.",2132SC000251,Small Claims,Disposed (Statistical Purposes),20210208,20211021
34,81322147,"Midland Credit Management, Inc.",2132SC000252,Small Claims,Disposed (Statistical Purposes),20210208,20211021
35,81322262,"Midland Credit Management, Inc.",2163SC000076,Small Claims,Disposed (Statistical Purposes),20210315,20220124
36,81322374,"Midland Credit Management, Inc.",2020SC000485,Small Claims,Open,20200914,20200914
37,81322883,"Midland Credit Management, Inc.",2132SC000242,Small Claims,Disposed (Statistical Purposes),20210208,20211021
38,81323205,"Midland Credit Management, Inc.",2152SC000685,Small Claims,Open,20211014,20211014
39,81323693,"Midland Credit Management, Inc.",2154SC000697,Small Claims,Open,20210928,20210928
40,81323960,"Midland Credit Management, Inc.",2014SC001048,Small Claims,Open,20201208,20201208
41,81323994,"Midland Credit Management, Inc.",2132SC000450,Small Claims,Disposed (Statistical Purposes),20210304,20210805
42,81324421,"Midland Credit Management, Inc.",2132SC000243,Small Claims,Disposed (Statistical Purposes),20210208,20210506
43,81324819,"Midland Credit Management, Inc.",2014SC001055,Small Claims,Disposed (Statistical Purposes),20201209,20220114
44,81324994,"Midland Credit Management, Inc.",2164SC001147EF,Small Claims,Open,20211101,20211101
45,81325265,"Midland Credit Management, Inc.",2132SC000455,Small Claims,Disposed (Statistical Purposes),20210305,20210805
46,81325464,"Midland Credit Management, Inc.",1914SC002201,Small Claims,Disposed (Statistical Purposes),20191227,20211020
47,81326038,"Midland Credit Management, Inc.",2132SC000454,Small Claims,Disposed (Statistical Purposes),20210304,20210824
48,81326426,"Midland Credit Management, Inc.",2098SC000444EF,Small Claims,Disposed (Statistical Purposes),20201112,20210212
49,81326504,"Midland Credit Management, Inc.",2014SC001053,Small Claims,Open,20201209,20201209
0,81327552,"Midland Credit Management, Inc.",2132SC000457,Small Claims,Open,20210305,20210305
1,81328018,"Midland Credit Management, Inc.",2132SC000451,Small Claims,Disposed (Statistical Purposes),20210304,20210805
2,81328193,"Midland Credit Management, Inc.",2014SC001052,Small Claims,Open,20201209,20201209
3,81328781,"Midland Credit Management, Inc.",2132SC000258,Small Claims,Disposed (Statistical Purposes),20210208,20211022
4,81329257,"Midland Credit Management, Inc.",2138SC000060,Small Claims,Disposed (Statistical Purposes),20210128,20220124
5,81329445,"Midland Credit Management, Inc.",2132SC000453,Small Claims,Disposed (Statistical Purposes),20210304,20210805
6,81329842,"Midland Credit Management, Inc.",2016SC000437,Small Claims,Disposed (Statistical Purposes),20200915,20210616
7,81329889,"Midland Credit Management, Inc.",2132SC000456,Small Claims,Disposed (Statistical Purposes),20210305,20210813
8,81330415,"Midland Credit Management, Inc.",2189SC000020,Small Claims,Disposed (Statistical Purposes),20210105,20210428
9,81330726,"Midland Credit Management, Inc.",2016SC000438,Small Claims,Disposed (Statistical Purposes),20200915,20211118
10,81331083,"Midland Credit Management, Inc.",2054SC000872,Small Claims,Open,20201229,20201229
11,81331378,"Midland Credit Management, Inc.",2017SC000395,Small Claims,Open,20200929,20200929
12,81331770,"Midland Credit Management, Inc.",1914SC002198,Small Claims,Disposed (Statistical Purposes),20191227,20211222
13,81332003,"Midland Credit Management, Inc.",2098SC000445EF,Small Claims,Disposed (Statistical Purposes),20201112,20210507
14,81332650,"Midland Credit Management, Inc.",2054SC000884,Small Claims,Disposed (Statistical Purposes),20201228,20210812
15,81332917,"Midland Credit Management, Inc.",2054SC000874,Small Claims,Disposed (Statistical Purposes),20201229,20210525
16,81333435,"Midland Credit Management, Inc.",2054SC000873,Small Claims,Disposed (Statistical Purposes),20201229,20210330
17,81333543,"Midland Credit Management, Inc.",2164SC000201EF,Small Claims,Open,20210319,20210319
18,81333620,"Midland Credit Management, Inc.",2169SC000002,Small Claims,Disposed (Statistical Purposes),20210101,20210408
19,81334500,"Midland Credit Management, Inc.",1914SC002200,Small Claims,Disposed (Statistical Purposes),20191227,20211222
20,81334752,"Midland Credit Management, Inc.",2132SC000260,Small Claims,Disposed (Statistical Purposes),20210208,20211022
21,81334897,"Midland Credit Management, Inc.",2169SC000001,Small Claims,Disposed (Statistical Purposes),20210101,20211130
22,81335355,"Midland Credit Management, Inc.",1914SC002197,Small Claims,Disposed (Statistical Purposes),20191227,20201113
23,81336643,"Midland Credit Management, Inc.",2164SC000171,Small Claims,Open,20210224,20210224
24,81337506,"Midland Credit Management, Inc.",2132SC000241,Small Claims,Disposed (Statistical Purposes),20210208,20211021
25,81338039,"Midland Credit Management, Inc.",2063SC000184EF,Small Claims,Disposed (Statistical Purposes),20200722,20210524
26,81338616,"Midland Credit Management, Inc.",2061SC000486,Small Claims,Disposed (Statistical Purposes),20200616,20201006
27,81338808,"Midland Credit Management, Inc.",2147SC000081,Small Claims,Disposed (Statistical Purposes),20210217,20210506
28,81339222,"Midland Credit Management, Inc.",2061SC000485,Small Claims,Disposed (Statistical Purposes),20200616,20201006
29,81339476,"Midland Credit Management, Inc.",2147SC000082,Small Claims,Closed (Transferred),20210217,20210315
30,81339514,"Midland Credit Management, Inc.",2064SC000735EF,Small Claims,Disposed (Statistical Purposes),20201012,20211221
31,81339558,"Midland Credit Management, Inc.",2152SC000684,Small Claims,Disposed (Statistical Purposes),20211014,20211215
32,81340283,"Midland Credit Management, Inc.",2016SC000445,Small Claims,Disposed (Statistical Purposes),20200917,20210125
33,81340905,"Midland Credit Management, Inc.",2132SC000238,Small Claims,Disposed (Statistical Purposes),20210208,20211021
34,81342231,"Midland Credit Management, Inc.",2132SC000255,Small Claims,Disposed (Statistical Purposes),20210208,20211021
35,81342225,"Midland Credit Management, Inc.",2054SC000876,Small Claims,Disposed (Statistical Purposes),20201230,20210722
36,81342835,"Midland Credit Management, Inc.",2098SC000499EF,Small Claims,Disposed (Statistical Purposes),20201224,20210217
37,81343737,"Midland Credit Management, Inc.",2054SC000885,Small Claims,Disposed (Statistical Purposes),20201231,20210812
38,81344394,"Midland Credit Management, Inc.",2048SC000044,Small Claims,Disposed (Statistical Purposes),20200123,20210104
39,81344475,"Midland Credit Management, Inc.",2164SC000168,Small Claims,Open,20210224,20210224
40,81344541,"Midland Credit Management, Inc.",1914SC002199,Small Claims,Open,20191227,20191227
41,81344608,"Midland Credit Management, Inc.",2163SC000436,Small Claims,Open,20211123,20211123
42,81344657,"Midland Credit Management, Inc.",2164SC000202EF,Small Claims,Open,20210319,20210319
43,81344879,"Midland Credit Management, Inc.",2132SC000239,Small Claims,Disposed (Statistical Purposes),20210208,20211021
44,81345436,"Midland Credit Management, Inc.",1952SC000804,Small Claims,Covid 19 XXX Notice Issued,20191126,20220114
45,81345510,"Midland Credit Management, Inc.",2163SC000437,Small Claims,Open,20211123,20211123
46,81346066,"Midland Credit Management, Inc.",2163SC000433,Small Claims,Open,20211123,20211123
47,81349185,"Midland Credit Management, Inc.",2132SC002891,Small Claims,Open,20211230,20211230
48,81349732,"Midland Credit Management, Inc.",2054SC000875,Small Claims,Disposed (Statistical Purposes),20201230,20211101
49,81351386,"Midland Credit Management, Inc.",2132SC000244,Small Claims,Disposed (Statistical Purposes),20210208,20211021
0,81353005,"Midland Credit Management, Inc.",2017SC000367,Small Claims,Disposed (Statistical Purposes),20200828,20211123
1,81353410,"Midland Credit Management, Inc.",2032SC001390,Small Claims,Covid 19 XXX Notice Issued,20200828,20210114
2,81353614,"Midland Credit Management, Inc.",2068SC000075,Small Claims,Covid 19 XXX Notice Issued,20200214,20200713
3,81353741,"Midland Credit Management, Inc.",2032SC001391,Small Claims,Disposed (Statistical Purposes),20200828,20210223
4,81353754,"Midland Credit Management, Inc.",2164SC000180,Small Claims,Open,20210226,20210226
5,81353779,"Midland Credit Management, Inc.",2058SC000584,Small Claims,Disposed (Statistical Purposes),20201026,20210326
6,81353789,"Midland Credit Management, Inc.",1952SC000803,Small Claims,Covid 19 XXX Notice Issued,20191126,20220114
7,81353825,"Midland Credit Management, Inc.",2164CV000067,Civil,Disposed (Statistical Purposes),20210226,20210827
8,81354032,"Midland Credit Management, Inc.",2032SC001389,Small Claims,Covid 19 XXX Notice Issued,20200828,20210114
9,81354713,"Midland Credit Management, Inc.",2163SC000440EF,Small Claims,Open,20211124,20211124
10,81354857,"Midland Credit Management, Inc.",2016SC000448EF,Small Claims,Open,20200922,20200922
11,81355021,"Midland Credit Management, Inc.",2032SC001388,Small Claims,Covid 19 XXX Notice Issued,20200828,20210114
12,81357205,"Midland Credit Management, Inc.",2049SC000496,Small Claims,Disposed (Statistical Purposes),20200828,20210302
13,81357551,"Midland Credit Management, Inc.",2049SC000495,Small Claims,Closed,20200828,20201118
14,81357633,"Midland Credit Management, Inc.",2132SC000313,Small Claims,Disposed (Statistical Purposes),20210309,20210802
15,81358033,"Midland Credit Management, Inc.",2058SC000586,Small Claims,Disposed (Statistical Purposes),20201026,20210202
16,81358413,"Midland Credit Management, Inc.",2147SC000083,Small Claims,Disposed (Statistical Purposes),20210218,20210824
17,81360087,"Midland Credit Management, Inc.",2032CV000324,Civil,Disposed (Statistical Purposes),20200730,20201216
18,81361319,"Midland Credit Management, Inc.",2014SC000297,Small Claims,Covid 19 XXX Notice Issued,20200211,20210930
19,81361696,"Midland Credit Management, Inc.",2132SC001571,Small Claims,Disposed (Statistical Purposes),20210902,20220114
20,81363214,"Midland Credit Management, Inc.",2132SC000266,Small Claims,Disposed (Statistical Purposes),20210210,20211022
21,81363607,"Midland Credit Management, Inc.",2020SC000487,Small Claims,Open,20200917,20200917
22,81365032,"Midland Credit Management, Inc.",2132SC000267,Small Claims,Disposed (Statistical Purposes),20210210,20211022
23,81365319,"Midland Credit Management, Inc.",2164SC001163EF,Small Claims,Open,20211103,20211103
24,81365707,"Midland Credit Management, Inc.",2132SC001561,Small Claims,Disposed (Statistical Purposes),20210902,20211015
25,81366605,"Midland Credit Management, Inc.",2049SC000525,Small Claims,Disposed (Statistical Purposes),20200831,20210302
26,81368014,"Midland Credit Management, Inc.",1914SC002222,Small Claims,Disposed (Statistical Purposes),20191230,20211214
27,81369912,"Midland Credit Management, Inc.",2020SC000474,Small Claims,Open,20200918,20200918
28,81371489,"Midland Credit Management, Inc.",2164SC000208EF,Small Claims,Open,20210322,20210322
29,81372228,"Midland Credit Management, Inc.",2032SC001447,Small Claims,Disposed (Statistical Purposes),20200908,20210308
30,81372430,"Midland Credit Management, Inc.",2098SC000043,Small Claims,Suspended Covid 19 extended,20200124,20200324
31,81372449,"Midland Credit Management, Inc.",2014SC000298,Small Claims,Covid 19 XXX Notice Issued,20200211,20210930
32,81372805,"Midland Credit Management, Inc.",2016SC000454,Small Claims,Disposed (Statistical Purposes),20200923,20210125
33,81372826,"Midland Credit Management, Inc.",2064SC000743EF,Small Claims,Open,20201015,20201015
34,81373113,"Midland Credit Management, Inc.",2132SC000269,Small Claims,Disposed (Statistical Purposes),20210210,20210406
35,81373258,"Midland Credit Management, Inc.",2032SC001448,Small Claims,Disposed (Statistical Purposes),20200908,20210917
36,81373639,"Midland Credit Management, Inc.",2035SC000111,Small Claims,Closed,20201001,20210915
37,81374091,"Midland Credit Management, Inc.",2014SC000296,Small Claims,Covid 19 XXX Notice Issued,20200211,20210930
38,81374533,"Midland Credit Management, Inc.",2164SC001077,Small Claims,Open,20211014,20211014
39,81374882,"Midland Credit Management, Inc.",2132SC000274,Small Claims,Disposed (Statistical Purposes),20210210,20211022
40,81375127,"Midland Credit Management, Inc.",2032SC001446,Small Claims,Disposed (Statistical Purposes),20200908,20210917
41,81375258,"Midland Credit Management, Inc.",2064SC000810,Small Claims,Disposed (Statistical Purposes),20201015,20211101
42,81375374,"Midland Credit Management, Inc.",2154SC000002,Small Claims,Disposed (Statistical Purposes),20210101,20210802
43,81376033,"Midland Credit Management, Inc.",2032SC001449,Small Claims,Disposed (Statistical Purposes),20200908,20201023
44,81376499,"Midland Credit Management, Inc.",2132SC000275,Small Claims,Disposed (Statistical Purposes),20210210,20211022
45,81376763,"Midland Credit Management, Inc.",1914SC002228,Small Claims,Covid 19 XXX Notice Issued,20191230,20201021
46,81377220,"Midland Credit Management, Inc.",2018SC001037,Small Claims,Disposed (Statistical Purposes),20200722,20210922
47,81378254,"Midland Credit Management, Inc.",2169SC000051,Small Claims,Open,20210204,20210204
48,81380103,"Midland Credit Management, Inc.",2164SC000206,Small Claims,Open,20210302,20210302
49,81380497,"Midland Credit Management, Inc.",2049SC000512,Small Claims,Disposed (Statistical Purposes),20200831,20210302
0,81380583,"Midland Credit Management, Inc.",2132SC001575,Small Claims,Disposed (Statistical Purposes),20210903,20220111
1,81381020,"Midland Credit Management, Inc.",2132SC001574,Small Claims,Disposed (Statistical Purposes),20210903,20211012
2,81381088,"Midland Credit Management, Inc.",2164SC000218,Small Claims,Open,20210302,20210302
3,81381127,"Midland Credit Management, Inc.",2169SC000052,Small Claims,Open,20210204,20210204
4,81381450,"Midland Credit Management, Inc.",2189CV000243,Civil,Open,20211208,20211208
5,81381646,"Midland Credit Management, Inc.",2163CV000038,Civil,Open,20210323,20210323
6,81381728,"Midland Credit Management, Inc.",2138SC000069,Small Claims,Disposed (Statistical Purposes),20210202,20220103
7,81382015,"Midland Credit Management, Inc.",2163SC000447,Small Claims,Open,20211201,20211201
8,81382142,"Midland Credit Management, Inc.",2164SC000274,Small Claims,Open,20210322,20210322
9,81382690,"Midland Credit Management, Inc.",2163SC000083EF,Small Claims,Disposed (Statistical Purposes),20210322,20220124
10,81382890,"Midland Credit Management, Inc.",2211SC000215EF,Small Claims,Open,20220207,20220207
11,81383259,"Midland Credit Management, Inc.",2049SC000515,Small Claims,Disposed (Statistical Purposes),20200831,20210302
12,81383312,"Midland Credit Management, Inc.",2014SC001076,Small Claims,Disposed (Statistical Purposes),20201215,20211209
13,81383500,"Midland Credit Management, Inc.",2013SC000767,Small Claims,Disposed (Statistical Purposes),20200623,20210331
14,81383927,"Midland Credit Management, Inc.",2032SC001395,Small Claims,Covid 19 XXX Notice Issued,20200901,20210114
15,81384053,"Midland Credit Management, Inc.",2118CV000792,Civil,Open,20211220,20211220
16,81385012,"Midland Credit Management, Inc.",2189SC000055,Small Claims,Disposed (Statistical Purposes),20210114,20210714
17,81385331,"Midland Credit Management, Inc.",2164SC000210,Small Claims,Open,20210302,20210302
18,81385755,"Midland Credit Management, Inc.",2198SC000002EF,Small Claims,Disposed (Statistical Purposes),20210104,20210309
19,81385996,"Midland Credit Management, Inc.",2016SC000460EF,Small Claims,Disposed (Statistical Purposes),20200925,20210524
20,81386087,"Midland Credit Management, Inc.",2132SC000268,Small Claims,Disposed (Statistical Purposes),20210210,20220114
21,81386294,"Midland Credit Management, Inc.",2164SC000156EF,Small Claims,Disposed (Statistical Purposes),20210303,20211118
22,81386489,"Midland Credit Management, Inc.",2016SC000459,Small Claims,Disposed (Statistical Purposes),20200925,20210111
23,81386781,"Midland Credit Management, Inc.",2164SC000215EF,Small Claims,Open,20210323,20210323
24,81386930,"Midland Credit Management, Inc.",2161SC000831-EF,Small Claims,Open,20211122,20211122
25,81388321,"Midland Credit Management, Inc.",2232SC000130,Small Claims,Open,20220104,20220104
26,81388340,"Midland Credit Management, Inc.",2164SC000372EF,Small Claims,Open,20210503,20210503
27,81388494,"Midland Credit Management, Inc.",2152SC000217,Small Claims,Disposed (Statistical Purposes),20210329,20211215
28,81388633,"Midland Credit Management, Inc.",2014SC001079,Small Claims,Disposed (Statistical Purposes),20201215,20211215
29,81389225,"Midland Credit Management, Inc.",2232SC000002,Small Claims,Open,20220103,20220103
30,81389342,"Midland Credit Management, Inc.",2164SC000209,Small Claims,Open,20210302,20210302
31,81389732,"Midland Credit Management, Inc.",2163SC000446,Small Claims,Open,20211201,20211201
32,81389818,"Midland Credit Management, Inc.",2014SC001078,Small Claims,Open,20201215,20201215
33,81389953,"Midland Credit Management, Inc.",2032SC001412,Small Claims,Disposed (Statistical Purposes),20200909,20210915
34,81389996,"Midland Credit Management, Inc.",2132SC000360,Small Claims,Disposed (Statistical Purposes),20210311,20210803
35,81390544,"Midland Credit Management, Inc.",2032SC001426,Small Claims,Disposed (Statistical Purposes),20200910,20210421
36,81390704,"Midland Credit Management, Inc.",2164SC000221,Small Claims,Open,20210302,20210302
37,81390819,"Midland Credit Management, Inc.",2098SC000045,Small Claims,Disposed (Statistical Purposes),20200127,20210226
38,81391024,"Midland Credit Management, Inc.",2032SC001450,Small Claims,Disposed (Statistical Purposes),20200910,20210310
39,81391640,"Midland Credit Management, Inc.",2139SC000380-EF,Small Claims,Open,20211101,20211101
40,81391785,"Midland Credit Management, Inc.",2198SC000014EF,Small Claims,Disposed (Statistical Purposes),20210119,20210326
41,81392100,"Midland Credit Management, Inc.",2032SC001411,Small Claims,Disposed (Statistical Purposes),20200909,20210915
42,81392806,"Midland Credit Management, Inc.",2232SC000129,Small Claims,Open,20220104,20220104
43,81393558,"Midland Credit Management, Inc.",2164SC000230,Small Claims,Open,20210303,20210303
44,81393749,"Midland Credit Management, Inc.",2032SC001396,Small Claims,Covid 19 XXX Notice Issued,20200901,20210114
45,81394205,"Midland Credit Management, Inc.",2047SC000027,Small Claims,Disposed (Statistical Purposes),20200123,20210520
46,81394514,"Midland Credit Management, Inc.",2164SC000228,Small Claims,Open,20210303,20210303
47,81394651,"Midland Credit Management, Inc.",2164SC000217EF,Small Claims,Open,20210324,20210324
48,81395022,"Midland Credit Management, Inc.",2164SC000204,Small Claims,Open,20210302,20210302
49,81395503,"Midland Credit Management, Inc.",2016SC000464,Small Claims,Disposed (Statistical Purposes),20200928,20210223
0,81395637,"Midland Credit Management, Inc.",2232SC000126,Small Claims,Open,20220103,20220103
1,81396723,"Midland Credit Management, Inc.",2164SC001078,Small Claims,Open,20211015,20211015
2,81396778,"Midland Credit Management, Inc.",2164SC000203,Small Claims,Disposed (Statistical Purposes),20210302,20211116
3,81396966,"Midland Credit Management, Inc.",2164SC000220,Small Claims,Open,20210302,20210302
4,81397513,"Midland Credit Management, Inc.",2169SC000634,Small Claims,Open,20210927,20210927
5,81397812,"Midland Credit Management, Inc.",2111SC000108EF,Small Claims,Open,20210118,20210118
6,81398092,"Midland Credit Management, Inc.",2049SC000518,Small Claims,Disposed (Statistical Purposes),20200831,20210302
7,81398290,"Midland Credit Management, Inc.",2064SC000814,Small Claims,Open,20201019,20201019
8,81398642,"Midland Credit Management, Inc.",2132SC001578,Small Claims,Disposed (Statistical Purposes),20210906,20211108
9,81398911,"Midland Credit Management, Inc.",2132SC001579,Small Claims,Disposed (Statistical Purposes),20210906,20211014
10,81399123,"Midland Credit Management, Inc.",2014SC001074,Small Claims,Open,20201214,20201214
11,81399600,"Midland Credit Management, Inc.",2164SC000207,Small Claims,Open,20210302,20210302
12,81399866,"Midland Credit Management, Inc.",2164SC001079,Small Claims,Open,20211015,20211015
13,81400200,"Midland Credit Management, Inc.",2198SC000725EF,Small Claims,Open,20211129,20211129
14,81400935,"Midland Credit Management, Inc.",2163SC000084EF,Small Claims,Disposed (Statistical Purposes),20210324,20220124
15,81401682,"Midland Credit Management, Inc.",2032SC001457,Small Claims,Disposed (Statistical Purposes),20200911,20210324
16,81401820,"Midland Credit Management, Inc.",2032SC001443,Small Claims,Disposed (Statistical Purposes),20200904,20210915
17,81402188,"Midland Credit Management, Inc.",2169SC000012,Small Claims,Disposed (Statistical Purposes),20210114,20211124
18,81404007,"Midland Credit Management, Inc.",2154SC000010,Small Claims,Disposed (Statistical Purposes),20210105,20210728
19,81404845,"Midland Credit Management, Inc.",2032SC001451,Small Claims,Disposed (Statistical Purposes),20200911,20210917
20,81405141,"Midland Credit Management, Inc.",2049SC000530EF,Small Claims,Disposed (Statistical Purposes),20200901,20210302
21,81405156,"Midland Credit Management, Inc.",2016SC000469EF,Small Claims,Open,20200929,20200929
22,81406191,"Midland Credit Management, Inc.",2089CV000094,Civil,Open,20200730,20200730
23,81406315,"Midland Credit Management, Inc.",2139SC000427,Small Claims,Disposed (Statistical Purposes),20211202,20220120
24,81406392,"Midland Credit Management, Inc.",2014SC000279,Small Claims,Covid 19 XXX Notice Issued,20200207,20211005
25,81406705,"Midland Credit Management, Inc.",2163SC000450,Small Claims,Open,20211206,20211206
26,81406757,"Midland Credit Management, Inc.",2163SC000451,Small Claims,Open,20211206,20211206
27,81406916,"Midland Credit Management, Inc.",2139SC000430,Small Claims,Open,20211202,20211202
28,81407080,"Midland Credit Management, Inc.",2032SC001456,Small Claims,Disposed (Statistical Purposes),20200911,20210323
29,81407262,"Midland Credit Management, Inc.",2132CV000171,Civil,Disposed (Statistical Purposes),20210312,20210621
30,81407366,"Midland Credit Management, Inc.",2198SC000023EF,Small Claims,Disposed (Statistical Purposes),20210122,20210402
31,81407395,"Midland Credit Management, Inc.",2032SC001441,Small Claims,Disposed (Statistical Purposes),20200904,20210917
32,81408059,"Midland Credit Management, Inc.",2198SC000024EF,Small Claims,Disposed (Statistical Purposes),20210122,20210317
33,81408145,"Midland Credit Management, Inc.",2032SC001455,Small Claims,Disposed (Statistical Purposes),20200911,20210917
34,81408579,"Midland Credit Management, Inc.",2139SC000429,Small Claims,Open,20211202,20211202
35,81408612,"Midland Credit Management, Inc.",2198SC000022EF,Small Claims,Disposed (Statistical Purposes),20210122,20210521
36,81408878,"Midland Credit Management, Inc.",2161SC000842-EF,Small Claims,Open,20211126,20211126
37,81409455,"Midland Credit Management, Inc.",2139SC000428,Small Claims,Disposed (Statistical Purposes),20211202,20220120
38,81409479,"Midland Credit Management, Inc.",2058SC000596,Small Claims,Disposed (Statistical Purposes),20201102,20211119
39,81410019,"Midland Credit Management, Inc.",2139SC000385-EF,Small Claims,Open,20211103,20211103
40,81410931,"Midland Credit Management, Inc.",2038SC000812,Small Claims,Disposed (Statistical Purposes),20201207,20211115
41,81412846,"Midland Credit Management, Inc.",2032SC001431,Small Claims,Disposed (Statistical Purposes),20200904,20201102
42,81413594,"Midland Credit Management, Inc.",2058SC000595,Small Claims,Disposed (Statistical Purposes),20201102,20210409
43,81415741,"Midland Credit Management, Inc.",2189SC000088,Small Claims,Disposed (Statistical Purposes),20210120,20210910
44,81416581,"Midland Credit Management, Inc.",2038SC000811,Small Claims,Open,20201207,20201207
45,81416754,"Midland Credit Management, Inc.",2111SC000115EF,Small Claims,Open,20210119,20210119
46,81418057,"Midland Credit Management, Inc.",2189SC000087,Small Claims,Disposed (Statistical Purposes),20210120,20210922
47,81419465,"Midland Credit Management, Inc.",2232CV000120,Civil,Open,20220124,20220124
48,81419648,"Midland Credit Management, Inc.",2164SC000233,Small Claims,Disposed (Statistical Purposes),20210305,20210511
49,81420464,"Midland Credit Management, Inc.",2032SC001432,Small Claims,Disposed (Statistical Purposes),20200904,20211116
0,81421504,"Midland Credit Management, Inc.",2111SC000116EF,Small Claims,Open,20210119,20210119
1,81421588,"Midland Credit Management, Inc.",2232SC000081,Small Claims,Open,20220124,20220124
2,81423392,"Midland Credit Management, Inc.",2058SC000599,Small Claims,Disposed (Statistical Purposes),20201104,20210330
3,81423473,"Midland Credit Management, Inc.",2038SC000815,Small Claims,Disposed (Statistical Purposes),20201208,20210422
4,81423675,"Midland Credit Management, Inc.",2132SC000385,Small Claims,Disposed (Statistical Purposes),20210315,20210803
5,81424012,"Midland Credit Management, Inc.",2169SC000087EF,Small Claims,Disposed (Statistical Purposes),20210218,20220104
6,81424214,"Midland Credit Management, Inc.",2032SC001435,Small Claims,Disposed (Statistical Purposes),20200904,20210916
7,81424344,"Midland Credit Management, Inc.",2163SC000088,Small Claims,Disposed (Statistical Purposes),20210330,20211229
8,81424560,"Midland Credit Management, Inc.",2163SC000100,Small Claims,Open,20210331,20210331
9,81424643,"Midland Credit Management, Inc.",2132SC001580,Small Claims,Disposed (Statistical Purposes),20210907,20211014
10,81424793,"Midland Credit Management, Inc.",2163SC000099,Small Claims,Open,20210331,20210331
11,81424845,"Midland Credit Management, Inc.",2163SC000098,Small Claims,Open,20210331,20210331
12,81425465,"Midland Credit Management, Inc.",2032SC001454,Small Claims,Disposed (Statistical Purposes),20200914,20210917
13,81426039,"Midland Credit Management, Inc.",2132SC001820,Small Claims,Open,20211014,20211014
14,81428137,"Midland Credit Management, Inc.",2118CV000808,Civil,Open,20211227,20211227
15,81428201,"Midland Credit Management, Inc.",2163SC000089,Small Claims,Open,20210330,20210330
16,81428685,"Midland Credit Management, Inc.",2198SC000741EF,Small Claims,Open,20211202,20211202
17,81429378,"Midland Credit Management, Inc.",2032SC001445,Small Claims,Disposed (Statistical Purposes),20200904,20210917
18,81430676,"Midland Credit Management, Inc.",2118SC002562,Small Claims,Open,20211227,20211227
19,81430895,"Midland Credit Management, Inc.",2152SC000220,Small Claims,Disposed (Statistical Purposes),20210331,20211215
20,81431389,"Midland Credit Management, Inc.",2089SC000681,Small Claims,Disposed (Statistical Purposes),20201116,20210421
21,81432029,"Midland Credit Management, Inc.",2164SC000287,Small Claims,Disposed (Statistical Purposes),20210329,20220106
22,81433001,"Midland Credit Management, Inc.",2132SC001818,Small Claims,Open,20211014,20211014
23,81433122,"Midland Credit Management, Inc.",2147SC000069,Small Claims,Disposed (Statistical Purposes),20210303,20210824
24,81433766,"Midland Credit Management, Inc.",2147SC000067,Small Claims,Disposed (Statistical Purposes),20210303,20210824
25,81434003,"Midland Credit Management, Inc.",2164SC000284,Small Claims,Disposed (Statistical Purposes),20210329,20220106
26,81436307,"Midland Credit Management, Inc.",2118SC002563,Small Claims,Open,20211227,20211227
27,81436548,"Midland Credit Management, Inc.",2047SC000031,Small Claims,Disposed (Statistical Purposes),20200127,20210817
28,81436813,"Midland Credit Management, Inc.",2032SC001434,Small Claims,Disposed (Statistical Purposes),20200904,20210111
29,81437033,"Midland Credit Management, Inc.",2032SC001433,Small Claims,Disposed (Statistical Purposes),20200904,20210916
30,81437394,"Midland Credit Management, Inc.",2064SC000824,Small Claims,Disposed (Statistical Purposes),20201026,20220118
31,81437448,"Midland Credit Management, Inc.",2038SC000814,Small Claims,Disposed (Statistical Purposes),20201211,20211117
32,81437842,"Midland Credit Management, Inc.",2169SC000677,Small Claims,Open,20211014,20211014
33,81438229,"Midland Credit Management, Inc.",2064SC000826,Small Claims,Disposed (Statistical Purposes),20201026,20220118
34,81438622,"Midland Credit Management, Inc.",2164SC000282,Small Claims,Disposed (Statistical Purposes),20210329,20220106
35,81439286,"Midland Credit Management, Inc.",2164SC000283,Small Claims,Disposed (Statistical Purposes),20210329,20211117
36,81439362,"Midland Credit Management, Inc.",2049SC000242,Small Claims,Disposed (Statistical Purposes),20200309,20210126
37,81439802,"Midland Credit Management, Inc.",2163SC000103,Small Claims,Open,20210402,20210402
38,81440231,"Midland Credit Management, Inc.",2147SC000068,Small Claims,Disposed (Statistical Purposes),20210303,20210824
39,81440544,"Midland Credit Management, Inc.",2163CV000137,Civil,Open,20211213,20211213
40,81441852,"Midland Credit Management, Inc.",2032SC001406,Small Claims,Disposed (Statistical Purposes),20200903,20210915
41,81442099,"Midland Credit Management, Inc.",2163SC000102,Small Claims,Open,20210402,20210402
42,81443654,"Midland Credit Management, Inc.",2198SC000012EF,Small Claims,Disposed (Statistical Purposes),20210114,20210202
43,81443791,"Midland Credit Management, Inc.",2032SC001442,Small Claims,Disposed (Statistical Purposes),20200904,20210917
44,81443932,"Midland Credit Management, Inc.",2014SC001095,Small Claims,Open,20201217,20201217
45,81445971,"Midland Credit Management, Inc.",2198SC000745,Small Claims,Open,20211206,20211206
46,81446107,"Midland Credit Management, Inc.",2268SC000001EF,Small Claims,Open,20220103,20220103
47,81446225,"Midland Credit Management, Inc.",2032SC000845,Small Claims,Disposed (Statistical Purposes),20200324,20211123
48,81446758,"Midland Credit Management, Inc.",2017SC000419,Small Claims,Open,20201023,20201023
49,81446907,"Midland Credit Management, Inc.",2132SC001587,Small Claims,Disposed (Statistical Purposes),20210909,20211019
0,81447852,"Midland Credit Management, Inc.",2169SC000652,Small Claims,Open,20211004,20211004
1,81448587,"Midland Credit Management, Inc.",2154SC000015,Small Claims,Disposed (Statistical Purposes),20210111,20210916
2,81448676,"Midland Credit Management, Inc.",2169CV000195,Civil,Disposed (Statistical Purposes),20211004,20220207
3,81448970,"Midland Credit Management, Inc.",2169CV000203,Civil,Open,20211015,20211015
4,81449059,"Midland Credit Management, Inc.",2049SC000232,Small Claims,Suspended Covid 19 extended,20200309,20200309
5,81449302,"Midland Credit Management, Inc.",2147SC000397,Small Claims,Open,20211025,20211025
6,81449355,"Midland Credit Management, Inc.",2032SC001467,Small Claims,Disposed (Statistical Purposes),20200915,20210920
7,81449778,"Midland Credit Management, Inc.",2152SC000706,Small Claims,Disposed (Statistical Purposes),20211020,20211216
8,81450120,"Midland Credit Management, Inc.",2169SC000681,Small Claims,Open,20211015,20211015
9,81450486,"Midland Credit Management, Inc.",2132SC001588,Small Claims,Disposed (Statistical Purposes),20210909,20211019
10,81451458,"Midland Credit Management, Inc.",2164SC000312,Small Claims,Open,20210331,20210331
11,81452747,"Midland Credit Management, Inc.",2164SC000308,Small Claims,Disposed (Statistical Purposes),20210331,20220113
12,81452900,"Midland Credit Management, Inc.",2169SC000094EF,Small Claims,Disposed (Statistical Purposes),20210222,20220111
13,81453743,"Midland Credit Management, Inc.",2152SC000709,Small Claims,Disposed (Statistical Purposes),20211020,20211216
14,81454427,"Midland Credit Management, Inc.",2152SC000702,Small Claims,Disposed (Statistical Purposes),20211019,20211116
15,81455747,"Midland Credit Management, Inc.",2232SC000086,Small Claims,Open,20220127,20220127
16,81455766,"Midland Credit Management, Inc.",2164SC000311,Small Claims,Open,20210331,20210331
17,81456652,"Midland Credit Management, Inc.",2038SC000819,Small Claims,Disposed (Statistical Purposes),20201215,20211115
18,81456911,"Midland Credit Management, Inc.",2118CV000818,Civil,Open,20211229,20211229
19,81457040,"Midland Credit Management, Inc.",2132SC000389,Small Claims,Disposed (Statistical Purposes),20210316,20210803
20,81457731,"Midland Credit Management, Inc.",2038SC000820,Small Claims,Disposed (Statistical Purposes),20201214,20211117
21,81457921,"Midland Credit Management, Inc.",2118SC002615,Small Claims,Open,20211229,20211229
22,81458089,"Midland Credit Management, Inc.",2032SC001469,Small Claims,Disposed (Statistical Purposes),20200915,20210920
23,81458654,"Midland Credit Management, Inc.",2164SC000294EF,Small Claims,Disposed (Statistical Purposes),20210331,20220106
24,81459829,"Midland Credit Management, Inc.",2049SC000233,Small Claims,Disposed (Statistical Purposes),20200309,20210112
25,81459967,"Midland Credit Management, Inc.",2164SC000310,Small Claims,Disposed (Statistical Purposes),20210331,20220113
26,81460914,"Midland Credit Management, Inc.",2118CV000819,Civil,Open,20211229,20211229
27,81462148,"Midland Credit Management, Inc.",2049SC000253,Small Claims,Disposed (Statistical Purposes),20200309,20210126
28,81462683,"Midland Credit Management, Inc.",2232SC000087,Small Claims,Open,20220127,20220127
29,81463742,"Midland Credit Management, Inc.",2164SC000285EF,Small Claims,Disposed (Statistical Purposes),20210330,20220106
30,81466771,"Midland Credit Management, Inc.",2032SC001504,Small Claims,Disposed (Statistical Purposes),20200917,20210923
31,81468598,"Midland Credit Management, Inc.",2032SC001503,Small Claims,Disposed (Statistical Purposes),20200917,20210312
32,81468660,"Midland Credit Management, Inc.",2018SC001090,Small Claims,Disposed (Statistical Purposes),20200730,20210831
33,81470444,"Midland Credit Management, Inc.",2032SC001497,Small Claims,Disposed (Statistical Purposes),20200917,20210923
34,81470986,"Midland Credit Management, Inc.",2038SC000825,Small Claims,Disposed (Statistical Purposes),20201216,20211115
35,81472343,"Midland Credit Management, Inc.",2089SC000566,Small Claims,Disposed (Statistical Purposes),20201123,20210616
36,81472637,"Midland Credit Management, Inc.",2038SC000826,Small Claims,Disposed (Statistical Purposes),20201217,20211115
37,81472964,"Midland Credit Management, Inc.",2032SC001502,Small Claims,Disposed (Statistical Purposes),20200917,20210923
38,81473642,"Midland Credit Management, Inc.",2032SC001481,Small Claims,Disposed (Statistical Purposes),20200917,20210922
39,81474065,"Midland Credit Management, Inc.",2032SC001498,Small Claims,Disposed (Statistical Purposes),20200917,20210923
40,81474163,"Midland Credit Management, Inc.",2152SC000232,Small Claims,Open,20210402,20210402
41,81474202,"Midland Credit Management, Inc.",2132SC000401,Small Claims,Disposed (Statistical Purposes),20210319,20210804
42,81474264,"Midland Credit Management, Inc.",2049SC000545EF,Small Claims,Disposed (Statistical Purposes),20200911,20210330
43,81474268,"Midland Credit Management, Inc.",1998SC000629,Small Claims,Disposed (Statistical Purposes),20191213,20200324
44,81474643,"Midland Credit Management, Inc.",2032SC001505,Small Claims,Disposed (Statistical Purposes),20200917,20211105
45,81474690,"Midland Credit Management, Inc.",2020SC000478,Small Claims,Disposed (Statistical Purposes),20200924,20220111
46,81475006,"Midland Credit Management, Inc.",2152SC000715,Small Claims,Open,20211022,20211022
47,81475090,"Midland Credit Management, Inc.",2049SC000557,Small Claims,Disposed (Statistical Purposes),20200911,20210406
48,81475155,"Midland Credit Management, Inc.",2049SC000556,Small Claims,Disposed (Statistical Purposes),20200911,20210406
49,81475284,"Midland Credit Management, Inc.",2032SC001499,Small Claims,Disposed (Statistical Purposes),20200917,20210923
0,81475385,"Midland Credit Management, Inc.",2189SC000039,Small Claims,Disposed (Statistical Purposes),20210129,20210512
1,81475427,"Midland Credit Management, Inc.",2049SC000558,Small Claims,Disposed (Statistical Purposes),20200911,20210406
2,81475497,"Midland Credit Management, Inc.",2152SC000716,Small Claims,Open,20211022,20211022
3,81475613,"Midland Credit Management, Inc.",2132SC001838,Small Claims,Open,20211015,20211015
4,81475718,"Midland Credit Management, Inc.",2189SC000040,Small Claims,Disposed (Statistical Purposes),20210129,20210512
5,81475720,"Midland Credit Management, Inc.",2032SC001478,Small Claims,Disposed (Statistical Purposes),20200917,20210427
6,81475847,"Midland Credit Management, Inc.",2118SC002608,Small Claims,Open,20211230,20211230
7,81476059,"Midland Credit Management, Inc.",2049SC000555,Small Claims,Disposed (Statistical Purposes),20200911,20210406
8,81476190,"Midland Credit Management, Inc.",2189SC000038,Small Claims,Disposed (Statistical Purposes),20210129,20210512
9,81476297,"Midland Credit Management, Inc.",2163SC000471,Small Claims,Open,20211220,20211220
10,81476300,"Midland Credit Management, Inc.",2118SC002607,Small Claims,Open,20211230,20211230
11,81476581,"Midland Credit Management, Inc.",2152SC000223,Small Claims,Disposed (Statistical Purposes),20210401,20211215
12,81477149,"Midland Credit Management, Inc.",2163SC000107EF,Small Claims,Open,20210409,20210409
13,81477893,"Midland Credit Management, Inc.",2189SC000037,Small Claims,Disposed (Statistical Purposes),20210129,20210512
14,81477921,"Midland Credit Management, Inc.",2049SC000554,Small Claims,Disposed (Statistical Purposes),20200911,20210406
15,81478001,"Midland Credit Management, Inc.",1998SC000631,Small Claims,Disposed (Statistical Purposes),20191213,20191220
16,81478031,"Midland Credit Management, Inc.",2139SC000449-EF,Small Claims,Open,20211214,20211214
17,81478055,"Midland Credit Management, Inc.",2169SC000708,Small Claims,Open,20211020,20211020
18,81478178,"Midland Credit Management, Inc.",2163SC000110,Small Claims,Open,20210409,20210409
19,81479011,"Midland Credit Management, Inc.",2132SC001834,Small Claims,Open,20211015,20211015
20,81479801,"Midland Credit Management, Inc.",2047SC000059,Small Claims,Disposed (Statistical Purposes),20200203,20210914
21,81480000,"Midland Credit Management, Inc.",2032SC001479,Small Claims,Disposed (Statistical Purposes),20200917,20210920
22,81480326,"Midland Credit Management, Inc.",2132SC001836,Small Claims,Open,20211015,20211015
23,81480323,"Midland Credit Management, Inc.",2150SC000087,Small Claims,Disposed (Statistical Purposes),20210127,20211203
24,81480490,"Midland Credit Management, Inc.",2118SC002605,Small Claims,Open,20211230,20211230
25,81483068,"Midland Credit Management, Inc.",2118SC002606,Small Claims,Open,20211230,20211230
26,81484008,"Midland Credit Management, Inc.",2047SC000062,Small Claims,Disposed (Statistical Purposes),20200203,20210914
27,81484158,"Midland Credit Management, Inc.",2164SC001233,Small Claims,Open,20211115,20211115
28,81484361,"Midland Credit Management, Inc.",2141SC000175,Small Claims,Open,20210503,20210503
29,81486503,"Midland Credit Management, Inc.",2047SC000061,Small Claims,Disposed (Statistical Purposes),20200203,20210914
30,81486916,"Midland Credit Management, Inc.",2132SC001835,Small Claims,Open,20211015,20211015
31,81486932,"Midland Credit Management, Inc.",2139SC000306-EF,Small Claims,Disposed (Statistical Purposes),20210907,20211014
32,81487343,"Midland Credit Management, Inc.",2132SC001833,Small Claims,Open,20211015,20211015
33,81489043,"Midland Credit Management, Inc.",2111SC001216,Small Claims,Open,20210510,20210510
34,81489573,"Midland Credit Management, Inc.",2089SC000568,Small Claims,Disposed (Statistical Purposes),20201124,20210616
35,81489700,"Midland Credit Management, Inc.",2017SC000354,Small Claims,Disposed (Statistical Purposes),20200819,20211123
36,81490205,"Midland Credit Management, Inc.",2047SC000060,Small Claims,Disposed (Statistical Purposes),20200203,20210914
37,81490247,"Midland Credit Management, Inc.",2017SC000355,Small Claims,Disposed (Statistical Purposes),20200819,20211123
38,81491110,"Midland Credit Management, Inc.",2163SC000475EF,Small Claims,Open,20211222,20211222
39,81491792,"Midland Credit Management, Inc.",2049SC000548EF,Small Claims,Disposed (Statistical Purposes),20200914,20210407
40,81491819,"Midland Credit Management, Inc.",2189SC000073,Small Claims,Disposed (Statistical Purposes),20210201,20210630
41,81492363,"Midland Credit Management, Inc.",2169SC000713,Small Claims,Open,20211022,20211022
42,81492364,"Midland Credit Management, Inc.",2169SC000713,Small Claims,Open,20211022,20211022
43,81493997,"Midland Credit Management, Inc.",2113SC000349,Small Claims,Closed,20210301,20210730
44,81494088,"Midland Credit Management, Inc.",2189SC000074,Small Claims,Disposed (Statistical Purposes),20210201,20210630
45,81494109,"Midland Credit Management, Inc.",2040SC000049,Small Claims,Disposed (Statistical Purposes),20200319,20210225
46,81494619,"Midland Credit Management, Inc.",2113SC000347,Small Claims,Disposed (Statistical Purposes),20210301,20210716
47,81494972,"Midland Credit Management, Inc.",2113SC000341,Small Claims,Disposed (Statistical Purposes),20210301,20210816
48,81495458,"Midland Credit Management, Inc.",2164SC000305,Small Claims,Open,20210401,20210401
49,81496557,"Midland Credit Management, Inc.",2113SC000345,Small Claims,Disposed (Statistical Purposes),20210301,20210716
0,81497188,"Midland Credit Management, Inc.",1941SC000591,Small Claims,Disposed (Statistical Purposes),20191213,20211223
1,81497937,"Midland Credit Management, Inc.",1941SC000593,Small Claims,Disposed (Statistical Purposes),20191213,20211223
2,81498582,"Midland Credit Management, Inc.",2011SC002113EF,Small Claims,Open,20201207,20201207
3,81498636,"Midland Credit Management, Inc.",2013SC001160,Small Claims,Disposed (Statistical Purposes),20200923,20210908
4,81498803,"Midland Credit Management, Inc.",1941SC000592,Small Claims,Disposed (Statistical Purposes),20191213,20211223
5,81499475,"Midland Credit Management, Inc.",1941SC000594,Small Claims,Disposed (Statistical Purposes),20191213,20211223
6,81500051,"Midland Credit Management, Inc.",2032SC001489,Small Claims,Disposed (Statistical Purposes),20200922,20210115
7,81500248,"Midland Credit Management, Inc.",2032SC001490,Small Claims,Disposed (Statistical Purposes),20200922,20210922
8,81500556,"Midland Credit Management, Inc.",2113SC000343,Small Claims,Disposed (Statistical Purposes),20210301,20210616
9,81500868,"Midland Credit Management, Inc.",2113SC000350,Small Claims,Closed,20210301,20210601
10,81501212,"Midland Credit Management, Inc.",2032SC001532,Small Claims,Disposed (Statistical Purposes),20200921,20211028
11,81501343,"Midland Credit Management, Inc.",2218SC000001,Small Claims,Open,20220103,20220103
12,81501569,"Midland Credit Management, Inc.",2047SC000064,Small Claims,Suspended-Notices sent Covid-19,20200204,20200410
13,81501671,"Midland Credit Management, Inc.",2032SC001534,Small Claims,Disposed (Statistical Purposes),20200921,20211028
14,81502256,"Midland Credit Management, Inc.",2218SC000002,Small Claims,Open,20220103,20220103
15,81502571,"Midland Credit Management, Inc.",2032CV000382,Civil,Disposed (Statistical Purposes),20200921,20210128
16,81503018,"Midland Credit Management, Inc.",2049SC000564EF,Small Claims,Closed,20200915,20210407
17,81504464,"Midland Credit Management, Inc.",2011SC002112EF,Small Claims,Disposed (Statistical Purposes),20201207,20211208
18,81505140,"Midland Credit Management, Inc.",2049SC000563EF,Small Claims,Disposed (Statistical Purposes),20200915,20210407
19,81505980,"Midland Credit Management, Inc.",2118SC001903,Small Claims,Open,20210929,20210929
20,81506684,"Midland Credit Management, Inc.",2289CV000007,Civil,Open,20220110,20220110
21,81508000,"Midland Credit Management, Inc.",2018SC001092,Small Claims,Disposed (Statistical Purposes),20200731,20210831
22,81508284,"Midland Credit Management, Inc.",2016CV000009,Civil,Disposed (Statistical Purposes),20200110,20200716
23,81509184,"Midland Credit Management, Inc.",2118SC001902,Small Claims,Open,20210929,20210929
24,81510228,"Midland Credit Management, Inc.",2032SC001533,Small Claims,Disposed (Statistical Purposes),20200921,20211028
25,81510820,"Midland Credit Management, Inc.",2118SC001904,Small Claims,Open,20210929,20210929
26,81510986,"Midland Credit Management, Inc.",2163SC000117EFILE,Small Claims,Open,20210416,20210416
27,81511324,"Midland Credit Management, Inc.",2049SC000567,Small Claims,Disposed (Statistical Purposes),20200916,20210406
28,81512266,"Midland Credit Management, Inc.",2113SC001722,Small Claims,Open,20210902,20210902
29,81513076,"Midland Credit Management, Inc.",2021SC000469EF,Small Claims,Open,20201124,20201124
30,81513174,"Midland Credit Management, Inc.",2041SC000039,Small Claims,Disposed (Statistical Purposes),20200123,20211230
31,81514604,"Midland Credit Management, Inc.",2020SC000549,Small Claims,Open,20200928,20200928
32,81515098,"Midland Credit Management, Inc.",2018SC001343,Small Claims,Disposed (Statistical Purposes),20200910,20210907
33,81515402,"Midland Credit Management, Inc.",2041SC000038,Small Claims,Disposed (Statistical Purposes),20200123,20211230
34,81515584,"Midland Credit Management, Inc.",2018SC001344,Small Claims,Open,20200910,20200910
35,81515893,"Midland Credit Management, Inc.",2018SC001345,Small Claims,Disposed (Statistical Purposes),20200910,20210909
36,81516190,"Midland Credit Management, Inc.",2132SC000591,Small Claims,Disposed (Statistical Purposes),20210322,20210809
37,81516638,"Midland Credit Management, Inc.",2132SC001634,Small Claims,Disposed (Statistical Purposes),20210916,20211122
38,81516771,"Midland Credit Management, Inc.",2113SC000368,Small Claims,Disposed (Statistical Purposes),20210303,20210721
39,81516763,"Midland Credit Management, Inc.",2089SC000571,Small Claims,Disposed (Statistical Purposes),20201201,20210616
40,81516886,"Midland Credit Management, Inc.",2020SC000551,Small Claims,Open,20200928,20200928
41,81516919,"Midland Credit Management, Inc.",2169SC000110EF,Small Claims,Disposed (Statistical Purposes),20210301,20211230
42,81517945,"Midland Credit Management, Inc.",1941SC000599,Small Claims,Disposed (Statistical Purposes),20191216,20211223
43,81518034,"Midland Credit Management, Inc.",2020SC000550,Small Claims,Disposed (Statistical Purposes),20200928,20220125
44,81518212,"Midland Credit Management, Inc.",2113SC000367,Small Claims,Disposed (Statistical Purposes),20210303,20210728
45,81518844,"Midland Credit Management, Inc.",2113SC000369,Small Claims,Disposed (Statistical Purposes),20210303,20210721
46,81518957,"Midland Credit Management, Inc.",2152SC000724,Small Claims,Open,20211026,20211026
47,81520753,"Midland Credit Management, Inc.",2118SC000318,Small Claims,Disposed (Statistical Purposes),20210305,20220105
48,81520755,"Midland Credit Management, Inc.",2152SC000237,Small Claims,Open,20210406,20210406
49,81520924,"Midland Credit Management, Inc.",2118SC000319,Small Claims,Disposed (Statistical Purposes),20210305,20220120
0,81521035,"Midland Credit Management, Inc.",2189SC000075,Small Claims,Disposed (Statistical Purposes),20210205,20210630
1,81521160,"Midland Credit Management, Inc.",2049SC000572EF,Small Claims,Disposed (Statistical Purposes),20200917,20210407
2,81521309,"Midland Credit Management, Inc.",2011SC002119EF,Small Claims,Open,20201208,20201208
3,81521807,"Midland Credit Management, Inc.",2011SC002130EF,Small Claims,Open,20201209,20201209
4,81522096,"Midland Credit Management, Inc.",2011SC002124EF,Small Claims,Disposed (Statistical Purposes),20201209,20210222
5,81522248,"Midland Credit Management, Inc.",2118SC001911,Small Claims,Open,20211001,20211001
6,81522590,"Midland Credit Management, Inc.",2113SC000370,Small Claims,Disposed (Statistical Purposes),20210303,20210721
7,81522933,"Midland Credit Management, Inc.",2118SC001909,Small Claims,Open,20211001,20211001
8,81523063,"Midland Credit Management, Inc.",2118CV000168,Civil,Open,20210305,20210305
9,81523533,"Midland Credit Management, Inc.",2011SC002114EF,Small Claims,Open,20201208,20201208
10,81523576,"Midland Credit Management, Inc.",2152CV000574,Civil,Open,20211025,20211025
11,81523805,"Midland Credit Management, Inc.",2169SC000109EF,Small Claims,Disposed (Statistical Purposes),20210301,20220111
12,81524064,"Midland Credit Management, Inc.",2113SC000365,Small Claims,Disposed (Statistical Purposes),20210303,20211027
13,81524334,"Midland Credit Management, Inc.",2032SC001548,Small Claims,Disposed (Statistical Purposes),20200924,20211028
14,81524351,"Midland Credit Management, Inc.",2118SC001910,Small Claims,Open,20211001,20211001
15,81524581,"Midland Credit Management, Inc.",2139SC000458-EF,Small Claims,Open,20211222,20211222
16,81524596,"Midland Credit Management, Inc.",2113SC000371,Small Claims,Disposed (Statistical Purposes),20210303,20210416
17,81524910,"Midland Credit Management, Inc.",2150SC000099,Small Claims,Disposed (Statistical Purposes),20210203,20211210
18,81525672,"Midland Credit Management, Inc.",2038SC000855,Small Claims,Disposed (Statistical Purposes),20201224,20211115
19,81525755,"Midland Credit Management, Inc.",2088SC000084,Small Claims,Disposed (Statistical Purposes),20200923,20201105
20,81525928,"Midland Credit Management, Inc.",2011SC002122EF,Small Claims,Open,20201209,20201209
21,81526119,"Midland Credit Management, Inc.",1998SC000645,Small Claims,Suspended Covid 19 extended,20191219,20191219
22,81526375,"Midland Credit Management, Inc.",2032SC001510,Small Claims,Disposed (Statistical Purposes),20200924,20210923
23,81526682,"Midland Credit Management, Inc.",2169SC000722,Small Claims,Open,20211028,20211028
24,81526701,"Midland Credit Management, Inc.",2150SC000098,Small Claims,Disposed (Statistical Purposes),20210203,20220107
25,81526961,"Midland Credit Management, Inc.",2012SC000175,Small Claims,Disposed (Statistical Purposes),20200731,20211105
26,81527084,"Midland Credit Management, Inc.",2032SC001506,Small Claims,Disposed (Statistical Purposes),20200923,20210923
27,81527355,"Midland Credit Management, Inc.",2011SC002128EF,Small Claims,Open,20201209,20201209
28,81527665,"Midland Credit Management, Inc.",2163CV000148,Civil,Open,20211230,20211230
29,81527934,"Midland Credit Management, Inc.",2011SC002127EF,Small Claims,Open,20201209,20201209
30,81528696,"Midland Credit Management, Inc.",2047SC000072,Small Claims,Disposed (Statistical Purposes),20200206,20210928
31,81529161,"Midland Credit Management, Inc.",2011SC002126EF,Small Claims,Open,20201209,20201209
32,81529365,"Midland Credit Management, Inc.",2013SC001190,Small Claims,Closed,20200928,20210908
33,81529712,"Midland Credit Management, Inc.",2011SC002123EF,Small Claims,Open,20201209,20201209
34,81530171,"Midland Credit Management, Inc.",2113SC001725,Small Claims,Open,20210903,20210903
35,81530205,"Midland Credit Management, Inc.",2013SC001189,Small Claims,Disposed (Statistical Purposes),20200928,20210908
36,81530343,"Midland Credit Management, Inc.",2169SC000727,Small Claims,Open,20211028,20211028
37,81530618,"Midland Credit Management, Inc.",2049SC000570EF,Small Claims,Disposed (Statistical Purposes),20200917,20210407
38,81530645,"Midland Credit Management, Inc.",2013SC001188,Small Claims,Disposed (Statistical Purposes),20200928,20210908
39,81531259,"Midland Credit Management, Inc.",2063SC000105,Small Claims,Disposed (Statistical Purposes),20200310,20210222
40,81531280,"Midland Credit Management, Inc.",2066SC000213,Small Claims,Closed,20200605,20201222
41,81531521,"Midland Credit Management, Inc.",2113SC000380,Small Claims,Open,20210305,20210305
42,81533205,"Midland Credit Management, Inc.",2013SC001191,Small Claims,Disposed (Statistical Purposes),20200928,20210512
43,81534092,"Midland Credit Management, Inc.",2163SC000122,Small Claims,Open,20210420,20210420
44,81534839,"Midland Credit Management, Inc.",2118SC001929,Small Claims,Open,20211004,20211004
45,81535387,"Midland Credit Management, Inc.",2113SC000379,Small Claims,Disposed (Statistical Purposes),20210305,20210728
46,81537298,"Midland Credit Management, Inc.",2189SC000078,Small Claims,Disposed (Statistical Purposes),20210209,20210630
47,81537419,"Midland Credit Management, Inc.",2132SC000595,Small Claims,Disposed (Statistical Purposes),20210322,20210805
48,81537726,"Midland Credit Management, Inc.",2189SC000076,Small Claims,Disposed (Statistical Purposes),20210209,20210630
49,81537896,"Midland Credit Management, Inc.",2011SC002140EF,Small Claims,Open,20201211,20201211
0,81538297,"Midland Credit Management, Inc.",2011SC002135EF,Small Claims,Open,20201211,20201211
1,81538745,"Midland Credit Management, Inc.",2133SC002950,Small Claims,Open,20211124,20211124
2,81539333,"Midland Credit Management, Inc.",2189SC000077,Small Claims,Disposed (Statistical Purposes),20210209,20210630
3,81539809,"Midland Credit Management, Inc.",2011SC002131EF,Small Claims,Disposed (Statistical Purposes),20201210,20210330
4,81540094,"Midland Credit Management, Inc.",2113SC001458,Small Claims,Open,20210816,20210816
5,81540610,"Midland Credit Management, Inc.",2011SC002134EF,Small Claims,Open,20201210,20201210
6,81540650,"Midland Credit Management, Inc.",2198SC000084EF,Small Claims,Disposed (Statistical Purposes),20210215,20210528
7,81541199,"Midland Credit Management, Inc.",2132SC000403,Small Claims,Disposed (Statistical Purposes),20210322,20210805
8,81541908,"Midland Credit Management, Inc.",2149CV000150,Civil,Open,20210330,20210330
9,81542472,"Midland Credit Management, Inc.",2021SC000326EF,Small Claims,Disposed (Statistical Purposes),20200917,20210430
10,81542712,"Midland Credit Management, Inc.",2011SC002139EF,Small Claims,Open,20201211,20201211
11,81543028,"Midland Credit Management, Inc.",2121SC000698EF,Small Claims,Open,20211227,20211227
12,81543155,"Midland Credit Management, Inc.",2021SC000328EF,Small Claims,Disposed (Statistical Purposes),20200918,20210426
13,81543470,"Midland Credit Management, Inc.",2016SC000277,Small Claims,Disposed (Statistical Purposes),20200605,20201123
14,81543925,"Midland Credit Management, Inc.",2087SC000091,Small Claims,Disposed (Statistical Purposes),20200819,20210201
15,81545848,"Midland Credit Management, Inc.",2118SC001916,Small Claims,Open,20211004,20211004
16,81546190,"Midland Credit Management, Inc.",2032SC001549,Small Claims,Disposed (Statistical Purposes),20200924,20211028
17,81546378,"Midland Credit Management, Inc.",2113SC001727,Small Claims,Open,20210906,20210906
18,81546704,"Midland Credit Management, Inc.",2011SC002137EF,Small Claims,Open,20201211,20201211
19,81546815,"Midland Credit Management, Inc.",2113SC001729,Small Claims,Open,20210906,20210906
20,81546933,"Midland Credit Management, Inc.",2113SC000090,Small Claims,Open,20210127,20210127
21,81547452,"Midland Credit Management, Inc.",2113SC000132,Small Claims,Open,20210128,20210128
22,81547633,"Midland Credit Management, Inc.",2113SC001728,Small Claims,Open,20210906,20210906
23,81547648,"Midland Credit Management, Inc.",2138SC000274,Small Claims,Disposed (Statistical Purposes),20210319,20211214
24,81548300,"Midland Credit Management, Inc.",2169SC000742,Small Claims,Open,20211101,20211101
25,81548697,"Midland Credit Management, Inc.",2133SC002970,Small Claims,Open,20211126,20211126
26,81548856,"Midland Credit Management, Inc.",2133SC002965,Small Claims,Open,20211126,20211126
27,81549131,"Midland Credit Management, Inc.",2118SC000433,Small Claims,Open,20210309,20210309
28,81549220,"Midland Credit Management, Inc.",2189SC000082,Small Claims,Disposed (Statistical Purposes),20210210,20210630
29,81549514,"Midland Credit Management, Inc.",2113SC000088,Small Claims,Disposed (Statistical Purposes),20210127,20211027
30,81549646,"Midland Credit Management, Inc.",2133SC002964,Small Claims,Open,20211126,20211126
31,81549813,"Midland Credit Management, Inc.",2189SC000081,Small Claims,Disposed (Statistical Purposes),20210210,20210630
32,81550017,"Midland Credit Management, Inc.",2133SC002968,Small Claims,Open,20211126,20211126
33,81550047,"Midland Credit Management, Inc.",2132SC000637,Small Claims,Disposed (Statistical Purposes),20210322,20210810
34,81550513,"Midland Credit Management, Inc.",2169SC000751,Small Claims,Open,20211101,20211101
35,81550517,"Midland Credit Management, Inc.",2133SC002953,Small Claims,Open,20211126,20211126
36,81550719,"Midland Credit Management, Inc.",2133SC002952,Small Claims,Disposed (Statistical Purposes),20211126,20220208
37,81551335,"Midland Credit Management, Inc.",2133SC002966,Small Claims,Open,20211126,20211126
38,81551524,"Midland Credit Management, Inc.",2169SC000741,Small Claims,Open,20211101,20211101
39,81552484,"Midland Credit Management, Inc.",2189SC000080,Small Claims,Disposed (Statistical Purposes),20210210,20210630
40,81553070,"Midland Credit Management, Inc.",2032SC001519,Small Claims,Disposed (Statistical Purposes),20200925,20211029
41,81553588,"Midland Credit Management, Inc.",2113SC000384,Small Claims,Disposed (Statistical Purposes),20210309,20210728
42,81555436,"Midland Credit Management, Inc.",2113SC000135,Small Claims,Disposed (Statistical Purposes),20210128,20211103
43,81555728,"Midland Credit Management, Inc.",2138SC001045,Small Claims,Disposed (Statistical Purposes),20211025,20211202
44,81556315,"Midland Credit Management, Inc.",2014SC001104,Small Claims,Open,20201223,20201223
45,81556416,"Midland Credit Management, Inc.",2049CV000266,Civil,Open,20200921,20200921
46,81556500,"Midland Credit Management, Inc.",2138SC001050,Small Claims,Disposed (Statistical Purposes),20211025,20211224
47,81557158,"Midland Credit Management, Inc.",2138SC001036,Small Claims,Open,20211025,20211025
48,81557323,"Midland Credit Management, Inc.",2132SC000593,Small Claims,Disposed (Statistical Purposes),20210322,20210809
49,81557418,"Midland Credit Management, Inc.",2169SC000137EF,Small Claims,Open,20210309,20210309
0,81557618,"Midland Credit Management, Inc.",2113SC001643,Small Claims,Open,20210816,20210816
1,81557769,"Midland Credit Management, Inc.",2138SC001048,Small Claims,Open,20211025,20211025
2,81557969,"Midland Credit Management, Inc.",2113SC000085,Small Claims,Disposed (Statistical Purposes),20210127,20211027
3,81558304,"Midland Credit Management, Inc.",2041SC000214,Small Claims,Open,20200604,20200604
4,81558557,"Midland Credit Management, Inc.",2138SC001052,Small Claims,Open,20211025,20211025
5,81558695,"Midland Credit Management, Inc.",2113SC000142,Small Claims,Disposed (Statistical Purposes),20210128,20211103
6,81559899,"Midland Credit Management, Inc.",2113SC000390,Small Claims,Open,20210308,20210308
7,81559968,"Midland Credit Management, Inc.",2132SC000594,Small Claims,Disposed (Statistical Purposes),20210322,20210811
8,81560101,"Midland Credit Management, Inc.",2113SC000134,Small Claims,Closed,20210128,20211203
9,81560210,"Midland Credit Management, Inc.",2189CV000025,Civil,Disposed (Statistical Purposes),20210212,20211118
10,81560287,"Midland Credit Management, Inc.",2047SC000171,Small Claims,Disposed (Statistical Purposes),20200604,20200703
11,81560914,"Midland Credit Management, Inc.",2138SC001049,Small Claims,Open,20211025,20211025
12,81561219,"Midland Credit Management, Inc.",2011SC001646EF,Small Claims,Disposed (Statistical Purposes),20200914,20210622
13,81562758,"Midland Credit Management, Inc.",2113SC001461,Small Claims,Open,20210817,20210817
14,81562837,"Midland Credit Management, Inc.",2041SC000057,Small Claims,Disposed (Statistical Purposes),20200203,20220127
15,81563262,"Midland Credit Management, Inc.",2138SC001044,Small Claims,Open,20211025,20211025
16,81563540,"Midland Credit Management, Inc.",2041SC000053,Small Claims,Disposed (Statistical Purposes),20200203,20211230
17,81563783,"Midland Credit Management, Inc.",2041SC000058,Small Claims,Disposed (Statistical Purposes),20200203,20211230
18,81564077,"Midland Credit Management, Inc.",2011SC001633,Small Claims,Disposed (Statistical Purposes),20200914,20211005
19,81564645,"Midland Credit Management, Inc.",2113SC000093,Small Claims,Open,20210128,20210128
20,81565043,"Midland Credit Management, Inc.",2169CV000221,Civil,Open,20211103,20211103
21,81565179,"Midland Credit Management, Inc.",2113SC000133,Small Claims,Disposed (Statistical Purposes),20210128,20211103
22,81565362,"Midland Credit Management, Inc.",2041SC000052,Small Claims,Disposed (Statistical Purposes),20200203,20211230
23,81565568,"Midland Credit Management, Inc.",2138SC001047,Small Claims,Open,20211025,20211025
24,81565886,"Midland Credit Management, Inc.",2041SC000218,Small Claims,Disposed (Statistical Purposes),20200605,20220203
25,81565929,"Midland Credit Management, Inc.",2150SC000103,Small Claims,Disposed (Statistical Purposes),20210204,20210506
26,81566003,"Midland Credit Management, Inc.",2032SC001521,Small Claims,Disposed (Statistical Purposes),20200928,20211029
27,81566124,"Midland Credit Management, Inc.",2041SC000054,Small Claims,Disposed (Statistical Purposes),20200203,20220127
28,81566503,"Midland Credit Management, Inc.",2041SC000055,Small Claims,Disposed (Statistical Purposes),20200203,20211230
29,81566816,"Midland Credit Management, Inc.",2113SC001662,Small Claims,Open,20210817,20210817
30,81566851,"Midland Credit Management, Inc.",2150SC000102,Small Claims,Open,20210204,20210204
31,81567055,"Midland Credit Management, Inc.",2020SC000540,Small Claims,Open,20201001,20201001
32,81567107,"Midland Credit Management, Inc.",2113SC000094,Small Claims,Disposed (Statistical Purposes),20210128,20211103
33,81567259,"Midland Credit Management, Inc.",2169SC000753,Small Claims,Open,20211103,20211103
34,81567478,"Midland Credit Management, Inc.",2041SC000056,Small Claims,Disposed (Statistical Purposes),20200203,20211230
35,81567580,"Midland Credit Management, Inc.",2150SC000171,Small Claims,Open,20210205,20210205
36,81567754,"Midland Credit Management, Inc.",2211SC000004EF,Small Claims,Open,20220103,20220103
37,81568278,"Midland Credit Management, Inc.",2041SC000215,Small Claims,Disposed (Statistical Purposes),20200605,20220203
38,81568354,"Midland Credit Management, Inc.",2113SC000204,Small Claims,Disposed (Statistical Purposes),20210217,20211208
39,81568760,"Midland Credit Management, Inc.",2132SC001855,Small Claims,Open,20211019,20211019
40,81568966,"Midland Credit Management, Inc.",2049SC000596EF,Small Claims,Disposed (Statistical Purposes),20200923,20210407
41,81569003,"Midland Credit Management, Inc.",2113SC001459,Small Claims,Open,20210816,20210816
42,81569524,"Midland Credit Management, Inc.",2138SC001051,Small Claims,Open,20211025,20211025
43,81569733,"Midland Credit Management, Inc.",2132SC001885,Small Claims,Open,20211020,20211020
44,81570326,"Midland Credit Management, Inc.",2169SC000752,Small Claims,Open,20211103,20211103
45,81570482,"Midland Credit Management, Inc.",2132SC001886,Small Claims,Open,20211020,20211020
46,81570510,"Midland Credit Management, Inc.",2032SC001543,Small Claims,Disposed (Statistical Purposes),20200928,20211029
47,81570997,"Midland Credit Management, Inc.",2211SC000001EF,Small Claims,Open,20220103,20220103
48,81571747,"Midland Credit Management, Inc.",2211SC000002EF,Small Claims,Open,20220103,20220103
49,81572288,"Midland Credit Management, Inc.",2113SC000203,Small Claims,Disposed (Statistical Purposes),20210217,20211208
0,81572548,"Midland Credit Management, Inc.",2011SC001645EF,Small Claims,Open,20200914,20200914
1,81572764,"Midland Credit Management, Inc.",2118SC000114,Small Claims,Disposed (Statistical Purposes),20210128,20211213
2,81573508,"Midland Credit Management, Inc.",2113SC001661,Small Claims,Open,20210817,20210817
3,81573830,"Midland Credit Management, Inc.",2113SC001460,Small Claims,Open,20210817,20210817
4,81574111,"Midland Credit Management, Inc.",2113SC000202,Small Claims,Disposed (Statistical Purposes),20210217,20211208
5,81574626,"Midland Credit Management, Inc.",2211SC000003EF,Small Claims,Open,20220103,20220103
6,81574784,"Midland Credit Management, Inc.",2113SC001457,Small Claims,Open,20210816,20210816
7,81574847,"Midland Credit Management, Inc.",2032SC001575,Small Claims,Disposed (Statistical Purposes),20200928,20211104
8,81575110,"Midland Credit Management, Inc.",1941SC000619,Small Claims,Disposed (Statistical Purposes),20191223,20211223
9,81575172,"Midland Credit Management, Inc.",2118SC000119,Small Claims,Disposed (Statistical Purposes),20210128,20211213
10,81575520,"Midland Credit Management, Inc.",2132SC001857,Small Claims,Open,20211019,20211019
11,81576058,"Midland Credit Management, Inc.",2132SC000695,Small Claims,Disposed (Statistical Purposes),20210324,20210812
12,81576276,"Midland Credit Management, Inc.",2118SC000118,Small Claims,Disposed (Statistical Purposes),20210128,20211213
13,81576788,"Midland Credit Management, Inc.",2132SC001854,Small Claims,Disposed (Statistical Purposes),20211019,20220208
14,81576873,"Midland Credit Management, Inc.",2138SC000276,Small Claims,Open,20210322,20210322
15,81577500,"Midland Credit Management, Inc.",2111SC000600EF,Small Claims,Disposed (Statistical Purposes),20210303,20211108
16,81577988,"Midland Credit Management, Inc.",2087SC000098,Small Claims,Disposed (Statistical Purposes),20200828,20210201
17,81578069,"Midland Credit Management, Inc.",2132SC001859,Small Claims,Open,20211019,20211019
18,81578208,"Midland Credit Management, Inc.",2113SC000131,Small Claims,Disposed (Statistical Purposes),20210129,20211103
19,81578230,"Midland Credit Management, Inc.",2132SC000694,Small Claims,Disposed (Statistical Purposes),20210325,20210812
20,81578383,"Midland Credit Management, Inc.",2150SC000168,Small Claims,Disposed (Statistical Purposes),20210204,20211217
21,81579875,"Midland Credit Management, Inc.",2021SC000478,Small Claims,Disposed (Statistical Purposes),20201209,20210514
22,81580705,"Midland Credit Management, Inc.",2021SC000479,Small Claims,Disposed (Statistical Purposes),20201209,20210514
23,81581208,"Midland Credit Management, Inc.",2289SC000039,Small Claims,Open,20220121,20220121
24,81581921,"Midland Credit Management, Inc.",2111SC000570EF,Small Claims,Open,20210302,20210302
25,81582022,"Midland Credit Management, Inc.",2133SC002976,Small Claims,Open,20211130,20211130
26,81582642,"Midland Credit Management, Inc.",2049SC000599EF,Small Claims,Disposed (Statistical Purposes),20200925,20210407
27,81583473,"Midland Credit Management, Inc.",2133SC002967,Small Claims,Open,20211201,20211201
28,81583854,"Midland Credit Management, Inc.",2113SC001770,Small Claims,Open,20210909,20210909
29,81583855,"Midland Credit Management, Inc.",2138SC001064,Small Claims,Open,20211028,20211028
30,81584129,"Midland Credit Management, Inc.",2111SC000569EF,Small Claims,Open,20210302,20210302
31,81584247,"Midland Credit Management, Inc.",2111SC000576EF,Small Claims,Open,20210303,20210303
32,81584301,"Midland Credit Management, Inc.",2132SC001858,Small Claims,Open,20211019,20211019
33,81584954,"Midland Credit Management, Inc.",2111SC000599EF,Small Claims,Open,20210303,20210303
34,81585589,"Midland Credit Management, Inc.",2041SC000066,Small Claims,Disposed (Statistical Purposes),20200207,20211230
35,81585649,"Midland Credit Management, Inc.",2041SC000067,Small Claims,Disposed (Statistical Purposes),20200207,20211230
36,81585788,"Midland Credit Management, Inc.",2138SC001063,Small Claims,Open,20211027,20211027
37,81587342,"Midland Credit Management, Inc.",2138SC001056,Small Claims,Open,20211028,20211028
38,81588317,"Midland Credit Management, Inc.",2132SC001856,Small Claims,Open,20211019,20211019
39,81588341,"Midland Credit Management, Inc.",2118SC000115,Small Claims,Disposed (Statistical Purposes),20210127,20211213
40,81588388,"Midland Credit Management, Inc.",2138SC001058,Small Claims,Open,20211028,20211028
41,81588605,"Midland Credit Management, Inc.",2021SC000485,Small Claims,Disposed (Statistical Purposes),20201211,20210514
42,81589514,"Midland Credit Management, Inc.",2118SC000113,Small Claims,Disposed (Statistical Purposes),20210128,20210727
43,81589920,"Midland Credit Management, Inc.",2050SC000957,Small Claims,Open,20200707,20200707
44,81590513,"Midland Credit Management, Inc.",2118SC002181,Small Claims,Open,20211022,20211022
45,81590695,"Midland Credit Management, Inc.",2133SC002975,Small Claims,Open,20211130,20211130
46,81590804,"Midland Credit Management, Inc.",2169SC000150EF,Small Claims,Open,20210315,20210315
47,81590816,"Midland Credit Management, Inc.",2111SC000009EF,Small Claims,Open,20210104,20210104
48,81590952,"Midland Credit Management, Inc.",2118SC002179,Small Claims,Open,20211022,20211022
49,81591276,"Midland Credit Management, Inc.",2013SC001284,Small Claims,Disposed (Statistical Purposes),20201028,20210709
0,81593852,"Midland Credit Management, Inc.",2032SC001576,Small Claims,Disposed (Statistical Purposes),20200928,20211104
1,81593997,"Midland Credit Management, Inc.",2166SC000680,Small Claims,Open,20211118,20211118
2,81594010,"Midland Credit Management, Inc.",2033SC001691,Small Claims,Disposed (Statistical Purposes),20200928,20210922
3,81595282,"Midland Credit Management, Inc.",2128SC000509,Small Claims,Open,20211129,20211129
4,81595337,"Midland Credit Management, Inc.",2013CV000602,Civil,Disposed (Statistical Purposes),20201028,20210114
5,81596223,"Midland Credit Management, Inc.",2113SC000158,Small Claims,Open,20210201,20210201
6,81596602,"Midland Credit Management, Inc.",2289CV000017,Civil,Open,20220124,20220124
7,81596620,"Midland Credit Management, Inc.",2032SC002016,Small Claims,Covid 19 XXX Notice Issued,20201228,20210601
8,81596695,"Midland Credit Management, Inc.",2113SC000284,Small Claims,Disposed (Statistical Purposes),20210218,20211201
9,81596755,"Midland Credit Management, Inc.",2149SC001153EF,Small Claims,Closed,20211206,20220208
10,81597075,"Midland Credit Management, Inc.",2032SC001972,Small Claims,Disposed (Statistical Purposes),20201228,20210302
11,81597475,"Midland Credit Management, Inc.",2289CV000015,Civil,Open,20220124,20220124
12,81597761,"Midland Credit Management, Inc.",2113SC000153,Small Claims,Closed,20210201,20210813
13,81598578,"Midland Credit Management, Inc.",2113SC000160,Small Claims,Closed,20210201,20211015
14,81599012,"Midland Credit Management, Inc.",2111SC002603EF,Small Claims,Open,20210916,20210916
15,81599238,"Midland Credit Management, Inc.",2198SC000179EF,Small Claims,Disposed (Statistical Purposes),20210409,20210618
16,81599707,"Midland Credit Management, Inc.",2013SC001297,Small Claims,Disposed (Statistical Purposes),20201028,20210405
17,81600148,"Midland Credit Management, Inc.",2049SC000587,Small Claims,Disposed (Statistical Purposes),20200928,20210406
18,81600611,"Midland Credit Management, Inc.",2033SC001689,Small Claims,Disposed (Statistical Purposes),20200928,20210922
19,81600833,"Midland Credit Management, Inc.",2211SC000029EF,Small Claims,Open,20220105,20220105
20,81600889,"Midland Credit Management, Inc.",2013SC001285,Small Claims,Disposed (Statistical Purposes),20201028,20210709
21,81601016,"Midland Credit Management, Inc.",2032SC001974,Small Claims,Covid 19 XXX Notice Issued,20201229,20210601
22,81601031,"Midland Credit Management, Inc.",2113SC000148,Small Claims,Closed,20210201,20211116
23,81601509,"Midland Credit Management, Inc.",2016SC000554EF,Small Claims,Disposed (Statistical Purposes),20201119,20210303
24,81602231,"Midland Credit Management, Inc.",2016SC000553EF,Small Claims,Disposed (Statistical Purposes),20201119,20210308
25,81602742,"Midland Credit Management, Inc.",2169SC000156EF,Small Claims,Open,20210316,20210316
26,81602782,"Midland Credit Management, Inc.",2013SC001295,Small Claims,Disposed (Statistical Purposes),20201028,20210616
27,81603075,"Midland Credit Management, Inc.",2138SC001060,Small Claims,Open,20211029,20211029
28,81603211,"Midland Credit Management, Inc.",2011SC001651EF,Small Claims,Open,20200915,20200915
29,81603228,"Midland Credit Management, Inc.",2033SC001687,Small Claims,Open,20200928,20200928
30,81603630,"Midland Credit Management, Inc.",2016SC000551,Small Claims,Disposed (Statistical Purposes),20201119,20210308
31,81603960,"Midland Credit Management, Inc.",2032SC001567,Small Claims,Disposed (Statistical Purposes),20200929,20211101
32,81603977,"Midland Credit Management, Inc.",2113SC000286,Small Claims,Open,20210218,20210218
33,81604052,"Midland Credit Management, Inc.",2032SC001976,Small Claims,Covid 19 XXX Notice Issued,20201229,20210601
34,81604103,"Midland Credit Management, Inc.",2013SC001287,Small Claims,Disposed (Statistical Purposes),20201028,20210616
35,81604127,"Midland Credit Management, Inc.",2032SC001970,Small Claims,Covid 19 XXX Notice Issued,20201228,20210601
36,81604140,"Midland Credit Management, Inc.",2169SC000158EF,Small Claims,Open,20210316,20210316
37,81604242,"Midland Credit Management, Inc.",2013SC001286,Small Claims,Disposed (Statistical Purposes),20201028,20210709
38,81604550,"Midland Credit Management, Inc.",2050SC000977,Small Claims,Disposed (Statistical Purposes),20200708,20201022
39,81604701,"Midland Credit Management, Inc.",2011SC001650EF,Small Claims,Open,20200915,20200915
40,81604702,"Midland Credit Management, Inc.",2021SC000486,Small Claims,Disposed (Statistical Purposes),20201215,20210514
41,81605008,"Midland Credit Management, Inc.",2113SC000242,Small Claims,Disposed (Statistical Purposes),20210218,20211208
42,81605394,"Midland Credit Management, Inc.",2132SC002512,Small Claims,Open,20211022,20211022
43,81605751,"Midland Credit Management, Inc.",2011SC001653EF,Small Claims,Open,20200915,20200915
44,81605824,"Midland Credit Management, Inc.",2132SC002503,Small Claims,Open,20211022,20211022
45,81607132,"Midland Credit Management, Inc.",2032SC002025,Small Claims,Covid 19 XXX Notice Issued,20201229,20210601
46,81607112,"Midland Credit Management, Inc.",2113SC000285,Small Claims,Disposed (Statistical Purposes),20210218,20211201
47,81607097,"Midland Credit Management, Inc.",2132SC002492,Small Claims,Open,20211022,20211022
48,81607426,"Midland Credit Management, Inc.",2113SC000241,Small Claims,Disposed (Statistical Purposes),20210218,20211208
49,81607574,"Midland Credit Management, Inc.",1932SC003255,Small Claims,Covid 19 XXX Notice Issued,20191220,20200923
0,81608360,"Midland Credit Management, Inc.",2032SC001596,Small Claims,Disposed (Statistical Purposes),20201001,20211207
1,81608375,"Midland Credit Management, Inc.",1941SC000621,Small Claims,Disposed (Statistical Purposes),20191226,20211223
2,81608519,"Midland Credit Management, Inc.",1932SC003260,Small Claims,Disposed (Statistical Purposes),20191220,20200312
3,81609299,"Midland Credit Management, Inc.",1932SC003259,Small Claims,Disposed (Statistical Purposes),20191220,20200312
4,81609444,"Midland Credit Management, Inc.",2050SC000955,Small Claims,Open,20200707,20200707
5,81609731,"Midland Credit Management, Inc.",2150SC001555,Small Claims,Open,20210816,20210816
6,81610019,"Midland Credit Management, Inc.",1932SC003258,Small Claims,Disposed (Statistical Purposes),20191220,20200312
7,81610058,"Midland Credit Management, Inc.",2033SC001675,Small Claims,Open,20200928,20200928
8,81610211,"Midland Credit Management, Inc.",2132SC002494,Small Claims,Open,20211022,20211022
9,81610432,"Midland Credit Management, Inc.",2041SC000073,Small Claims,Disposed (Statistical Purposes),20200210,20220106
10,81610594,"Midland Credit Management, Inc.",1932SC003261,Small Claims,Disposed (Statistical Purposes),20191220,20200312
11,81610623,"Midland Credit Management, Inc.",2132SC002510,Small Claims,Open,20211022,20211022
12,81610745,"Midland Credit Management, Inc.",2132SC001898,Small Claims,Open,20211021,20211021
13,81611335,"Midland Credit Management, Inc.",2041SC000074,Small Claims,Open,20200210,20200210
14,81611480,"Midland Credit Management, Inc.",2117SC000583,Small Claims,Open,20211025,20211025
15,81611513,"Midland Credit Management, Inc.",1932SC003257,Small Claims,Disposed (Statistical Purposes),20191220,20200129
16,81611707,"Midland Credit Management, Inc.",1932SC003256,Small Claims,Disposed (Statistical Purposes),20191220,20211019
17,81612117,"Midland Credit Management, Inc.",1932SC003262,Small Claims,Disposed (Statistical Purposes),20191220,20200207
18,81613172,"Midland Credit Management, Inc.",2033SC001674,Small Claims,Open,20200928,20200928
19,81613858,"Midland Credit Management, Inc.",2117SC000582,Small Claims,Open,20211025,20211025
20,81614711,"Midland Credit Management, Inc.",2149SC001163,Small Claims,Open,20211209,20211209
21,81614738,"Midland Credit Management, Inc.",2033SC001692,Small Claims,Disposed (Statistical Purposes),20200928,20210922
22,81614861,"Midland Credit Management, Inc.",2138SC000280,Small Claims,Open,20210324,20210324
23,81616857,"Midland Credit Management, Inc.",2117SC000585,Small Claims,Open,20211025,20211025
24,81617008,"Midland Credit Management, Inc.",2138SC001070,Small Claims,Open,20211101,20211101
25,81617046,"Midland Credit Management, Inc.",2113SC001479,Small Claims,Open,20210818,20210818
26,81617050,"Midland Credit Management, Inc.",2013SC001299,Small Claims,Closed,20201029,20210608
27,81619383,"Midland Credit Management, Inc.",2012SC000149,Small Claims,Disposed (Statistical Purposes),20200629,20211022
28,81619734,"Midland Credit Management, Inc.",2013SC001308,Small Claims,Closed,20201030,20210910
29,81619818,"Midland Credit Management, Inc.",2011SC001643,Small Claims,Open,20200917,20200917
30,81619831,"Midland Credit Management, Inc.",2117SC000032,Small Claims,Open,20210209,20210209
31,81620363,"Midland Credit Management, Inc.",2117SC000584,Small Claims,Open,20211025,20211025
32,81620452,"Midland Credit Management, Inc.",2011SC001670,Small Claims,Open,20200917,20200917
33,81620797,"Midland Credit Management, Inc.",1932SC003265,Small Claims,Disposed (Statistical Purposes),20191223,20200311
34,81620958,"Midland Credit Management, Inc.",2113SC001478,Small Claims,Open,20210818,20210818
35,81621126,"Midland Credit Management, Inc.",2011SC001687EF,Small Claims,Open,20200918,20200918
36,81622007,"Midland Credit Management, Inc.",2135SC000101,Small Claims,Open,20210920,20210920
37,81622113,"Midland Credit Management, Inc.",2166SC000023,Small Claims,Disposed (Statistical Purposes),20210127,20211026
38,81622626,"Midland Credit Management, Inc.",2128SC000514,Small Claims,Open,20211202,20211202
39,81623650,"Midland Credit Management, Inc.",2049SC000607EF,Small Claims,Closed,20200930,20210406
40,81623781,"Midland Credit Management, Inc.",2032SC002037,Small Claims,Covid 19 XXX Notice Issued,20201230,20210611
41,81623870,"Midland Credit Management, Inc.",2128SC000520,Small Claims,Open,20211203,20211203
42,81624748,"Midland Credit Management, Inc.",2128SC000515,Small Claims,Open,20211202,20211202
43,81624820,"Midland Credit Management, Inc.",2013SC001309,Small Claims,Disposed (Statistical Purposes),20201030,20210707
44,81625168,"Midland Credit Management, Inc.",2032SC002055,Small Claims,Covid 19 XXX Notice Issued,20201231,20210611
45,81627343,"Midland Credit Management, Inc.",2049SC000592,Small Claims,Closed,20200929,20210330
46,81627581,"Midland Credit Management, Inc.",2011SC001686EF,Small Claims,Open,20200918,20200918
47,81627655,"Midland Credit Management, Inc.",2013SC001301,Small Claims,Closed,20201030,20211214
48,81628908,"Midland Credit Management, Inc.",2132SC001900,Small Claims,Disposed (Statistical Purposes),20211021,20220124
49,81629022,"Midland Credit Management, Inc.",1932SC003266,Small Claims,Covid 19 XXX Notice Issued,20191223,20210210
0,81629848,"Midland Credit Management, Inc.",2032SC002034,Small Claims,Covid 19 XXX Notice Issued,20201230,20210611
1,81631889,"Midland Credit Management, Inc.",2132SC002500,Small Claims,Open,20211022,20211022
2,81632021,"Midland Credit Management, Inc.",2032SC002054,Small Claims,Disposed (Statistical Purposes),20201231,20210406
3,81632117,"Midland Credit Management, Inc.",2011SC001671EF,Small Claims,Open,20200917,20200917
4,81632974,"Midland Credit Management, Inc.",2150SC001556,Small Claims,Open,20210816,20210816
5,81633128,"Midland Credit Management, Inc.",2033SC001693,Small Claims,Open,20200930,20200930
6,81633443,"Midland Credit Management, Inc.",2032SC002050,Small Claims,Covid 19 XXX Notice Issued,20201230,20210601
7,81634056,"Midland Credit Management, Inc.",2222SC000036EF,Small Claims,Open,20220124,20220124
8,81634404,"Midland Credit Management, Inc.",1932SC003267,Small Claims,Disposed (Statistical Purposes),20191223,20200311
9,81634545,"Midland Credit Management, Inc.",2032SC002031,Small Claims,Covid 19 XXX Notice Issued,20201230,20210611
10,81634572,"Midland Credit Management, Inc.",2049SC000422EF,Small Claims,Disposed (Statistical Purposes),20200722,20210223
11,81635756,"Midland Credit Management, Inc.",2239CV000001,Civil,Open,20220114,20220114
12,81636289,"Midland Credit Management, Inc.",2041SC000227,Small Claims,Open,20200615,20200615
13,81636425,"Midland Credit Management, Inc.",1932SC003264,Small Claims,Covid 19 XXX Notice Issued,20191223,20210210
14,81637367,"Midland Credit Management, Inc.",2032SC002032,Small Claims,Covid 19 XXX Notice Issued,20201230,20210611
15,81637590,"Midland Credit Management, Inc.",2132SC000735,Small Claims,Disposed (Statistical Purposes),20210329,20210813
16,81638089,"Midland Credit Management, Inc.",2152SC000741,Small Claims,Open,20211103,20211103
17,81638429,"Midland Credit Management, Inc.",2138SC000284,Small Claims,Disposed (Statistical Purposes),20210329,20211207
18,81638827,"Midland Credit Management, Inc.",2132SC000729,Small Claims,Disposed (Statistical Purposes),20210329,20210813
19,81639617,"Midland Credit Management, Inc.",2198SC000191EF,Small Claims,Disposed (Statistical Purposes),20210416,20210618
20,81639774,"Midland Credit Management, Inc.",2035SC000154,Small Claims,Closed,20201208,20211118
21,81640083,"Midland Credit Management, Inc.",2032SC002053,Small Claims,Covid 19 XXX Notice Issued,20201231,20210611
22,81640874,"Midland Credit Management, Inc.",2032SC002052,Small Claims,Disposed (Statistical Purposes),20201231,20210621
23,81640994,"Midland Credit Management, Inc.",2014SC001126,Small Claims,Disposed (Statistical Purposes),20201230,20220113
24,81641164,"Midland Credit Management, Inc.",2032SC002036,Small Claims,Covid 19 XXX Notice Issued,20201230,20210611
25,81641364,"Midland Credit Management, Inc.",2132SC000727,Small Claims,Disposed (Statistical Purposes),20210329,20210818
26,81642447,"Midland Credit Management, Inc.",2198SC000190EF,Small Claims,Disposed (Statistical Purposes),20210416,20211019
27,81643474,"Midland Credit Management, Inc.",2032SC002041,Small Claims,Disposed (Statistical Purposes),20201230,20210924
28,81643602,"Midland Credit Management, Inc.",2014SC001122,Small Claims,Open,20201230,20201230
29,81643675,"Midland Credit Management, Inc.",2112SC000434,Small Claims,Open,20211221,20211221
30,81643736,"Midland Credit Management, Inc.",2117SC000042,Small Claims,Open,20210210,20210210
31,81643808,"Midland Credit Management, Inc.",2150SC000381,Small Claims,Open,20210309,20210309
32,81643945,"Midland Credit Management, Inc.",2032SC002035,Small Claims,Covid 19 XXX Notice Issued,20201230,20210611
33,81644041,"Midland Credit Management, Inc.",2166SC000687,Small Claims,Open,20211122,20211122
34,81644165,"Midland Credit Management, Inc.",2032SC002030,Small Claims,Disposed (Statistical Purposes),20201230,20210223
35,81644456,"Midland Credit Management, Inc.",2032SC002038,Small Claims,Covid 19 XXX Notice Issued,20201230,20210611
36,81645592,"Midland Credit Management, Inc.",2047SC000177,Small Claims,Disposed (Statistical Purposes),20200616,20211027
37,81645732,"Midland Credit Management, Inc.",2032SC002033,Small Claims,Covid 19 XXX Notice Issued,20201230,20210611
38,81645895,"Midland Credit Management, Inc.",2032SC002026,Small Claims,Covid 19 XXX Notice Issued,20201230,20210611
39,81645985,"Midland Credit Management, Inc.",2032SC002039,Small Claims,Covid 19 XXX Notice Issued,20201230,20210611
40,81646497,"Midland Credit Management, Inc.",2032SC002056,Small Claims,Covid 19 XXX Notice Issued,20201231,20210611
41,81646563,"Midland Credit Management, Inc.",2113SC000292,Small Claims,Disposed (Statistical Purposes),20210222,20211201
42,81647277,"Midland Credit Management, Inc.",2033SC001860,Small Claims,Disposed (Statistical Purposes),20201030,20210929
43,81647422,"Midland Credit Management, Inc.",2032SC002040,Small Claims,Covid 19 XXX Notice Issued,20201230,20210611
44,81647872,"Midland Credit Management, Inc.",2132SC000728,Small Claims,Disposed (Statistical Purposes),20210329,20210818
45,81648383,"Midland Credit Management, Inc.",2132SC000726,Small Claims,Disposed (Statistical Purposes),20210329,20211112
46,81649835,"Midland Credit Management, Inc.",2061SC000636,Small Claims,Disposed (Statistical Purposes),20200904,20210826
47,81649999,"Midland Credit Management, Inc.",2113SC001671,Small Claims,Open,20210820,20210820
48,81653500,"Midland Credit Management, Inc.",2033SC001858,Small Claims,Disposed (Statistical Purposes),20201030,20210922
49,81655061,"Midland Credit Management, Inc.",2113SC001672,Small Claims,Open,20210820,20210820
0,81655306,"Midland Credit Management, Inc.",2150SC000382,Small Claims,Open,20210309,20210309
1,81655903,"Midland Credit Management, Inc.",2063SC000130,Small Claims,Disposed (Statistical Purposes),20200330,20210114
2,81656000,"Midland Credit Management, Inc.",2117SC000047,Small Claims,Open,20210212,20210212
3,81656614,"Midland Credit Management, Inc.",2033SC001704,Small Claims,Open,20201001,20201001
4,81657297,"Midland Credit Management, Inc.",2068SC000002,Small Claims,Disposed (Statistical Purposes),20200102,20200717
5,81658187,"Midland Credit Management, Inc.",2117SC000045,Small Claims,Disposed (Statistical Purposes),20210212,20211214
6,81658305,"Midland Credit Management, Inc.",2113SC002310,Small Claims,Open,20211124,20211124
7,81658533,"Midland Credit Management, Inc.",2132SC000005,Small Claims,Covid 19 XXX Notice Issued,20210101,20210601
8,81659467,"Midland Credit Management, Inc.",2033SC001861,Small Claims,Disposed (Statistical Purposes),20201030,20210929
9,81659787,"Midland Credit Management, Inc.",2222SC000029EF,Small Claims,Open,20220127,20220127
10,81660029,"Midland Credit Management, Inc.",2132SC001968,Small Claims,Open,20211025,20211025
11,81660666,"Midland Credit Management, Inc.",2132SC000007,Small Claims,Covid 19 XXX Notice Issued,20210101,20210601
12,81661072,"Midland Credit Management, Inc.",2158SC000076,Small Claims,Disposed (Statistical Purposes),20210217,20211208
13,81662491,"Midland Credit Management, Inc.",2013SC001332,Small Claims,Open,20201102,20201102
14,81662911,"Midland Credit Management, Inc.",2117SC000602,Small Claims,Open,20211101,20211101
15,81663004,"Midland Credit Management, Inc.",2132SC000741,Small Claims,Disposed (Statistical Purposes),20210331,20210813
16,81663227,"Midland Credit Management, Inc.",2111SC000064EF,Small Claims,Open,20210108,20210108
17,81663646,"Midland Credit Management, Inc.",2117SC000603,Small Claims,Open,20211101,20211101
18,81663962,"Midland Credit Management, Inc.",2049CV000199,Civil,Open,20200727,20200727
19,81664056,"Midland Credit Management, Inc.",2158SC000577,Small Claims,Open,20210928,20210928
20,81664359,"Midland Credit Management, Inc.",2132SC000742,Small Claims,Open,20210331,20210331
21,81665270,"Midland Credit Management, Inc.",2166SC000699,Small Claims,Open,20211126,20211126
22,81665437,"Midland Credit Management, Inc.",2166SC000700,Small Claims,Open,20211126,20211126
23,81665772,"Midland Credit Management, Inc.",2150SC002140,Small Claims,Open,20211126,20211126
24,81665808,"Midland Credit Management, Inc.",2013SC001336,Small Claims,Open,20201102,20201102
25,81666440,"Midland Credit Management, Inc.",2089SC000538,Small Claims,Disposed (Statistical Purposes),20201029,20210526
26,81667580,"Midland Credit Management, Inc.",2111SC000065,Small Claims,Open,20210108,20210108
27,81667686,"Midland Credit Management, Inc.",2118SC000171,Small Claims,Disposed (Statistical Purposes),20210203,20211216
28,81667854,"Midland Credit Management, Inc.",2013SC000841,Small Claims,Closed,20200707,20200924
29,81668192,"Midland Credit Management, Inc.",2013SC001334,Small Claims,Closed,20201102,20210621
30,81668332,"Midland Credit Management, Inc.",2198SC000510EF,Small Claims,Disposed (Statistical Purposes),20210818,20211029
31,81669128,"Midland Credit Management, Inc.",2118SC000172,Small Claims,Disposed (Statistical Purposes),20210203,20210422
32,81669318,"Midland Credit Management, Inc.",2132SC000740,Small Claims,Disposed (Statistical Purposes),20210331,20210813
33,81669589,"Midland Credit Management, Inc.",2118SC000138,Small Claims,Open,20210202,20210202
34,81669970,"Midland Credit Management, Inc.",2089SC000539,Small Claims,Disposed (Statistical Purposes),20201030,20210526
35,81670298,"Midland Credit Management, Inc.",2013SC001331,Small Claims,Disposed (Statistical Purposes),20201102,20210730
36,81671701,"Midland Credit Management, Inc.",2089SC000540,Small Claims,Disposed (Statistical Purposes),20201030,20210526
37,81672168,"Midland Credit Management, Inc.",2013SC001328,Small Claims,Closed,20201102,20210120
38,81672860,"Midland Credit Management, Inc.",2018SC001519,Small Claims,Disposed (Statistical Purposes),20201022,20210913
39,81673116,"Midland Credit Management, Inc.",2033SC000812,Small Claims,Suspended Covid 19 extended,20200310,20200310
40,81674057,"Midland Credit Management, Inc.",2113SC001811,Small Claims,Open,20210920,20210920
41,81674246,"Midland Credit Management, Inc.",2132SC000739,Small Claims,Disposed (Statistical Purposes),20210331,20210930
42,81674762,"Midland Credit Management, Inc.",2166SC000055,Small Claims,Disposed (Statistical Purposes),20210203,20220208
43,81674966,"Midland Credit Management, Inc.",2132SC000480,Small Claims,Open,20210330,20210330
44,81675122,"Midland Credit Management, Inc.",2166SC000042,Small Claims,Open,20210202,20210202
45,81675974,"Midland Credit Management, Inc.",2089SC000657,Small Claims,Disposed (Statistical Purposes),20201029,20210407
46,81675900,"Midland Credit Management, Inc.",2132SC000737,Small Claims,Disposed (Statistical Purposes),20210331,20210818
47,81677410,"Midland Credit Management, Inc.",2132SC002515,Small Claims,Open,20211025,20211025
48,81677675,"Midland Credit Management, Inc.",2013SC001333,Small Claims,Disposed (Statistical Purposes),20201102,20210910
49,81677970,"Midland Credit Management, Inc.",2113CV000604,Civil,Open,20210920,20210920
0,81678676,"Midland Credit Management, Inc.",2150SC001890,Small Claims,Open,20211015,20211015
1,81475720,"Midland Credit Management, Inc.",2032SC001478,Small Claims,Disposed (Statistical Purposes),20200917,20210427
2,81679190,"Midland Credit Management, Inc.",2132SC000041,Small Claims,Covid 19 XXX Notice Issued,20210118,20210611
3,81679267,"Midland Credit Management, Inc.",2132SC000736,Small Claims,Disposed (Statistical Purposes),20210331,20210909
4,81680413,"Midland Credit Management, Inc.",2166SC000702,Small Claims,Open,20211129,20211129
5,81680509,"Midland Credit Management, Inc.",2026SC000197,Small Claims,Disposed (Statistical Purposes),20200603,20201015
6,81680922,"Midland Credit Management, Inc.",2132SC000743,Small Claims,Disposed (Statistical Purposes),20210331,20210813
7,81681298,"Midland Credit Management, Inc.",2149SC001188,Small Claims,Open,20211216,20211216
8,81681378,"Midland Credit Management, Inc.",2033SC000813,Small Claims,Suspended Covid 19 extended,20200310,20200310
9,81681688,"Midland Credit Management, Inc.",2132SC000744,Small Claims,Disposed (Statistical Purposes),20210331,20210818
10,81681729,"Midland Credit Management, Inc.",1920SC000999,Small Claims,Disposed (Statistical Purposes),20191209,20200228
11,81682486,"Midland Credit Management, Inc.",2117SC000611,Small Claims,Open,20211103,20211103
12,81682887,"Midland Credit Management, Inc.",2132SC002516,Small Claims,Open,20211025,20211025
13,81682975,"Midland Credit Management, Inc.",2117SC000612,Small Claims,Open,20211103,20211103
14,81683495,"Midland Credit Management, Inc.",2150SC000251,Small Claims,Open,20210211,20210211
15,81683776,"Midland Credit Management, Inc.",2033SC000787,Small Claims,Suspended Covid 19 extended,20200310,20200310
16,81684042,"Midland Credit Management, Inc.",2013SC001330,Small Claims,Disposed (Statistical Purposes),20201102,20210730
17,81684166,"Midland Credit Management, Inc.",2166SC000044,Small Claims,Disposed (Statistical Purposes),20210202,20211026
18,81685823,"Midland Credit Management, Inc.",2022SC000295EF,Small Claims,Disposed (Statistical Purposes),20200910,20210518
19,81686672,"Midland Credit Management, Inc.",2132SC000039,Small Claims,Disposed (Statistical Purposes),20210118,20211108
20,81686886,"Midland Credit Management, Inc.",2087SC000135,Small Claims,Disposed (Statistical Purposes),20201209,20210222
21,81686975,"Midland Credit Management, Inc.",2166SC000043,Small Claims,Closed,20210202,20211102
22,81687360,"Midland Credit Management, Inc.",2149SC001189,Small Claims,Open,20211217,20211217
23,81687589,"Midland Credit Management, Inc.",2026SC000198,Small Claims,Suspended Covid 19 extended,20200605,20200605
24,81688114,"Midland Credit Management, Inc.",2132SC002517,Small Claims,Open,20211025,20211025
25,81688509,"Midland Credit Management, Inc.",2018CV000561,Civil,Disposed (Statistical Purposes),20201023,20220107
26,81688600,"Midland Credit Management, Inc.",2021SC000498EF,Small Claims,Disposed (Statistical Purposes),20201230,20210514
27,81689169,"Midland Credit Management, Inc.",2228SC000051,Small Claims,Open,20220207,20220207
28,81689456,"Midland Credit Management, Inc.",2026SC000200,Small Claims,Suspended Covid 19 extended,20200605,20200605
29,81689886,"Midland Credit Management, Inc.",2150SC000214,Small Claims,Open,20210217,20210217
30,81689895,"Midland Credit Management, Inc.",2132SC000738,Small Claims,Disposed (Statistical Purposes),20210331,20210818
31,81690289,"Midland Credit Management, Inc.",2111SC000072EF,Small Claims,Open,20210108,20210108
32,81690997,"Midland Credit Management, Inc.",2132SC000003,Small Claims,Covid 19 XXX Notice Issued,20210104,20210601
33,81691044,"Midland Credit Management, Inc.",2118SC002104,Small Claims,Open,20211027,20211027
34,81691339,"Midland Credit Management, Inc.",2222SC000039EF,Small Claims,Open,20220131,20220131
35,81691879,"Midland Credit Management, Inc.",2239SC000018,Small Claims,Open,20220124,20220124
36,81692088,"Midland Credit Management, Inc.",2166SC000045,Small Claims,Open,20210202,20210202
37,81692842,"Midland Credit Management, Inc.",2132SC000479,Small Claims,Disposed (Statistical Purposes),20210331,20210805
38,81692912,"Midland Credit Management, Inc.",2113SC000467,Small Claims,Disposed (Statistical Purposes),20210319,20210804
39,81692957,"Midland Credit Management, Inc.",2089SC000660,Small Claims,Disposed (Statistical Purposes),20201102,20210407
40,81694559,"Midland Credit Management, Inc.",2089SC000658,Small Claims,Disposed (Statistical Purposes),20201102,20210407
41,81694650,"Midland Credit Management, Inc.",2198SC000523EF,Small Claims,Open,20210823,20210823
42,81696338,"Midland Credit Management, Inc.",2150SC001752,Small Claims,Open,20210921,20210921
43,81696461,"Midland Credit Management, Inc.",2132SC000734,Small Claims,Disposed (Statistical Purposes),20210331,20210818
44,81696893,"Midland Credit Management, Inc.",2113SC001813,Small Claims,Open,20210921,20210921
45,81697400,"Midland Credit Management, Inc.",2118CV000245,Civil,Open,20210406,20210406
46,81698078,"Midland Credit Management, Inc.",2016SC000570EF,Small Claims,Disposed (Statistical Purposes),20201201,20210913
47,81698515,"Midland Credit Management, Inc.",2132SC000037,Small Claims,Covid 19 XXX Notice Issued,20210119,20210611
48,81698602,"Midland Credit Management, Inc.",2112CV000218,Civil,Open,20211231,20211231
49,81701154,"Midland Credit Management, Inc.",2113SC000317,Small Claims,Disposed (Statistical Purposes),20210226,20210709
0,81701815,"Midland Credit Management, Inc.",2113SC000276,Small Claims,Open,20210226,20210226
1,81702111,"Midland Credit Management, Inc.",2249CV000010,Civil,Open,20220110,20220110
2,81702235,"Midland Credit Management, Inc.",2138SC000289,Small Claims,Disposed (Statistical Purposes),20210401,20220208
3,81703158,"Midland Credit Management, Inc.",2113SC000332,Small Claims,Open,20210226,20210226
4,81703402,"Midland Credit Management, Inc.",2112CV000217,Civil,Open,20211231,20211231
5,81703487,"Midland Credit Management, Inc.",2113SC000318,Small Claims,Disposed (Statistical Purposes),20210226,20210609
6,81704041,"Midland Credit Management, Inc.",2113SC000324,Small Claims,Open,20210226,20210226
7,81705519,"Midland Credit Management, Inc.",2239CV000011,Civil,Open,20220125,20220125
8,81706537,"Midland Credit Management, Inc.",2033SC000773,Small Claims,Suspended Covid 19 extended,20200310,20200310
9,81707269,"Midland Credit Management, Inc.",2113SC000323,Small Claims,Disposed (Statistical Purposes),20210226,20210609
10,81707910,"Midland Credit Management, Inc.",2132SC000759,Small Claims,Disposed (Statistical Purposes),20210401,20210813
11,81708349,"Midland Credit Management, Inc.",2132SC000047,Small Claims,Covid 19 XXX Notice Issued,20210120,20210611
12,81708384,"Midland Credit Management, Inc.",2150SC000576,Small Claims,Open,20210405,20210405
13,81708484,"Midland Credit Management, Inc.",2016SC000572EF,Small Claims,Disposed (Statistical Purposes),20201202,20210329
14,81708524,"Midland Credit Management, Inc.",2222SC000042EF,Small Claims,Open,20220203,20220203
15,81708598,"Midland Credit Management, Inc.",2132SC000771,Small Claims,Disposed (Statistical Purposes),20210402,20210816
16,81708941,"Midland Credit Management, Inc.",2013SC001315,Small Claims,Disposed (Statistical Purposes),20201105,20210712
17,81711681,"Midland Credit Management, Inc.",2113SC000321,Small Claims,Closed,20210226,20210322
18,81711932,"Midland Credit Management, Inc.",2166SC000709,Small Claims,Open,20211202,20211202
19,81712107,"Midland Credit Management, Inc.",2169SC000185EF,Small Claims,Open,20210331,20210331
20,81712678,"Midland Credit Management, Inc.",2132SC000038,Small Claims,Covid 19 XXX Notice Issued,20210119,20210611
21,81713141,"Midland Credit Management, Inc.",2239SC000023,Small Claims,Open,20220127,20220127
22,81714762,"Midland Credit Management, Inc.",2121SC000002EF,Small Claims,Disposed (Statistical Purposes),20210104,20210706
23,81715273,"Midland Credit Management, Inc.",2033SC000814,Small Claims,Open,20200310,20200310
24,81715367,"Midland Credit Management, Inc.",2239SC000020,Small Claims,Open,20220127,20220127
25,81715661,"Midland Credit Management, Inc.",2121SC000001EF,Small Claims,Disposed (Statistical Purposes),20210104,20210616
26,81717821,"Midland Credit Management, Inc.",2111SC000077EF,Small Claims,Open,20210111,20210111
27,81718168,"Midland Credit Management, Inc.",2041SC000244,Small Claims,Disposed (Statistical Purposes),20200629,20200825
28,81719124,"Midland Credit Management, Inc.",2249CV000015,Civil,Open,20220111,20220111
29,81719593,"Midland Credit Management, Inc.",2113SC000319,Small Claims,Open,20210226,20210226
30,81722503,"Midland Credit Management, Inc.",2132SC002009,Small Claims,Open,20211027,20211027
31,81723065,"Midland Credit Management, Inc.",2118SC001719,Small Claims,Open,20210823,20210823
32,81723211,"Midland Credit Management, Inc.",2132SC000778,Small Claims,Disposed (Statistical Purposes),20210402,20210816
33,81723663,"Midland Credit Management, Inc.",2113SC000472,Small Claims,Disposed (Statistical Purposes),20210323,20210813
34,81723865,"Midland Credit Management, Inc.",2169SC000198EF,Small Claims,Open,20210401,20210401
35,81724694,"Midland Credit Management, Inc.",2113SC000322,Small Claims,Disposed (Statistical Purposes),20210226,20210609
36,81725540,"Midland Credit Management, Inc.",2222CV000020,Civil,Open,20220207,20220207
37,81726197,"Midland Credit Management, Inc.",2022SC000299EF,Small Claims,Disposed (Statistical Purposes),20200915,20210624
38,81727339,"Midland Credit Management, Inc.",2033SC001895,Small Claims,Disposed (Statistical Purposes),20201105,20210929
39,81727358,"Midland Credit Management, Inc.",2113SC001688,Small Claims,Open,20210827,20210827
40,81727607,"Midland Credit Management, Inc.",2150SC001900,Small Claims,Open,20211019,20211019
41,81728378,"Midland Credit Management, Inc.",2018CV000582,Civil,Open,20201027,20201027
42,81728657,"Midland Credit Management, Inc.",2150SC001906,Small Claims,Open,20211020,20211020
43,81729583,"Midland Credit Management, Inc.",2022SC000300EF,Small Claims,Disposed (Statistical Purposes),20200915,20210520
44,81729738,"Midland Credit Management, Inc.",2150SC001897,Small Claims,Open,20211019,20211019
45,81729739,"Midland Credit Management, Inc.",1958SC001061,Small Claims,Covid 19 XXX Notice Issued,20191220,20201020
46,81729908,"Midland Credit Management, Inc.",2132SC000775,Small Claims,Disposed (Statistical Purposes),20210402,20210816
47,81729953,"Midland Credit Management, Inc.",2118SC000647,Small Claims,Open,20210409,20210409
48,81730020,"Midland Credit Management, Inc.",2150SC000423,Small Claims,Disposed (Statistical Purposes),20210315,20211202
49,81731846,"Midland Credit Management, Inc.",2113SC000279,Small Claims,Disposed (Statistical Purposes),20210226,20210618
0,81732226,"Midland Credit Management, Inc.",2132SC000770,Small Claims,Disposed (Statistical Purposes),20210402,20210816
1,81732497,"Midland Credit Management, Inc.",2063SC000143,Small Claims,Disposed (Statistical Purposes),20200603,20210208
2,81732661,"Midland Credit Management, Inc.",2132SC000077,Small Claims,Covid 19 XXX Notice Issued,20210122,20210611
3,81732744,"Midland Credit Management, Inc.",1968SC000550,Small Claims,Disposed (Statistical Purposes),20191218,20201116
4,81733107,"Midland Credit Management, Inc.",2045SC000185,Small Claims,Disposed (Statistical Purposes),20200616,20210630
5,81733128,"Midland Credit Management, Inc.",2111SC000073EF,Small Claims,Open,20210111,20210111
6,81733990,"Midland Credit Management, Inc.",2150SC001904,Small Claims,Open,20211020,20211020
7,81734717,"Midland Credit Management, Inc.",2033SC001881,Small Claims,Disposed (Statistical Purposes),20201104,20210929
8,81734758,"Midland Credit Management, Inc.",2113SC000320,Small Claims,Closed,20210226,20210621
9,81735087,"Midland Credit Management, Inc.",2045SC000184,Small Claims,Disposed (Statistical Purposes),20200616,20201009
10,81735321,"Midland Credit Management, Inc.",2113SC000331,Small Claims,Closed,20210226,20220120
11,81735413,"Midland Credit Management, Inc.",2132SC000773,Small Claims,Disposed (Statistical Purposes),20210402,20210816
12,81735419,"Midland Credit Management, Inc.",2118SC002175,Small Claims,Open,20211101,20211101
13,81736365,"Midland Credit Management, Inc.",2150SC001905,Small Claims,Open,20211020,20211020
14,81736430,"Midland Credit Management, Inc.",2113SC001692,Small Claims,Open,20210827,20210827
15,81736597,"Midland Credit Management, Inc.",2150SC001899,Small Claims,Open,20211019,20211019
16,81736843,"Midland Credit Management, Inc.",2040SC000119EF,Small Claims,Disposed (Statistical Purposes),20201124,20210519
17,81737079,"Midland Credit Management, Inc.",2033SC001882,Small Claims,Disposed (Statistical Purposes),20201104,20210929
18,81737365,"Midland Credit Management, Inc.",2040SC000118EF,Small Claims,Disposed (Statistical Purposes),20201124,20210708
19,81737546,"Midland Credit Management, Inc.",2113SC000478,Small Claims,Disposed (Statistical Purposes),20210324,20210813
20,81737606,"Midland Credit Management, Inc.",2118SC002174,Small Claims,Open,20211101,20211101
21,81738172,"Midland Credit Management, Inc.",2050SC000690,Small Claims,Disposed (Statistical Purposes),20200407,20210707
22,81738389,"Midland Credit Management, Inc.",2013SC001320,Small Claims,Disposed (Statistical Purposes),20201109,20220202
23,81738667,"Midland Credit Management, Inc.",2166SC000715,Small Claims,Open,20211206,20211206
24,81738770,"Midland Credit Management, Inc.",2118SC002173,Small Claims,Open,20211101,20211101
25,81738868,"Midland Credit Management, Inc.",2033SC001883,Small Claims,Disposed (Statistical Purposes),20201104,20210929
26,81738975,"Midland Credit Management, Inc.",2198SC000272EF,Small Claims,Disposed (Statistical Purposes),20210514,20210723
27,81739113,"Midland Credit Management, Inc.",2150SC001902,Small Claims,Open,20211019,20211019
28,81740169,"Midland Credit Management, Inc.",2198SC000273EF,Small Claims,Disposed (Statistical Purposes),20210514,20210723
29,81740237,"Midland Credit Management, Inc.",2166SC000716,Small Claims,Open,20211206,20211206
30,81740365,"Midland Credit Management, Inc.",2113SC000476,Small Claims,Disposed (Statistical Purposes),20210324,20210813
31,81740952,"Midland Credit Management, Inc.",2113SC000477,Small Claims,Closed,20210324,20210506
32,81741074,"Midland Credit Management, Inc.",2132SC000772,Small Claims,Disposed (Statistical Purposes),20210402,20210816
33,81743415,"Midland Credit Management, Inc.",2013SC001329,Small Claims,Disposed (Statistical Purposes),20201109,20210714
34,81744054,"Midland Credit Management, Inc.",2113SC001841,Small Claims,Open,20210928,20210928
35,81744470,"Midland Credit Management, Inc.",1920SC001009,Small Claims,Disposed (Statistical Purposes),20191216,20210216
36,81744726,"Midland Credit Management, Inc.",2150SC000430,Small Claims,Disposed (Statistical Purposes),20210316,20220127
37,81745654,"Midland Credit Management, Inc.",2118SC002172,Small Claims,Open,20211101,20211101
38,81747314,"Midland Credit Management, Inc.",2161SC000070-EF,Small Claims,Disposed (Statistical Purposes),20210203,20210810
39,81748265,"Midland Credit Management, Inc.",2113SC001849,Small Claims,Open,20210927,20210927
40,81748626,"Midland Credit Management, Inc.",2113SC001848,Small Claims,Open,20210927,20210927
41,81749236,"Midland Credit Management, Inc.",2089SC000552,Small Claims,Disposed (Statistical Purposes),20201111,20210602
42,81749321,"Midland Credit Management, Inc.",2113SC000303,Small Claims,Disposed (Statistical Purposes),20210301,20210716
43,81750598,"Midland Credit Management, Inc.",2250SC000095,Small Claims,Open,20220127,20220127
44,81750662,"Midland Credit Management, Inc.",2132SC000486,Small Claims,Disposed (Statistical Purposes),20210401,20210805
45,81751222,"Midland Credit Management, Inc.",2113SC000362,Small Claims,Closed,20210301,20210610
46,81751305,"Midland Credit Management, Inc.",2018SC001544,Small Claims,Disposed (Statistical Purposes),20201029,20211103
47,81751916,"Midland Credit Management, Inc.",2018SC001545,Small Claims,Disposed (Statistical Purposes),20201030,20211103
48,81752038,"Midland Credit Management, Inc.",2145SC000560,Small Claims,Open,20211214,20211214
49,81752206,"Midland Credit Management, Inc.",2113SC000302,Small Claims,Open,20210301,20210301
0,81752563,"Midland Credit Management, Inc.",2250SC000099,Small Claims,Open,20220127,20220127
1,81752896,"Midland Credit Management, Inc.",2045SC000179,Small Claims,Disposed (Statistical Purposes),20200617,20210630
2,81753992,"Midland Credit Management, Inc.",2242SC000022,Small Claims,Open,20220124,20220124
3,81754826,"Midland Credit Management, Inc.",2113SC001859,Small Claims,Open,20210928,20210928
4,81755923,"Midland Credit Management, Inc.",2250SC000096,Small Claims,Open,20220127,20220127
5,81756479,"Midland Credit Management, Inc.",2026SC000205,Small Claims,Disposed (Statistical Purposes),20200619,20210420
6,81756696,"Midland Credit Management, Inc.",2058SC000056,Small Claims,Disposed (Statistical Purposes),20200127,20211105
7,81757085,"Midland Credit Management, Inc.",2113SC000346,Small Claims,Disposed (Statistical Purposes),20210301,20210716
8,81758449,"Midland Credit Management, Inc.",2166SC000720,Small Claims,Open,20211208,20211208
9,81759245,"Midland Credit Management, Inc.",2013SC001063,Small Claims,Disposed (Statistical Purposes),20200828,20210804
10,81759268,"Midland Credit Management, Inc.",2188SC000003EF,Small Claims,Disposed (Statistical Purposes),20210121,20210225
11,81759378,"Midland Credit Management, Inc.",2132SC000777,Small Claims,Disposed (Statistical Purposes),20210402,20210816
12,81759471,"Midland Credit Management, Inc.",2116SC000787EF,Small Claims,Open,20211130,20211130
13,81759603,"Midland Credit Management, Inc.",2113SC000360,Small Claims,Open,20210301,20210301
14,81759632,"Midland Credit Management, Inc.",2166SC000723,Small Claims,Open,20211208,20211208
15,81759730,"Midland Credit Management, Inc.",2116SC000786EF,Small Claims,Open,20211130,20211130
16,81760442,"Midland Credit Management, Inc.",2013SC001069,Small Claims,Disposed (Statistical Purposes),20200828,20210804
17,81761467,"Midland Credit Management, Inc.",2022SC000304EF,Small Claims,Disposed (Statistical Purposes),20200923,20210520
18,81761752,"Midland Credit Management, Inc.",2113SC000342,Small Claims,Disposed (Statistical Purposes),20210301,20210616
19,81762163,"Midland Credit Management, Inc.",2121SC000014EF,Small Claims,Disposed (Statistical Purposes),20210111,20210720
20,81763395,"Midland Credit Management, Inc.",2026SC000206,Small Claims,Suspended Covid 19 extended,20200622,20200622
21,81763619,"Midland Credit Management, Inc.",2113SC000344,Small Claims,Disposed (Statistical Purposes),20210301,20210616
22,81763849,"Midland Credit Management, Inc.",2132SC000776,Small Claims,Disposed (Statistical Purposes),20210402,20211102
23,81764342,"Midland Credit Management, Inc.",2166SC000722,Small Claims,Open,20211208,20211208
24,81764440,"Midland Credit Management, Inc.",2118SC001736,Small Claims,Open,20210827,20210827
25,81764616,"Midland Credit Management, Inc.",2018SC001547,Small Claims,Disposed (Statistical Purposes),20201030,20211103
26,81764675,"Midland Credit Management, Inc.",2128SC000546,Small Claims,Open,20211217,20211217
27,81765193,"Midland Credit Management, Inc.",2113SC000351,Small Claims,Closed,20210301,20210426
28,81766110,"Midland Credit Management, Inc.",2118SC001778,Small Claims,Open,20210907,20210907
29,81766538,"Midland Credit Management, Inc.",2132SC000774,Small Claims,Disposed (Statistical Purposes),20210402,20210816
30,81767172,"Midland Credit Management, Inc.",2113SC000359,Small Claims,Closed,20210301,20210525
31,81767255,"Midland Credit Management, Inc.",2166SC000724,Small Claims,Open,20211208,20211208
32,81768690,"Midland Credit Management, Inc.",2121SC000015EF,Small Claims,Disposed (Statistical Purposes),20210111,20210511
33,81768962,"Midland Credit Management, Inc.",2118SC001775,Small Claims,Open,20210907,20210907
34,81769018,"Midland Credit Management, Inc.",2011SC001974,Small Claims,Open,20201116,20201116
35,81769440,"Midland Credit Management, Inc.",2142SC000383,Small Claims,Open,20211129,20211129
36,81769594,"Midland Credit Management, Inc.",2166SC000725,Small Claims,Open,20211208,20211208
37,81769760,"Midland Credit Management, Inc.",2113SC002005,Small Claims,Open,20211019,20211019
38,81770146,"Midland Credit Management, Inc.",2049SC000624,Small Claims,Closed,20201015,20210310
39,81770245,"Midland Credit Management, Inc.",2113SC001860,Small Claims,Open,20210928,20210928
40,81770783,"Midland Credit Management, Inc.",2113SC000348,Small Claims,Disposed (Statistical Purposes),20210301,20210716
41,81770993,"Midland Credit Management, Inc.",2033SC001438,Small Claims,Open,20200828,20200828
42,81771568,"Midland Credit Management, Inc.",2113SC000361,Small Claims,Disposed (Statistical Purposes),20210301,20210714
43,81772600,"Midland Credit Management, Inc.",2118SC000250,Small Claims,Disposed (Statistical Purposes),20210217,20211220
44,81773833,"Midland Credit Management, Inc.",2118SC000252,Small Claims,Disposed (Statistical Purposes),20210217,20220103
45,81773872,"Midland Credit Management, Inc.",2132SC000009,Small Claims,Covid 19 XXX Notice Issued,20210108,20210611
46,81774057,"Midland Credit Management, Inc.",1920SC001014,Small Claims,Disposed (Statistical Purposes),20191218,20211126
47,81774104,"Midland Credit Management, Inc.",2013SC001031,Small Claims,Disposed (Statistical Purposes),20200821,20210806
48,81774387,"Midland Credit Management, Inc.",2150SC000608,Small Claims,Open,20210409,20210409
49,81774596,"Midland Credit Management, Inc.",2049SC000623,Small Claims,Disposed (Statistical Purposes),20201015,20210414
0,81774917,"Midland Credit Management, Inc.",2250SC000111,Small Claims,Open,20220131,20220131
1,81775430,"Midland Credit Management, Inc.",2041SC000248,Small Claims,Open,20200706,20200706
2,81776651,"Midland Credit Management, Inc.",2132SC001498,Small Claims,Disposed (Statistical Purposes),20210817,20211005
3,81776765,"Midland Credit Management, Inc.",2111SC000099EF,Small Claims,Open,20210114,20210114
4,81776931,"Midland Credit Management, Inc.",2113SC000570,Small Claims,Open,20210329,20210329
5,81777971,"Midland Credit Management, Inc.",2113SC001864,Small Claims,Open,20210930,20210930
6,81778636,"Midland Credit Management, Inc.",2016SC000586EF,Small Claims,Disposed (Statistical Purposes),20201207,20210405
7,81778845,"Midland Credit Management, Inc.",2113SC001861,Small Claims,Open,20210929,20210929
8,81778932,"Midland Credit Management, Inc.",2013SC001030,Small Claims,Disposed (Statistical Purposes),20200821,20210806
9,81779051,"Midland Credit Management, Inc.",2113SC000580,Small Claims,Disposed (Statistical Purposes),20210329,20210903
10,81779151,"Midland Credit Management, Inc.",2011SC001972,Small Claims,Open,20201116,20201116
11,81779323,"Midland Credit Management, Inc.",2013SC001345,Small Claims,Open,20201111,20201111
12,81779708,"Midland Credit Management, Inc.",2113SC001862,Small Claims,Open,20210929,20210929
13,81780496,"Midland Credit Management, Inc.",2250SC000106,Small Claims,Open,20220131,20220131
14,81780592,"Midland Credit Management, Inc.",2013SC001033,Small Claims,Closed,20200821,20210806
15,81781510,"Midland Credit Management, Inc.",2013SC001027,Small Claims,Disposed (Statistical Purposes),20200821,20210806
16,81781571,"Midland Credit Management, Inc.",2118SC002195,Small Claims,Open,20211103,20211103
17,81781700,"Midland Credit Management, Inc.",2113SC001874,Small Claims,Open,20210930,20210930
18,81781777,"Midland Credit Management, Inc.",2118SC000251,Small Claims,Disposed (Statistical Purposes),20210217,20220103
19,81782257,"Midland Credit Management, Inc.",2113SC001875,Small Claims,Open,20210930,20210930
20,81782280,"Midland Credit Management, Inc.",2058SC000055,Small Claims,Covid 19 XXX Notice Issued,20200127,20201109
21,81782321,"Midland Credit Management, Inc.",2113SC002023,Small Claims,Open,20211020,20211020
22,81782813,"Midland Credit Management, Inc.",2132SC000131,Small Claims,Disposed (Statistical Purposes),20210128,20210908
23,81783439,"Midland Credit Management, Inc.",1920SC001020,Small Claims,Disposed (Statistical Purposes),20191220,20201105
24,81784181,"Midland Credit Management, Inc.",2087SC000141,Small Claims,Disposed (Statistical Purposes),20201229,20210329
25,81784351,"Midland Credit Management, Inc.",2150SC001950,Small Claims,Open,20211026,20211026
26,81786015,"Midland Credit Management, Inc.",2118SC002189,Small Claims,Open,20211103,20211103
27,81786286,"Midland Credit Management, Inc.",1920SC001019,Small Claims,Disposed (Statistical Purposes),20191220,20210909
28,81786626,"Midland Credit Management, Inc.",2058SC000054,Small Claims,Covid 19 XXX Notice Issued,20200127,20201109
29,81787062,"Midland Credit Management, Inc.",2142SC000390,Small Claims,Open,20211130,20211130
30,81788951,"Midland Credit Management, Inc.",2118SC001777,Small Claims,Open,20210907,20210907
31,81790930,"Midland Credit Management, Inc.",2169SC000210EF,Small Claims,Open,20210409,20210409
32,81791543,"Midland Credit Management, Inc.",2033SC001439,Small Claims,Disposed (Statistical Purposes),20200831,20211221
33,81791964,"Midland Credit Management, Inc.",2013SC001044,Small Claims,Disposed (Statistical Purposes),20200831,20210820
34,81791982,"Midland Credit Management, Inc.",2150SC001785,Small Claims,Open,20210929,20210929
35,81792216,"Midland Credit Management, Inc.",2118SC000652,Small Claims,Open,20210413,20210413
36,81792551,"Midland Credit Management, Inc.",2013SC001028,Small Claims,Disposed (Statistical Purposes),20200821,20211210
37,81792804,"Midland Credit Management, Inc.",2111SC000103EF,Small Claims,Open,20210115,20210115
38,81793033,"Midland Credit Management, Inc.",2013SC001060,Small Claims,Open,20200831,20200831
39,81793148,"Midland Credit Management, Inc.",1932SC003341,Small Claims,Covid 19 XXX Notice Issued,20191230,20210114
40,81793609,"Midland Credit Management, Inc.",1932SC003342,Small Claims,Disposed (Statistical Purposes),20191230,20200810
41,81794053,"Midland Credit Management, Inc.",2113SC000571,Small Claims,Disposed (Statistical Purposes),20210329,20210901
42,81794242,"Midland Credit Management, Inc.",2063SC000149,Small Claims,Disposed (Statistical Purposes),20200616,20200706
43,81794457,"Midland Credit Management, Inc.",2132SC000127,Small Claims,Disposed (Statistical Purposes),20210128,20210908
44,81794647,"Midland Credit Management, Inc.",2212SC000009,Small Claims,Open,20220124,20220124
45,81795157,"Midland Credit Management, Inc.",2118SC001738,Small Claims,Open,20210830,20210830
46,81795614,"Midland Credit Management, Inc.",2013SC001032,Small Claims,Disposed (Statistical Purposes),20200821,20210806
47,81795895,"Midland Credit Management, Inc.",2132SC000128,Small Claims,Disposed (Statistical Purposes),20210128,20210908
48,81795964,"Midland Credit Management, Inc.",2013SC001061,Small Claims,Disposed (Statistical Purposes),20200831,20210811
49,81797128,"Midland Credit Management, Inc.",2132SC000133,Small Claims,Disposed (Statistical Purposes),20210128,20210908
0,81797345,"Midland Credit Management, Inc.",2212SC000010,Small Claims,Open,20220124,20220124
1,81799340,"Midland Credit Management, Inc.",2158SC000508,Small Claims,Disposed (Statistical Purposes),20210817,20220114
2,81799943,"Midland Credit Management, Inc.",2032SC001685,Small Claims,Disposed (Statistical Purposes),20201015,20211208
3,81800683,"Midland Credit Management, Inc.",2032SC001684,Small Claims,Disposed (Statistical Purposes),20201015,20210323
4,81802020,"Midland Credit Management, Inc.",1968SC000557,Small Claims,Covid 19 XXX Notice Issued,20191223,20200617
5,81802172,"Midland Credit Management, Inc.",2113SC000578,Small Claims,Open,20210329,20210329
6,81802231,"Midland Credit Management, Inc.",2118CV000116,Civil,Open,20210216,20210216
7,81802476,"Midland Credit Management, Inc.",2040SC000121EF,Small Claims,Disposed (Statistical Purposes),20201207,20210422
8,81803078,"Midland Credit Management, Inc.",2113SC000582,Small Claims,Disposed (Statistical Purposes),20210329,20210903
9,81804997,"Midland Credit Management, Inc.",2113SC000581,Small Claims,Open,20210329,20210329
10,81805216,"Midland Credit Management, Inc.",2242SC000029,Small Claims,Open,20220131,20220131
11,81805376,"Midland Credit Management, Inc.",2116SC000799,Small Claims,Open,20211206,20211206
12,81805376,"Midland Credit Management, Inc.",2116SC000799,Small Claims,Open,20211206,20211206
13,81805495,"Midland Credit Management, Inc.",2032SC001640,Small Claims,Disposed (Statistical Purposes),20201016,20211109
14,81805500,"Midland Credit Management, Inc.",2032SC001640,Small Claims,Disposed (Statistical Purposes),20201016,20211109
15,81806312,"Midland Credit Management, Inc.",2113SC000491,Small Claims,Disposed (Statistical Purposes),20210329,20210820
16,81806461,"Midland Credit Management, Inc.",2013SC001075,Small Claims,Disposed (Statistical Purposes),20200901,20210811
17,81806906,"Midland Credit Management, Inc.",2116SC000796,Small Claims,Disposed (Statistical Purposes),20211206,20211220
18,81806906,"Midland Credit Management, Inc.",2116SC000796,Small Claims,Disposed (Statistical Purposes),20211206,20211220
19,81807307,"Midland Credit Management, Inc.",2016SC000588EF,Small Claims,Disposed (Statistical Purposes),20201209,20210405
20,81808086,"Midland Credit Management, Inc.",2121SC000018,Small Claims,Disposed (Statistical Purposes),20210120,20210511
21,81808257,"Midland Credit Management, Inc.",2145SC000572,Small Claims,Open,20211221,20211221
22,81808652,"Midland Credit Management, Inc.",2087SC000143,Small Claims,Disposed (Statistical Purposes),20201230,20210329
23,81808948,"Midland Credit Management, Inc.",2113CV000630,Civil,Open,20211004,20211004
24,81809183,"Midland Credit Management, Inc.",2211SC000111EF,Small Claims,Open,20220121,20220121
25,81809221,"Midland Credit Management, Inc.",2113CV000628,Civil,Open,20211004,20211004
26,81809519,"Midland Credit Management, Inc.",2116SC000797,Small Claims,Disposed (Statistical Purposes),20211206,20211220
27,81809741,"Midland Credit Management, Inc.",1958SC001084,Small Claims,Covid 19 XXX Notice Issued,20191230,20201027
28,81811083,"Midland Credit Management, Inc.",2113CV000626,Civil,Open,20211004,20211004
29,81811327,"Midland Credit Management, Inc.",2158SC000507,Small Claims,Disposed (Statistical Purposes),20210816,20220114
30,81811821,"Midland Credit Management, Inc.",2116SC000798,Small Claims,Disposed (Statistical Purposes),20211206,20211220
31,81811977,"Midland Credit Management, Inc.",2118SC001815,Small Claims,Open,20210910,20210910
32,81812474,"Midland Credit Management, Inc.",2149SC001205EF,Small Claims,Open,20211227,20211227
33,81813017,"Midland Credit Management, Inc.",2033SC001437,Small Claims,Disposed (Statistical Purposes),20200831,20211108
34,81813060,"Midland Credit Management, Inc.",2032SC001636,Small Claims,Disposed (Statistical Purposes),20201016,20211109
35,81813273,"Midland Credit Management, Inc.",2116SC000795,Small Claims,Disposed (Statistical Purposes),20211206,20211220
36,81814027,"Midland Credit Management, Inc.",2033SC001911,Small Claims,Disposed (Statistical Purposes),20201112,20210325
37,81815026,"Midland Credit Management, Inc.",2042SC000146,Small Claims,Open,20200727,20220127
38,81815093,"Midland Credit Management, Inc.",2198SC000548EF,Small Claims,Disposed (Statistical Purposes),20210909,20211230
39,81815129,"Midland Credit Management, Inc.",2132SC000022,Small Claims,Covid 19 XXX Notice Issued,20210111,20210611
40,81815745,"Midland Credit Management, Inc.",2142SC000397,Small Claims,Open,20211206,20211206
41,81816010,"Midland Credit Management, Inc.",2011SC002006EF,Small Claims,Open,20201119,20201119
42,81816638,"Midland Credit Management, Inc.",2121SC000020,Small Claims,Disposed (Statistical Purposes),20210121,20210511
43,81816796,"Midland Credit Management, Inc.",1958SC001085,Small Claims,Disposed (Statistical Purposes),20191230,20211217
44,81817650,"Midland Credit Management, Inc.",2033SC001436,Small Claims,Disposed (Statistical Purposes),20200831,20211221
45,81818015,"Midland Credit Management, Inc.",2132SC000023,Small Claims,Covid 19 XXX Notice Issued,20210111,20210611
46,81818181,"Midland Credit Management, Inc.",2242SC000032,Small Claims,Open,20220203,20220203
47,81818188,"Midland Credit Management, Inc.",2118SC001823,Small Claims,Open,20210909,20210909
48,81819284,"Midland Credit Management, Inc.",2132SC000087,Small Claims,Covid 19 XXX Notice Issued,20210127,20210611
49,81820964,"Midland Credit Management, Inc.",2239SC000025-EF,Small Claims,Open,20220207,20220207
0,81821917,"Midland Credit Management, Inc.",2033SC001518,Small Claims,Disposed (Statistical Purposes),20200831,20211221
1,81822208,"Midland Credit Management, Inc.",2013SC000719,Small Claims,Disposed (Statistical Purposes),20200604,20210310
2,81822582,"Midland Credit Management, Inc.",2187SC000003,Small Claims,Disposed (Statistical Purposes),20210104,20210927
3,81822741,"Midland Credit Management, Inc.",2013SC001091,Small Claims,Closed,20200904,20210811
4,81823519,"Midland Credit Management, Inc.",2018SC001562,Small Claims,Disposed (Statistical Purposes),20201103,20210915
5,81824376,"Midland Credit Management, Inc.",2013SC001086,Small Claims,Disposed (Statistical Purposes),20200904,20210811
6,81824646,"Midland Credit Management, Inc.",2118SC000257,Small Claims,Disposed (Statistical Purposes),20210218,20220103
7,81824721,"Midland Credit Management, Inc.",2158SC000520,Small Claims,Disposed (Statistical Purposes),20210819,20220114
8,81824828,"Midland Credit Management, Inc.",2049SC000622,Small Claims,Disposed (Statistical Purposes),20201019,20210413
9,81825234,"Midland Credit Management, Inc.",2118SC000255,Small Claims,Open,20210218,20210218
10,81825526,"Midland Credit Management, Inc.",2013SC001090,Small Claims,Closed,20200904,20210811
11,81825717,"Midland Credit Management, Inc.",2132SC001496,Small Claims,Disposed (Statistical Purposes),20210816,20211005
12,81825911,"Midland Credit Management, Inc.",2132SC002094,Small Claims,Open,20211101,20211101
13,81826095,"Midland Credit Management, Inc.",2158SC000509,Small Claims,Disposed (Statistical Purposes),20210818,20220114
14,81826266,"Midland Credit Management, Inc.",2135SC000016,Small Claims,Disposed (Statistical Purposes),20210222,20210803
15,81826324,"Midland Credit Management, Inc.",2013SC001088,Small Claims,Disposed (Statistical Purposes),20200904,20210811
16,81826562,"Midland Credit Management, Inc.",2121SC000623EF,Small Claims,Open,20211122,20211122
17,81826629,"Midland Credit Management, Inc.",2118SC000260,Small Claims,Disposed (Statistical Purposes),20210218,20220103
18,81827392,"Midland Credit Management, Inc.",2013SC001085,Small Claims,Disposed (Statistical Purposes),20200904,20210811
19,81828147,"Midland Credit Management, Inc.",2128SC000553,Small Claims,Open,20211220,20211220
20,81828176,"Midland Credit Management, Inc.",2118SC000258,Small Claims,Disposed (Statistical Purposes),20210218,20220103
21,81829022,"Midland Credit Management, Inc.",2013SC001087,Small Claims,Closed,20200904,20211013
22,81830412,"Midland Credit Management, Inc.",2158SC000518,Small Claims,Disposed (Statistical Purposes),20210819,20220114
23,81831219,"Midland Credit Management, Inc.",2118SC000259,Small Claims,Disposed (Statistical Purposes),20210218,20220125
24,81831932,"Midland Credit Management, Inc.",2211SC000120,Small Claims,Open,20220124,20220124
25,81832169,"Midland Credit Management, Inc.",2228SC000004-EF,Small Claims,Open,20220105,20220105
26,81832750,"Midland Credit Management, Inc.",2118SC000256,Small Claims,Disposed (Statistical Purposes),20210218,20220114
27,81833092,"Midland Credit Management, Inc.",2058SC000126,Small Claims,Covid 19 XXX Notice Issued,20200130,20201219
28,81833520,"Midland Credit Management, Inc.",2033SC001914,Small Claims,Open,20201112,20201112
29,81834734,"Midland Credit Management, Inc.",2016SC000593EF,Small Claims,Open,20201210,20201210
30,81835352,"Midland Credit Management, Inc.",2150SC001803,Small Claims,Open,20211004,20211004
31,81835888,"Midland Credit Management, Inc.",2016SC000599,Small Claims,Disposed (Statistical Purposes),20201210,20210405
32,81836558,"Midland Credit Management, Inc.",2033SC001798,Small Claims,Disposed (Statistical Purposes),20201021,20211013
33,81836434,"Midland Credit Management, Inc.",2049SC000619,Small Claims,Disposed (Statistical Purposes),20201019,20210413
34,81837230,"Midland Credit Management, Inc.",2132SC000088,Small Claims,Disposed (Statistical Purposes),20210127,20210826
35,81838995,"Midland Credit Management, Inc.",2033SC001796,Small Claims,Disposed (Statistical Purposes),20201021,20211013
36,81839183,"Midland Credit Management, Inc.",2132SC000129,Small Claims,Disposed (Statistical Purposes),20210128,20210908
37,81840396,"Midland Credit Management, Inc.",2042SC000108,Small Claims,Covid 19 XXX Notice Issued,20200605,20201229
38,81841413,"Midland Credit Management, Inc.",2042SC000107,Small Claims,Covid 19 XXX Notice Issued,20200605,20201229
39,81841859,"Midland Credit Management, Inc.",2132SC000033,Small Claims,Covid 19 XXX Notice Issued,20210114,20210611
40,81842156,"Midland Credit Management, Inc.",2132SC000132,Small Claims,Disposed (Statistical Purposes),20210128,20210908
41,81842389,"Midland Credit Management, Inc.",2132SC000032,Small Claims,Covid 19 XXX Notice Issued,20210114,20210611
42,81842417,"Midland Credit Management, Inc.",2042SC000109,Small Claims,Disposed (Statistical Purposes),20200605,20210628
43,81842725,"Midland Credit Management, Inc.",2132SC002071,Small Claims,Open,20211101,20211101
44,81842884,"Midland Credit Management, Inc.",2132SC000130,Small Claims,Disposed (Statistical Purposes),20210128,20210910
45,81843220,"Midland Credit Management, Inc.",2150SC000269,Small Claims,Open,20210302,20210302
46,81843523,"Midland Credit Management, Inc.",2211CV000069,Civil,Open,20220124,20220124
47,81843578,"Midland Credit Management, Inc.",2150SC000614,Small Claims,Open,20210413,20210413
48,81845787,"Midland Credit Management, Inc.",2211CV000070,Civil,Open,20220124,20220124
49,81846253,"Midland Credit Management, Inc.",2150SC000268,Small Claims,Open,20210302,20210302
0,81846545,"Midland Credit Management, Inc.",2032SC001698,Small Claims,Disposed (Statistical Purposes),20201019,20211209
1,81846693,"Midland Credit Management, Inc.",2040SC000113EF,Small Claims,Disposed (Statistical Purposes),20201104,20210319
2,81848145,"Midland Credit Management, Inc.",2113SC000208,Small Claims,Closed,20210211,20211201
3,81849303,"Midland Credit Management, Inc.",2113SC000225,Small Claims,Closed,20210210,20210621
4,81849375,"Midland Credit Management, Inc.",2033SC001778,Small Claims,Disposed (Statistical Purposes),20201019,20211013
5,81849418,"Midland Credit Management, Inc.",2013SC000726,Small Claims,Disposed (Statistical Purposes),20200605,20210310
6,81851984,"Midland Credit Management, Inc.",2113SC002094,Small Claims,Disposed (Statistical Purposes),20211022,20211229
7,81852246,"Midland Credit Management, Inc.",2113SC000222,Small Claims,Closed,20210211,20211229
8,81852474,"Midland Credit Management, Inc.",2261SC000072-EF,Small Claims,Open,20220207,20220207
9,81852676,"Midland Credit Management, Inc.",2211CV000071,Civil,Open,20220124,20220124
10,81852906,"Midland Credit Management, Inc.",2113SC000223,Small Claims,Disposed (Statistical Purposes),20210211,20211201
11,81853737,"Midland Credit Management, Inc.",2113SC002095,Small Claims,Open,20211022,20211022
12,81853778,"Midland Credit Management, Inc.",2113SC000214,Small Claims,Closed,20210211,20211201
13,81853832,"Midland Credit Management, Inc.",2211SC000119,Small Claims,Open,20220124,20220124
14,81854111,"Midland Credit Management, Inc.",2088SC000106,Small Claims,Disposed (Statistical Purposes),20201130,20210209
15,81854301,"Midland Credit Management, Inc.",2113SC002092,Small Claims,Open,20211022,20211022
16,81854823,"Midland Credit Management, Inc.",2150SC001688,Small Claims,Open,20210906,20210906
17,81855528,"Midland Credit Management, Inc.",2018SC001564,Small Claims,Disposed (Statistical Purposes),20201104,20210915
18,81855655,"Midland Credit Management, Inc.",2126SC000611,Small Claims,Open,20211117,20211117
19,81855786,"Midland Credit Management, Inc.",2113SC002098,Small Claims,Open,20211022,20211022
20,81856534,"Midland Credit Management, Inc.",2113SC000209,Small Claims,Closed,20210211,20211201
21,81856601,"Midland Credit Management, Inc.",2018SC001611,Small Claims,Disposed (Statistical Purposes),20201104,20211103
22,81856802,"Midland Credit Management, Inc.",2018SC001565,Small Claims,Disposed (Statistical Purposes),20201104,20210915
23,81857062,"Midland Credit Management, Inc.",2113SC000542,Small Claims,Disposed (Statistical Purposes),20210330,20210813
24,81857098,"Midland Credit Management, Inc.",2089SC000651,Small Claims,Disposed (Statistical Purposes),20201026,20210331
25,81857238,"Midland Credit Management, Inc.",2033SC001808,Small Claims,Disposed (Statistical Purposes),20201023,20210915
26,81857339,"Midland Credit Management, Inc.",2132SC000036,Small Claims,Disposed (Statistical Purposes),20210114,20220107
27,81857388,"Midland Credit Management, Inc.",2113SC002091,Small Claims,Open,20211022,20211022
28,81857587,"Midland Credit Management, Inc.",2018SC001566,Small Claims,Disposed (Statistical Purposes),20201104,20210915
29,81858165,"Midland Credit Management, Inc.",2089SC000655,Small Claims,Disposed (Statistical Purposes),20201026,20210407
30,81860120,"Midland Credit Management, Inc.",2033SC001805,Small Claims,Disposed (Statistical Purposes),20201023,20210915
31,81860326,"Midland Credit Management, Inc.",2088SC000110EF,Small Claims,Disposed (Statistical Purposes),20201209,20210209
32,81860721,"Midland Credit Management, Inc.",2089SC000656,Small Claims,Disposed (Statistical Purposes),20201026,20210407
33,81862158,"Midland Credit Management, Inc.",2132SC000034,Small Claims,Covid 19 XXX Notice Issued,20210114,20210611
34,81862208,"Midland Credit Management, Inc.",2113SC002100,Small Claims,Open,20211022,20211022
35,81862675,"Midland Credit Management, Inc.",2113SC002096,Small Claims,Open,20211022,20211022
36,81863250,"Midland Credit Management, Inc.",2113SC002028,Small Claims,Open,20211021,20211021
37,81863838,"Midland Credit Management, Inc.",2113SC000210,Small Claims,Disposed (Statistical Purposes),20210211,20211201
38,81865402,"Midland Credit Management, Inc.",2113SC000219,Small Claims,Open,20210211,20210211
39,81866074,"Midland Credit Management, Inc.",2132SC000145,Small Claims,Disposed (Statistical Purposes),20210129,20210909
40,81866331,"Midland Credit Management, Inc.",2032SC000030,Small Claims,Disposed (Statistical Purposes),20200103,20210728
41,81866428,"Midland Credit Management, Inc.",2032SC001699,Small Claims,Disposed (Statistical Purposes),20201019,20211209
42,81868160,"Midland Credit Management, Inc.",2132SC000139,Small Claims,Disposed (Statistical Purposes),20210129,20210909
43,81868455,"Midland Credit Management, Inc.",2158SC000042,Small Claims,Disposed (Statistical Purposes),20210127,20210325
44,81868671,"Midland Credit Management, Inc.",2113SC000215,Small Claims,Closed,20210211,20210319
45,81868848,"Midland Credit Management, Inc.",2063SC000062,Small Claims,Disposed (Statistical Purposes),20200212,20210426
46,81868890,"Midland Credit Management, Inc.",2150SC001689,Small Claims,Open,20210907,20210907
47,81868986,"Midland Credit Management, Inc.",2113SC000533,Small Claims,Disposed (Statistical Purposes),20210330,20210714
48,81869114,"Midland Credit Management, Inc.",2141SC000124,Small Claims,Open,20210329,20210330
49,81870037,"Midland Credit Management, Inc.",2088SC000111EF,Small Claims,Disposed (Statistical Purposes),20201211,20210129
0,81870066,"Midland Credit Management, Inc.",2132SC000143,Small Claims,Disposed (Statistical Purposes),20210129,20210909
1,81870192,"Midland Credit Management, Inc.",2113SC000221,Small Claims,Disposed (Statistical Purposes),20210211,20211201
2,81870879,"Midland Credit Management, Inc.",2150SC000263,Small Claims,Disposed (Statistical Purposes),20210301,20210707
3,81872414,"Midland Credit Management, Inc.",2142SC000406,Small Claims,Open,20211214,20211214
4,81873118,"Midland Credit Management, Inc.",2033SC001797,Small Claims,Disposed (Statistical Purposes),20201021,20211117
5,81876868,"Midland Credit Management, Inc.",2150SC001649,Small Claims,Open,20210827,20210827
6,81876927,"Midland Credit Management, Inc.",2113SC000226,Small Claims,Disposed (Statistical Purposes),20210210,20211201
7,81877858,"Midland Credit Management, Inc.",2058SC000081,Small Claims,Covid 19 XXX Notice Issued,20200203,20201116
8,81878355,"Midland Credit Management, Inc.",1958SC001027,Small Claims,Covid 19 XXX Notice Issued,20191204,20200721
9,81878413,"Midland Credit Management, Inc.",2150SC000565,Small Claims,Disposed (Statistical Purposes),20210331,20211208
10,81878489,"Midland Credit Management, Inc.",2063SC000156,Small Claims,Disposed (Statistical Purposes),20200623,20210615
11,81878521,"Midland Credit Management, Inc.",2158SC000054,Small Claims,Disposed (Statistical Purposes),20210203,20210709
12,81878853,"Midland Credit Management, Inc.",2113SC000220,Small Claims,Closed,20210211,20211207
13,81878828,"Midland Credit Management, Inc.",2132SC000142,Small Claims,Disposed (Statistical Purposes),20210129,20210902
14,81878969,"Midland Credit Management, Inc.",2063SC000065,Small Claims,Disposed (Statistical Purposes),20200212,20210426
15,81880763,"Midland Credit Management, Inc.",2132SC000141,Small Claims,Disposed (Statistical Purposes),20210129,20210518
16,81881271,"Midland Credit Management, Inc.",2058SC000085,Small Claims,Disposed (Statistical Purposes),20200203,20210812
17,81881842,"Midland Credit Management, Inc.",2113SC000224,Small Claims,Disposed (Statistical Purposes),20210211,20211201
18,81882088,"Midland Credit Management, Inc.",2049SC000651EF,Small Claims,Disposed (Statistical Purposes),20201022,20210408
19,81882404,"Midland Credit Management, Inc.",2033SC001463,Small Claims,Disposed (Statistical Purposes),20200901,20211221
20,81882489,"Midland Credit Management, Inc.",1958SC001026,Small Claims,Disposed (Statistical Purposes),20191204,20200402
21,81883335,"Midland Credit Management, Inc.",2150SC000351,Small Claims,Open,20210305,20210305
22,81883393,"Midland Credit Management, Inc.",2113SC000227,Small Claims,Open,20210210,20210210
23,81883606,"Midland Credit Management, Inc.",2058SC000090,Small Claims,Disposed (Statistical Purposes),20200203,20200827
24,81884739,"Midland Credit Management, Inc.",2150SC002015,Small Claims,Open,20211103,20211103
25,81885124,"Midland Credit Management, Inc.",2158SC000037,Small Claims,Disposed (Statistical Purposes),20210128,20210521
26,81885294,"Midland Credit Management, Inc.",2111SC003335EF,Small Claims,Open,20211122,20211122
27,81886755,"Midland Credit Management, Inc.",2113SC000206,Small Claims,Open,20210211,20210211
28,81886765,"Midland Credit Management, Inc.",2198SC000555EF,Small Claims,Open,20210916,20210916
29,81887676,"Midland Credit Management, Inc.",2113SC000207,Small Claims,Disposed (Statistical Purposes),20210211,20211201
30,81888013,"Midland Credit Management, Inc.",2113SC000594,Small Claims,Open,20210331,20210331
31,81889204,"Midland Credit Management, Inc.",2033SC001812,Small Claims,Disposed (Statistical Purposes),20201026,20210915
32,81889521,"Midland Credit Management, Inc.",2113SC000590,Small Claims,Disposed (Statistical Purposes),20210331,20210903
33,81889551,"Midland Credit Management, Inc.",2141SC000505,Small Claims,Open,20211105,20211105
34,81889659,"Midland Credit Management, Inc.",2111SC003333EF,Small Claims,Open,20211122,20211122
35,81889966,"Midland Credit Management, Inc.",2113SC000592,Small Claims,Disposed (Statistical Purposes),20210331,20210903
36,81891137,"Midland Credit Management, Inc.",2113SC000595,Small Claims,Open,20210331,20210331
37,81891402,"Midland Credit Management, Inc.",2132SC002163,Small Claims,Open,20211103,20211103
38,81891743,"Midland Credit Management, Inc.",2138SC000840,Small Claims,Open,20210816,20210816
39,81892118,"Midland Credit Management, Inc.",2049SC000650EF,Small Claims,Closed,20201022,20220107
40,81893416,"Midland Credit Management, Inc.",2011SC000996,Small Claims,Suspended Covid 19 extended,20200615,20200615
41,81893950,"Midland Credit Management, Inc.",2113SC000591,Small Claims,Disposed (Statistical Purposes),20210331,20210903
42,81894673,"Midland Credit Management, Inc.",2113SC000216,Small Claims,Disposed (Statistical Purposes),20210211,20211201
43,81895222,"Midland Credit Management, Inc.",2011SC000998,Small Claims,Suspended Covid 19 extended,20200615,20200615
44,81895355,"Midland Credit Management, Inc.",2113SC000213,Small Claims,Closed,20210211,20211213
45,81895978,"Midland Credit Management, Inc.",2132SC002152,Small Claims,Open,20211103,20211103
46,81896684,"Midland Credit Management, Inc.",2113SC000588,Small Claims,Disposed (Statistical Purposes),20210331,20210903
47,81896927,"Midland Credit Management, Inc.",2141SC000105,Small Claims,Open,20210319,20210319
48,81897470,"Midland Credit Management, Inc.",2011SC000997,Small Claims,Suspended Covid 19 extended,20200615,20200615
49,81897622,"Midland Credit Management, Inc.",2113SC000218,Small Claims,Open,20210211,20210211
0,81898548,"Midland Credit Management, Inc.",2113SC000589,Small Claims,Disposed (Statistical Purposes),20210331,20210903
1,81898646,"Midland Credit Management, Inc.",2150SC001708,Small Claims,Open,20210909,20210909
2,81898863,"Midland Credit Management, Inc.",2113SC000212,Small Claims,Disposed (Statistical Purposes),20210211,20211201
3,81899232,"Midland Credit Management, Inc.",2113SC000555,Small Claims,Disposed (Statistical Purposes),20210331,20210820
4,81899527,"Midland Credit Management, Inc.",2132SC001501,Small Claims,Disposed (Statistical Purposes),20210818,20211005
5,81900151,"Midland Credit Management, Inc.",2150SC001709,Small Claims,Open,20210909,20210909
6,81900302,"Midland Credit Management, Inc.",2113SC000593,Small Claims,Disposed (Statistical Purposes),20210331,20210903
7,81900445,"Midland Credit Management, Inc.",2132SC000144,Small Claims,Disposed (Statistical Purposes),20210129,20210909
8,81900519,"Midland Credit Management, Inc.",2113SC000217,Small Claims,Disposed (Statistical Purposes),20210211,20211201
9,81900703,"Midland Credit Management, Inc.",2033SC001823,Small Claims,Closed,20201028,20210921
10,81900914,"Midland Credit Management, Inc.",2033SC001832,Small Claims,Disposed (Statistical Purposes),20201028,20210329
11,81902196,"Midland Credit Management, Inc.",2113SC000596,Small Claims,Closed,20210331,20210426
12,81902210,"Midland Credit Management, Inc.",2113SC000211,Small Claims,Closed,20210211,20211026
13,81902737,"Midland Credit Management, Inc.",2113SC000587,Small Claims,Disposed (Statistical Purposes),20210331,20210903
14,81902745,"Midland Credit Management, Inc.",2033SC001829,Small Claims,Disposed (Statistical Purposes),20201028,20210929
15,81902919,"Midland Credit Management, Inc.",2032SC001706,Small Claims,Disposed (Statistical Purposes),20201021,20211209
16,81903641,"Midland Credit Management, Inc.",2035SC000012,Small Claims,Disposed (Statistical Purposes),20200203,20200311
17,81905998,"Midland Credit Management, Inc.",2141SC000117,Small Claims,Open,20210324,20210324
18,81906019,"Midland Credit Management, Inc.",2113SC000228,Small Claims,Open,20210210,20210210
19,81905997,"Midland Credit Management, Inc.",2033CV000483,Civil,Open,20201028,20201028
20,81907455,"Midland Credit Management, Inc.",2032SC001709,Small Claims,Disposed (Statistical Purposes),20201021,20210406
21,81907814,"Midland Credit Management, Inc.",2117SC000673,Small Claims,Open,20211129,20211129
22,81908048,"Midland Credit Management, Inc.",2111SC000669EF,Small Claims,Open,20210316,20210316
23,81908213,"Midland Credit Management, Inc.",2117SC000681,Small Claims,Open,20211129,20211129
24,81908295,"Midland Credit Management, Inc.",2132SC000140,Small Claims,Disposed (Statistical Purposes),20210129,20211008
25,81908597,"Midland Credit Management, Inc.",2132SC002159,Small Claims,Open,20211103,20211103
26,81908987,"Midland Credit Management, Inc.",2141SC000131,Small Claims,Open,20210401,20210401
27,81909508,"Midland Credit Management, Inc.",2117SC000674,Small Claims,Open,20211129,20211129
28,81911388,"Midland Credit Management, Inc.",2116CV000268,Civil,Open,20211215,20211215
29,81912840,"Midland Credit Management, Inc.",2033SC001828,Small Claims,Disposed (Statistical Purposes),20201028,20210929
30,81915264,"Midland Credit Management, Inc.",2058SC000130,Small Claims,Disposed (Statistical Purposes),20200205,20210607
31,81915453,"Midland Credit Management, Inc.",2111SC000671EF,Small Claims,Open,20210316,20210316
32,81919790,"Midland Credit Management, Inc.",2132SC001500,Small Claims,Disposed (Statistical Purposes),20210818,20211005
33,81921421,"Midland Credit Management, Inc.",2111SC003334EF,Small Claims,Open,20211122,20211122
34,81921480,"Midland Credit Management, Inc.",2166SC000077,Small Claims,Disposed (Statistical Purposes),20210215,20211130
35,81921818,"Midland Credit Management, Inc.",2132SC001502,Small Claims,Disposed (Statistical Purposes),20210818,20211005
36,81922451,"Midland Credit Management, Inc.",2049SC000645,Small Claims,Closed,20201023,20210521
37,81922799,"Midland Credit Management, Inc.",2150SC000564,Small Claims,Disposed (Statistical Purposes),20210331,20210707
38,81922824,"Midland Credit Management, Inc.",2113SC000605,Small Claims,Disposed (Statistical Purposes),20210401,20210903
39,81922883,"Midland Credit Management, Inc.",2058SC000134,Small Claims,Covid 19 XXX Notice Issued,20200207,20201211
40,81923296,"Midland Credit Management, Inc.",2011SC001040,Small Claims,Open,20200626,20200626
41,81923485,"Midland Credit Management, Inc.",2113SC002104,Small Claims,Open,20211026,20211026
42,81923843,"Midland Credit Management, Inc.",2032SC001747,Small Claims,Disposed (Statistical Purposes),20201023,20211214
43,81924279,"Midland Credit Management, Inc.",2132SC001499,Small Claims,Disposed (Statistical Purposes),20210818,20211005
44,81924419,"Midland Credit Management, Inc.",2011SC001033,Small Claims,Open,20200626,20200626
45,81924668,"Midland Credit Management, Inc.",2032SC001748,Small Claims,Disposed (Statistical Purposes),20201023,20210521
46,81924957,"Midland Credit Management, Inc.",2187SC000009,Small Claims,Disposed (Statistical Purposes),20210119,20210329
47,81925759,"Midland Credit Management, Inc.",2132SC002161,Small Claims,Open,20211103,20211103
48,81926836,"Midland Credit Management, Inc.",2022SC000246,Small Claims,Disposed (Statistical Purposes),20200820,20210715
49,81927078,"Midland Credit Management, Inc.",2049SC000644,Small Claims,Disposed (Statistical Purposes),20201023,20210414
0,81927215,"Midland Credit Management, Inc.",2033SC001830,Small Claims,Disposed (Statistical Purposes),20201028,20210915
1,81927789,"Midland Credit Management, Inc.",2135SC000011,Small Claims,Closed,20210302,20210915
2,81928032,"Midland Credit Management, Inc.",2150SC002018,Small Claims,Open,20211103,20211103
3,81929264,"Midland Credit Management, Inc.",2111SC000690EF,Small Claims,Open,20210316,20210316
4,81929388,"Midland Credit Management, Inc.",2138SC000896,Small Claims,Open,20210906,20210906
5,81930454,"Midland Credit Management, Inc.",2113SC002101,Small Claims,Open,20211026,20211026
6,81931444,"Midland Credit Management, Inc.",2113SC000602,Small Claims,Disposed (Statistical Purposes),20210401,20210903
7,81931713,"Midland Credit Management, Inc.",2169SC000238,Small Claims,Open,20210421,20210421
8,81932249,"Midland Credit Management, Inc.",2187SC000016,Small Claims,Disposed (Statistical Purposes),20210128,20210405
9,81932692,"Midland Credit Management, Inc.",2113SC000604,Small Claims,Disposed (Statistical Purposes),20210401,20210903
10,81932792,"Midland Credit Management, Inc.",2169SC000237EF,Small Claims,Open,20210421,20210421
11,81933504,"Midland Credit Management, Inc.",2022SC000247,Small Claims,Disposed (Statistical Purposes),20200820,20210805
12,81933876,"Midland Credit Management, Inc.",2141SC000530,Small Claims,Open,20211123,20211123
13,81933874,"Midland Credit Management, Inc.",2111SC000667EF,Small Claims,Open,20210316,20210316
14,81934658,"Midland Credit Management, Inc.",2113SC002037,Small Claims,Open,20211025,20211025
15,81934899,"Midland Credit Management, Inc.",2113SC000194,Small Claims,Disposed (Statistical Purposes),20210215,20211208
16,81935050,"Midland Credit Management, Inc.",2113SC000603,Small Claims,Open,20210401,20210401
17,81935563,"Midland Credit Management, Inc.",2113SC002105,Small Claims,Open,20211026,20211026
18,81936370,"Midland Credit Management, Inc.",2113SC002102,Small Claims,Open,20211026,20211026
19,81937394,"Midland Credit Management, Inc.",2033SC001476,Small Claims,Disposed (Statistical Purposes),20200904,20210115
20,81937509,"Midland Credit Management, Inc.",2111SC000668EF,Small Claims,Open,20210316,20210316
21,81937629,"Midland Credit Management, Inc.",2132SC002153,Small Claims,Open,20211103,20211103
22,81938252,"Midland Credit Management, Inc.",2158SC000061,Small Claims,Disposed (Statistical Purposes),20210209,20210709
23,81938470,"Midland Credit Management, Inc.",2158SC000060,Small Claims,Disposed (Statistical Purposes),20210209,20210709
24,81938783,"Midland Credit Management, Inc.",2033SC001539,Small Claims,Disposed (Statistical Purposes),20200904,20210618
25,81939242,"Midland Credit Management, Inc.",2133SC003107,Small Claims,Open,20211214,20211214
26,81939342,"Midland Credit Management, Inc.",2111SC002712EF,Small Claims,Open,20210928,20210928
27,81939399,"Midland Credit Management, Inc.",2068SC000038,Small Claims,Disposed (Statistical Purposes),20200128,20201130
28,81939475,"Midland Credit Management, Inc.",2113SC000597,Small Claims,Closed,20210401,20210610
29,81940191,"Midland Credit Management, Inc.",2033SC001540,Small Claims,Open,20200904,20200916
30,81940331,"Midland Credit Management, Inc.",2021SC000447EF,Small Claims,Disposed (Statistical Purposes),20201028,20210511
31,81940928,"Midland Credit Management, Inc.",2033SC001543,Small Claims,Disposed (Statistical Purposes),20200904,20210329
32,81941785,"Midland Credit Management, Inc.",2158SC000062,Small Claims,Disposed (Statistical Purposes),20210209,20210709
33,81941971,"Midland Credit Management, Inc.",2113SC002103,Small Claims,Open,20211026,20211026
34,81942119,"Midland Credit Management, Inc.",2187SC000012,Small Claims,Disposed (Statistical Purposes),20210127,20210510
35,81943104,"Midland Credit Management, Inc.",2068SC000039,Small Claims,Disposed (Statistical Purposes),20200128,20200406
36,81943288,"Midland Credit Management, Inc.",2033SC001557,Small Claims,Disposed (Statistical Purposes),20200904,20210819
37,81944305,"Midland Credit Management, Inc.",2133SC003105,Small Claims,Open,20211214,20211214
38,81944924,"Midland Credit Management, Inc.",2145SC000538,Small Claims,Open,20211126,20211126
39,81945783,"Midland Credit Management, Inc.",2022SC000329EF,Small Claims,Disposed (Statistical Purposes),20201016,20210526
40,81946116,"Midland Credit Management, Inc.",2113SC002107,Small Claims,Open,20211026,20211026
41,81948076,"Midland Credit Management, Inc.",2126SC000631,Small Claims,Open,20211126,20211126
42,81948477,"Midland Credit Management, Inc.",2111SC003459EF,Small Claims,Open,20211206,20211206
43,81948680,"Midland Credit Management, Inc.",2111SC000146EF,Small Claims,Open,20210122,20210122
44,81949852,"Midland Credit Management, Inc.",2058SC000142,Small Claims,Covid 19 XXX Notice Issued,20200210,20201219
45,81949849,"Midland Credit Management, Inc.",2111SC000138EF,Small Claims,Open,20210121,20210121
46,81950253,"Midland Credit Management, Inc.",2150SC000510,Small Claims,Open,20210401,20210401
47,81951519,"Midland Credit Management, Inc.",2249SC000067EF,Small Claims,Open,20220127,20220131
48,81953478,"Midland Credit Management, Inc.",2011SC001605,Small Claims,Open,20200908,20200908
49,81953695,"Midland Credit Management, Inc.",2145SC000539,Small Claims,Open,20211129,20211129
0,81954104,"Midland Credit Management, Inc.",2249SC000061EF,Small Claims,Open,20220127,20220127
1,81954678,"Midland Credit Management, Inc.",2066SC000465,Small Claims,Disposed (Statistical Purposes),20201207,20210824
2,81954735,"Midland Credit Management, Inc.",2088SC000115EF,Small Claims,Disposed (Statistical Purposes),20201224,20210209
3,81954867,"Midland Credit Management, Inc.",2049CV000310,Civil,Open,20201026,20201026
4,81954853,"Midland Credit Management, Inc.",2161SC000610,Small Claims,Open,20210817,20210817
5,81955026,"Midland Credit Management, Inc.",2249SC000068EF,Small Claims,Open,20220128,20220131
6,81956832,"Midland Credit Management, Inc.",2132SC000512,Small Claims,Disposed (Statistical Purposes),20210409,20210806
7,81957020,"Midland Credit Management, Inc.",2187SC000011,Small Claims,Disposed (Statistical Purposes),20210122,20210329
8,81957243,"Midland Credit Management, Inc.",2087SC000130,Small Claims,Disposed (Statistical Purposes),20201201,20210208
9,81958857,"Midland Credit Management, Inc.",2011SC001030,Small Claims,Open,20200626,20200626
10,81959033,"Midland Credit Management, Inc.",2228SC000037,Small Claims,Open,20220127,20220127
11,81959381,"Midland Credit Management, Inc.",2138SC000819,Small Claims,Open,20210820,20210820
12,81959382,"Midland Credit Management, Inc.",2138SC000819,Small Claims,Open,20210820,20210820
13,81960638,"Midland Credit Management, Inc.",2150SC000596,Small Claims,Open,20210401,20210401
14,81960825,"Midland Credit Management, Inc.",1989SC001077,Small Claims,Disposed (Statistical Purposes),20191202,20201104
15,81961544,"Midland Credit Management, Inc.",2150SC001736,Small Claims,Open,20210916,20210916
16,81962305,"Midland Credit Management, Inc.",2150SC001737,Small Claims,Open,20210916,20210916
17,81963461,"Midland Credit Management, Inc.",2150SC000220,Small Claims,Open,20210222,20210222
18,81963678,"Midland Credit Management, Inc.",2145SC000540,Small Claims,Open,20211129,20211129
19,81963894,"Midland Credit Management, Inc.",2033SC001855,Small Claims,Disposed (Statistical Purposes),20201030,20210922
20,81965317,"Midland Credit Management, Inc.",2135SC000019,Small Claims,Closed,20210305,20210915
21,81965827,"Midland Credit Management, Inc.",2033SC001849,Small Claims,Disposed (Statistical Purposes),20201029,20210922
22,81966061,"Midland Credit Management, Inc.",2022SC000294EF,Small Claims,Disposed (Statistical Purposes),20200904,20210520
23,81966656,"Midland Credit Management, Inc.",2113CV000655,Civil,Open,20211014,20211014
24,81966887,"Midland Credit Management, Inc.",2166SC000777,Small Claims,Open,20211230,20211230
25,81967107,"Midland Credit Management, Inc.",1958SC001041,Small Claims,Covid 19 XXX Notice Issued,20191212,20201013
26,81967820,"Midland Credit Management, Inc.",2150SC000219,Small Claims,Open,20210222,20210222
27,81968979,"Midland Credit Management, Inc.",2033SC001859,Small Claims,Disposed (Statistical Purposes),20201030,20210922
28,81969258,"Midland Credit Management, Inc.",2150SC000494,Small Claims,Open,20210324,20210324
29,81969413,"Midland Credit Management, Inc.",2145SC000586,Small Claims,Open,20211230,20211230
30,81969544,"Midland Credit Management, Inc.",2113SC002036,Small Claims,Open,20211025,20211025
31,81969980,"Midland Credit Management, Inc.",2133SC003130,Small Claims,Open,20211217,20211217
32,81971074,"Midland Credit Management, Inc.",2111SC002713EF,Small Claims,Open,20210929,20210929
33,81971596,"Midland Credit Management, Inc.",2113SC000634,Small Claims,Disposed (Statistical Purposes),20210405,20210825
34,81971996,"Midland Credit Management, Inc.",2150SC000495,Small Claims,Open,20210324,20210324
35,81972331,"Midland Credit Management, Inc.",2111SC002730EF,Small Claims,Open,20210930,20210930
36,81972463,"Midland Credit Management, Inc.",2126SC000014,Small Claims,Open,20210108,20210108
37,81973545,"Midland Credit Management, Inc.",2118SC000102,Small Claims,Disposed (Statistical Purposes),20210122,20211213
38,81973560,"Midland Credit Management, Inc.",2022SC000293EF,Small Claims,Disposed (Statistical Purposes),20200904,20210520
39,81973598,"Midland Credit Management, Inc.",2033SC001857,Small Claims,Disposed (Statistical Purposes),20201030,20210922
40,81973899,"Midland Credit Management, Inc.",2158SC000071,Small Claims,Disposed (Statistical Purposes),20210210,20210709
41,81973883,"Midland Credit Management, Inc.",2158SC000071,Small Claims,Disposed (Statistical Purposes),20210210,20210709
42,81974283,"Midland Credit Management, Inc.",2088SC000117,Small Claims,Disposed (Statistical Purposes),20201229,20210527
43,81974347,"Midland Credit Management, Inc.",2158SC000068,Small Claims,Disposed (Statistical Purposes),20210210,20210709
44,81974968,"Midland Credit Management, Inc.",2117SC000555,Small Claims,Open,20211014,20211014
45,81975216,"Midland Credit Management, Inc.",2158SC000074,Small Claims,Disposed (Statistical Purposes),20210210,20210709
46,81976075,"Midland Credit Management, Inc.",2111SC002731EF,Small Claims,Open,20210930,20210930
47,81976214,"Midland Credit Management, Inc.",2113SC001951,Small Claims,Open,20211014,20211014
48,81976337,"Midland Credit Management, Inc.",2111SC002718EF,Small Claims,Open,20210929,20210929
49,81976722,"Midland Credit Management, Inc.",2161SC000620-EF,Small Claims,Disposed (Statistical Purposes),20210818,20211214
0,81977555,"Midland Credit Management, Inc.",2011SC001621EF,Small Claims,Open,20200910,20200910
1,81978390,"Midland Credit Management, Inc.",2158SC000072,Small Claims,Disposed (Statistical Purposes),20210210,20210709
2,81979120,"Midland Credit Management, Inc.",2058SC000012,Small Claims,Covid 19 XXX Notice Issued,20200108,20201103
3,81979429,"Midland Credit Management, Inc.",2132SC002181,Small Claims,Open,20211105,20211105
4,81979813,"Midland Credit Management, Inc.",2113SC001953,Small Claims,Open,20211014,20211014
5,81980808,"Midland Credit Management, Inc.",2113CV000654,Civil,Open,20211014,20211014
6,81981711,"Midland Credit Management, Inc.",2158SC000070,Small Claims,Disposed (Statistical Purposes),20210210,20210709
7,81982315,"Midland Credit Management, Inc.",2113SC000635,Small Claims,Disposed (Statistical Purposes),20210405,20211117
8,81983066,"Midland Credit Management, Inc.",2113SC000633,Small Claims,Disposed (Statistical Purposes),20210405,20210908
9,81983117,"Midland Credit Management, Inc.",2266CV000001,Civil,Open,20220103,20220103
10,81983253,"Midland Credit Management, Inc.",2111SC003402EF,Small Claims,Open,20211126,20211126
11,81983271,"Midland Credit Management, Inc.",2113SC001954,Small Claims,Open,20211014,20211014
12,81983282,"Midland Credit Management, Inc.",2158SC000067,Small Claims,Disposed (Statistical Purposes),20210210,20210709
13,81983320,"Midland Credit Management, Inc.",2150SC001862,Small Claims,Open,20211014,20211014
14,81983828,"Midland Credit Management, Inc.",1949SC001180,Small Claims,Suspended Covid 19 extended,20191216,20200226
15,81984262,"Midland Credit Management, Inc.",2158SC000073,Small Claims,Disposed (Statistical Purposes),20210210,20210709
16,81985225,"Midland Credit Management, Inc.",2032SC001725,Small Claims,Covid 19 XXX Notice Issued,20201028,20210421
17,81985171,"Midland Credit Management, Inc.",2150SC000228,Small Claims,Open,20210222,20210222
18,81985304,"Midland Credit Management, Inc.",2011SC001635,Small Claims,Open,20200914,20200914
19,81985892,"Midland Credit Management, Inc.",2113CV000656,Civil,Open,20211014,20211014
20,81986318,"Midland Credit Management, Inc.",2111SC000241EF,Small Claims,Open,20210202,20210202
21,81988109,"Midland Credit Management, Inc.",2111SC003401EF,Small Claims,Open,20211126,20211126
22,81988201,"Midland Credit Management, Inc.",2158SC000069,Small Claims,Disposed (Statistical Purposes),20210210,20210517
23,81988489,"Midland Credit Management, Inc.",2141SC000533,Small Claims,Open,20211126,20211126
24,81989024,"Midland Credit Management, Inc.",2049SC000654,Small Claims,Disposed (Statistical Purposes),20201027,20210414
25,81989197,"Midland Credit Management, Inc.",2033SC001551,Small Claims,Open,20200904,20200904
26,81989864,"Midland Credit Management, Inc.",1949SC001181,Small Claims,Disposed (Statistical Purposes),20191216,20191230
27,81990614,"Midland Credit Management, Inc.",2050SC001311,Small Claims,Disposed (Statistical Purposes),20200908,20210408
28,81991626,"Midland Credit Management, Inc.",1989SC001128,Small Claims,Covid 19 XXX Notice Issued,20191226,20200702
29,81992211,"Midland Credit Management, Inc.",2016SC000606EF,Small Claims,Disposed (Statistical Purposes),20201221,20210517
30,81993185,"Midland Credit Management, Inc.",2111SC000726EF,Small Claims,Open,20210319,20210319
31,81993517,"Midland Credit Management, Inc.",2011SC001622EF,Small Claims,Open,20200910,20200910
32,81993929,"Midland Credit Management, Inc.",2016SC000418,Small Claims,Disposed (Statistical Purposes),20200828,20210104
33,81994219,"Midland Credit Management, Inc.",2049SC000655,Small Claims,Disposed (Statistical Purposes),20201027,20210414
34,81994592,"Midland Credit Management, Inc.",2011SC001608EF,Small Claims,Open,20200909,20200909
35,81995195,"Midland Credit Management, Inc.",2111SC000255EF,Small Claims,Open,20210203,20210203
36,81995458,"Midland Credit Management, Inc.",1989SC001121,Small Claims,Covid 19 XXX Notice Issued,20191226,20200806
37,81996404,"Midland Credit Management, Inc.",2021SC000448EF,Small Claims,Disposed (Statistical Purposes),20201103,20210510
38,81996748,"Midland Credit Management, Inc.",1949SC001225,Small Claims,Disposed (Statistical Purposes),20191230,20200114
39,81996813,"Midland Credit Management, Inc.",2161SC000660-EF,Small Claims,Disposed (Statistical Purposes),20210909,20211221
40,81997071,"Midland Credit Management, Inc.",2141SC000142,Small Claims,Open,20210413,20210413
41,81997516,"Midland Credit Management, Inc.",2117SC000561,Small Claims,Open,20211019,20211019
42,81998325,"Midland Credit Management, Inc.",2150SC001860,Small Claims,Open,20211014,20211014
43,81998946,"Midland Credit Management, Inc.",2132SC001520,Small Claims,Disposed (Statistical Purposes),20210823,20211112
44,81999917,"Midland Credit Management, Inc.",2111SC000240EF,Small Claims,Open,20210202,20210202
45,82000663,"Midland Credit Management, Inc.",2117SC000564,Small Claims,Open,20211019,20211019
46,82002678,"Midland Credit Management, Inc.",2011SC001051,Small Claims,Open,20200629,20200629
47,82002986,"Midland Credit Management, Inc.",2011SC001644EF,Small Claims,Open,20200914,20200914
48,82003019,"Midland Credit Management, Inc.",2111SC003415EF,Small Claims,Open,20211129,20211129
49,82003467,"Midland Credit Management, Inc.",2033SC001497,Small Claims,Closed,20200824,20201118
0,82003873,"Midland Credit Management, Inc.",2013SC000524,Small Claims,Disposed (Statistical Purposes),20200306,20200717
1,82004095,"Midland Credit Management, Inc.",2117SC000085,Small Claims,Disposed (Statistical Purposes),20210303,20211223
2,82004953,"Midland Credit Management, Inc.",2033SC001496,Small Claims,Open,20200824,20200824
3,82005822,"Midland Credit Management, Inc.",2198SC000581EF,Small Claims,Open,20210928,20210928
4,82006526,"Midland Credit Management, Inc.",2032SC001771,Small Claims,Disposed (Statistical Purposes),20201030,20211215
5,82006665,"Midland Credit Management, Inc.",2117SC000133,Small Claims,Open,20210402,20210402
6,82009732,"Midland Credit Management, Inc.",2266SC000002,Small Claims,Open,20220105,20220105
7,82010583,"Midland Credit Management, Inc.",1911SC003091,Small Claims,Disposed (Statistical Purposes),20191125,20211210
8,82011176,"Midland Credit Management, Inc.",2111SC003418EF,Small Claims,Open,20211129,20211129
9,82011486,"Midland Credit Management, Inc.",2132SC002177,Small Claims,Open,20210823,20210823
10,82012228,"Midland Credit Management, Inc.",2011SC001623EF,Small Claims,Open,20200911,20200911
11,82013846,"Midland Credit Management, Inc.",2027SC000436,Small Claims,Disposed (Statistical Purposes),20200908,20210818
12,82014187,"Midland Credit Management, Inc.",2132SC002174,Small Claims,Open,20210823,20210823
13,82014607,"Midland Credit Management, Inc.",2033SC001544,Small Claims,Open,20200904,20200904
14,82014658,"Midland Credit Management, Inc.",2021SC000451EF,Small Claims,Disposed (Statistical Purposes),20201104,20210510
15,82016406,"Midland Credit Management, Inc.",2150SC000060,Small Claims,Open,20210119,20210119
16,82016611,"Midland Credit Management, Inc.",2033SC001537,Small Claims,Open,20200904,20200904
17,82016758,"Midland Credit Management, Inc.",2027SC000435,Small Claims,Disposed (Statistical Purposes),20200908,20210922
18,82016892,"Midland Credit Management, Inc.",2066SC000467,Small Claims,Disposed (Statistical Purposes),20201208,20210824
19,82018517,"Midland Credit Management, Inc.",2027SC000438,Small Claims,Disposed (Statistical Purposes),20200908,20210922
20,82018778,"Midland Credit Management, Inc.",2111SC003413EF,Small Claims,Open,20211129,20211129
21,82019285,"Midland Credit Management, Inc.",2111SC003419EF,Small Claims,Open,20211129,20211129
22,82020370,"Midland Credit Management, Inc.",2016SC000609EF,Small Claims,Disposed (Statistical Purposes),20201223,20210517
23,82020776,"Midland Credit Management, Inc.",2033SC001423,Small Claims,Open,20200825,20200825
24,82022124,"Midland Credit Management, Inc.",2133SC003160,Small Claims,Open,20211221,20211220
25,82022448,"Midland Credit Management, Inc.",2022SC000268,Small Claims,Disposed (Statistical Purposes),20200908,20210513
26,82022665,"Midland Credit Management, Inc.",2027SC000440,Small Claims,Suspended Covid 19 extended,20200908,20200908
27,82022766,"Midland Credit Management, Inc.",2133SC003153,Small Claims,Open,20211221,20211221
28,82023882,"Midland Credit Management, Inc.",2027SC000437,Small Claims,Disposed (Statistical Purposes),20200908,20210922
29,82024022,"Midland Credit Management, Inc.",2111SC002742EF,Small Claims,Open,20211001,20211001
30,82025221,"Midland Credit Management, Inc.",2141SC000150,Small Claims,Open,20210416,20210416
31,82025560,"Midland Credit Management, Inc.",2049SC000673EF,Small Claims,Disposed (Statistical Purposes),20201030,20210408
32,82026092,"Midland Credit Management, Inc.",1954SC001291,Small Claims,Disposed (Statistical Purposes),20191211,20210825
33,82026552,"Midland Credit Management, Inc.",2049SC000659,Small Claims,Open,20201029,20201029
34,82026761,"Midland Credit Management, Inc.",2050SC001599,Small Claims,Open,20201119,20201119
35,82027400,"Midland Credit Management, Inc.",2088SC000075,Small Claims,Disposed (Statistical Purposes),20200825,20201022
36,82027505,"Midland Credit Management, Inc.",2133CV000776,Civil,Open,20211220,20211220
37,82027775,"Midland Credit Management, Inc.",2141SC000151,Small Claims,Open,20210416,20210416
38,82027781,"Midland Credit Management, Inc.",2049SC000663EF,Small Claims,Disposed (Statistical Purposes),20201030,20210408
39,82028315,"Midland Credit Management, Inc.",2126SC000646,Small Claims,Open,20211206,20211206
40,82028605,"Midland Credit Management, Inc.",2111SC002743EF,Small Claims,Open,20211001,20211001
41,82029631,"Midland Credit Management, Inc.",2111SC001171EF,Small Claims,Open,20210503,20210503
42,82030897,"Midland Credit Management, Inc.",2150SC000057,Small Claims,Open,20210119,20210119
43,82031003,"Midland Credit Management, Inc.",2088SC000101,Small Claims,Disposed (Statistical Purposes),20201123,20210121
44,82031720,"Midland Credit Management, Inc.",1911SC003095,Small Claims,Disposed (Statistical Purposes),20191125,20211210
45,82032236,"Midland Credit Management, Inc.",2150SC000059,Small Claims,Open,20210119,20210119
46,82032619,"Midland Credit Management, Inc.",2113SC002117,Small Claims,Open,20211028,20211028
47,82033519,"Midland Credit Management, Inc.",2027SC000452,Small Claims,Disposed (Statistical Purposes),20200910,20200924
48,82034776,"Midland Credit Management, Inc.",2027SC000453,Small Claims,Disposed (Statistical Purposes),20200910,20210922
49,82035213,"Midland Credit Management, Inc.",1954SC001289,Small Claims,Disposed (Statistical Purposes),20191211,20220204
0,82035989,"Midland Credit Management, Inc.",2027SC000450,Small Claims,Disposed (Statistical Purposes),20200910,20210922
1,82036169,"Midland Credit Management, Inc.",2033SC001498,Small Claims,Open,20200824,20200824
2,82036860,"Midland Credit Management, Inc.",2018SC001300,Small Claims,Disposed (Statistical Purposes),20200828,20210907
3,82037890,"Midland Credit Management, Inc.",2016SC000610EF,Small Claims,Disposed (Statistical Purposes),20201224,20210506
4,82037963,"Midland Credit Management, Inc.",2049CV000016,Civil,Open,20200113,20200113
5,82038153,"Midland Credit Management, Inc.",2133SC003155,Small Claims,Open,20211221,20211221
6,82038260,"Midland Credit Management, Inc.",2011SC001748,Small Claims,Open,20200928,20200928
7,82038583,"Midland Credit Management, Inc.",2150SC000502,Small Claims,Disposed (Statistical Purposes),20210329,20210922
8,82038710,"Midland Credit Management, Inc.",2150SC001679,Small Claims,Open,20210902,20210902
9,82039183,"Midland Credit Management, Inc.",2011SC001723EF,Small Claims,Open,20200928,20200928
10,82039444,"Midland Credit Management, Inc.",2021SC000452EF,Small Claims,Disposed (Statistical Purposes),20201109,20210511
11,82039758,"Midland Credit Management, Inc.",2113SC000622,Small Claims,Disposed (Statistical Purposes),20210409,20210825
12,82039793,"Midland Credit Management, Inc.",2138SC000863,Small Claims,Open,20210827,20210827
13,82040645,"Midland Credit Management, Inc.",2132SC000522,Small Claims,Disposed (Statistical Purposes),20210413,20210806
14,82040708,"Midland Credit Management, Inc.",2049SC000024,Small Claims,Disposed (Statistical Purposes),20200113,20200218
15,82040933,"Midland Credit Management, Inc.",2150SC000504,Small Claims,Open,20210329,20210329
16,82041900,"Midland Credit Management, Inc.",2150SC001681,Small Claims,Disposed (Statistical Purposes),20210902,20211108
17,82042056,"Midland Credit Management, Inc.",2150SC000503,Small Claims,Open,20210329,20210329
18,82042073,"Midland Credit Management, Inc.",2138SC000861,Small Claims,Open,20210827,20210827
19,82042165,"Midland Credit Management, Inc.",2111SC003423EF,Small Claims,Open,20211130,20211130
20,82042623,"Midland Credit Management, Inc.",2150SC000506,Small Claims,Open,20210329,20210329
21,82042892,"Midland Credit Management, Inc.",2113SC002276,Small Claims,Open,20211018,20211018
22,82043187,"Midland Credit Management, Inc.",2111SC003431EF,Small Claims,Open,20211130,20211130
23,82044390,"Midland Credit Management, Inc.",2041SC000280,Small Claims,Open,20200730,20200730
24,82045324,"Midland Credit Management, Inc.",2011SC001735,Small Claims,Open,20200928,20200928
25,82045653,"Midland Credit Management, Inc.",2032SC001766,Small Claims,Disposed (Statistical Purposes),20201030,20211215
26,82046707,"Midland Credit Management, Inc.",2111SC000364EF,Small Claims,Open,20210215,20210215
27,82047018,"Midland Credit Management, Inc.",2113SC000621,Small Claims,Disposed (Statistical Purposes),20210409,20210825
28,82047640,"Midland Credit Management, Inc.",2027SC000451,Small Claims,Disposed (Statistical Purposes),20200910,20210225
29,82047966,"Midland Credit Management, Inc.",2011SC001745,Small Claims,Open,20200928,20200928
30,82048032,"Midland Credit Management, Inc.",2111CV001169,Civil,Disposed (Statistical Purposes),20211004,20220203
31,82048357,"Midland Credit Management, Inc.",2111SC002745EF,Small Claims,Open,20211004,20211004
32,82049356,"Midland Credit Management, Inc.",2017SC000460,Small Claims,Disposed (Statistical Purposes),20201117,20211207
33,82049501,"Midland Credit Management, Inc.",2141SC000536,Small Claims,Open,20211206,20211206
34,82049727,"Midland Credit Management, Inc.",2111SC000365EF,Small Claims,Open,20210215,20210215
35,82050214,"Midland Credit Management, Inc.",2111CV001214,Civil,Open,20211004,20211004
36,82050279,"Midland Credit Management, Inc.",2150SC000058,Small Claims,Open,20210119,20210119
37,82050464,"Midland Credit Management, Inc.",2111SC003430EF,Small Claims,Open,20211130,20211130
38,82050556,"Midland Credit Management, Inc.",2141SC000538,Small Claims,Open,20211207,20211207
39,82050908,"Midland Credit Management, Inc.",2136SC001391,Small Claims,Open,20211206,20211206
40,82051256,"Midland Credit Management, Inc.",2111CV001170,Civil,Open,20211004,20211004
41,82052412,"Midland Credit Management, Inc.",2111SC003427EF,Small Claims,Open,20211130,20211130
42,82053406,"Midland Credit Management, Inc.",2111SC000366EF,Small Claims,Open,20210215,20210215
43,82053798,"Midland Credit Management, Inc.",2016SC000611,Small Claims,Disposed (Statistical Purposes),20201228,20210517
44,82054668,"Midland Credit Management, Inc.",2016SC000620,Small Claims,Disposed (Statistical Purposes),20201229,20210503
45,82055336,"Midland Credit Management, Inc.",2032SC001775,Small Claims,Disposed (Statistical Purposes),20201030,20211215
46,82055919,"Midland Credit Management, Inc.",2050SC001392,Small Claims,Disposed (Statistical Purposes),20200923,20210813
47,82056436,"Midland Credit Management, Inc.",2111SC003424EF,Small Claims,Open,20211130,20211130
48,82057091,"Midland Credit Management, Inc.",2049SC000671,Small Claims,Disposed (Statistical Purposes),20201102,20210415
49,82057586,"Midland Credit Management, Inc.",2141SC000153,Small Claims,Open,20210420,20210420
0,82057798,"Midland Credit Management, Inc.",2198SC000585EF,Small Claims,Disposed (Statistical Purposes),20210930,20211119
1,82057844,"Midland Credit Management, Inc.",2111SC002747EF,Small Claims,Open,20211004,20211004
2,82057934,"Midland Credit Management, Inc.",2116SC000857,Small Claims,Open,20211227,20211227
3,82059010,"Midland Credit Management, Inc.",2016SC000623,Small Claims,Disposed (Statistical Purposes),20201229,20210517
4,82059303,"Midland Credit Management, Inc.",2111SC003432EF,Small Claims,Open,20211130,20211130
5,82059894,"Midland Credit Management, Inc.",2140SC000115EF,Small Claims,Disposed (Statistical Purposes),20210817,20220127
6,82059906,"Midland Credit Management, Inc.",2116SC000858,Small Claims,Open,20211227,20211227
7,82060535,"Midland Credit Management, Inc.",2111CV001162,Civil,Open,20211004,20211004
8,82062832,"Midland Credit Management, Inc.",2021SC000453EF,Small Claims,Disposed (Statistical Purposes),20201111,20210511
9,82063470,"Midland Credit Management, Inc.",2016SC000622,Small Claims,Disposed (Statistical Purposes),20201229,20210517
10,82063617,"Midland Credit Management, Inc.",2018SC001333,Small Claims,Disposed (Statistical Purposes),20200831,20210909
11,82063683,"Midland Credit Management, Inc.",2049SC000670,Small Claims,Disposed (Statistical Purposes),20201102,20210415
12,82065058,"Midland Credit Management, Inc.",2111SC000746EF,Small Claims,Open,20210322,20210322
13,82065119,"Midland Credit Management, Inc.",2013SC001462,Small Claims,Disposed (Statistical Purposes),20201201,20211012
14,82065927,"Midland Credit Management, Inc.",2016SC000621,Small Claims,Disposed (Statistical Purposes),20201229,20210517
15,82066050,"Midland Credit Management, Inc.",2032SC001770,Small Claims,Disposed (Statistical Purposes),20201030,20211215
16,82067268,"Midland Credit Management, Inc.",2249SC000073EF,Small Claims,Open,20220202,20220202
17,82067624,"Midland Credit Management, Inc.",2111SC001129EF,Small Claims,Open,20210503,20210503
18,82067839,"Midland Credit Management, Inc.",2150SC000074,Small Claims,Disposed (Statistical Purposes),20210121,20211203
19,82068020,"Midland Credit Management, Inc.",2049SC000669,Small Claims,Disposed (Statistical Purposes),20201102,20210414
20,82068692,"Midland Credit Management, Inc.",2111SC000747EF,Small Claims,Open,20210322,20210322
21,82069161,"Midland Credit Management, Inc.",2111SC000745EF,Small Claims,Open,20210322,20210322
22,82069814,"Midland Credit Management, Inc.",2032SC001760,Small Claims,Disposed (Statistical Purposes),20201030,20211215
23,82070571,"Midland Credit Management, Inc.",2018SC001302,Small Claims,Disposed (Statistical Purposes),20200831,20210907
24,82071745,"Midland Credit Management, Inc.",2021SC000454EF,Small Claims,Disposed (Statistical Purposes),20201112,20210510
25,82071804,"Midland Credit Management, Inc.",2132SC000166,Small Claims,Disposed (Statistical Purposes),20210204,20210910
26,82072085,"Midland Credit Management, Inc.",2032SC001773,Small Claims,Disposed (Statistical Purposes),20201030,20210323
27,82072359,"Midland Credit Management, Inc.",2063SC000165,Small Claims,Disposed (Statistical Purposes),20200708,20210628
28,82073266,"Midland Credit Management, Inc.",2013SC001479,Small Claims,Disposed (Statistical Purposes),20201130,20210908
29,82073718,"Midland Credit Management, Inc.",2089SC000278,Small Claims,Disposed (Statistical Purposes),20200309,20201118
30,82073859,"Midland Credit Management, Inc.",2049SC000672,Small Claims,Disposed (Statistical Purposes),20201102,20210415
31,82074605,"Midland Credit Management, Inc.",2032SC001765,Small Claims,Disposed (Statistical Purposes),20201030,20211130
32,82074611,"Midland Credit Management, Inc.",2049SC000668,Small Claims,Disposed (Statistical Purposes),20201102,20210511
33,82074965,"Midland Credit Management, Inc.",2113SC002116,Small Claims,Open,20211028,20211028
34,82075287,"Midland Credit Management, Inc.",2063SC000164,Small Claims,Disposed (Statistical Purposes),20200707,20211119
35,82075400,"Midland Credit Management, Inc.",2126SC000037,Small Claims,Open,20210119,20210119
36,82075630,"Midland Credit Management, Inc.",2111SC000740EF,Small Claims,Open,20210323,20210323
37,82078123,"Midland Credit Management, Inc.",2113SC002079,Small Claims,Open,20211028,20211028
38,82079568,"Midland Credit Management, Inc.",2032SC001772,Small Claims,Disposed (Statistical Purposes),20201030,20210603
39,82080526,"Midland Credit Management, Inc.",2113SC002115,Small Claims,Open,20211028,20211028
40,82080737,"Midland Credit Management, Inc.",2011SC001731EF,Small Claims,Open,20200929,20200929
41,82080875,"Midland Credit Management, Inc.",2111CV001215,Civil,Disposed (Statistical Purposes),20211005,20211209
42,82081696,"Midland Credit Management, Inc.",2113SC002118,Small Claims,Open,20211028,20211028
43,82081827,"Midland Credit Management, Inc.",2111SC000750EF,Small Claims,Open,20210322,20210322
44,82082267,"Midland Credit Management, Inc.",2027SC000454,Small Claims,Disposed (Statistical Purposes),20200914,20210804
45,82083740,"Midland Credit Management, Inc.",2027SC000445,Small Claims,Disposed (Statistical Purposes),20200914,20210830
46,82083892,"Midland Credit Management, Inc.",2033SC001478,Small Claims,Open,20200908,20200908
47,82083990,"Midland Credit Management, Inc.",2113SC000712,Small Claims,Disposed (Statistical Purposes),20210420,20210811
48,82084716,"Midland Credit Management, Inc.",2111SC000751EF,Small Claims,Disposed (Statistical Purposes),20210322,20220107
49,82085829,"Midland Credit Management, Inc.",2089SC000024,Small Claims,Disposed (Statistical Purposes),20200102,20200713
0,82087226,"Midland Credit Management, Inc.",2113SC002111,Small Claims,Open,20211028,20211028
1,82087833,"Midland Credit Management, Inc.",2113SC002113,Small Claims,Open,20211028,20211028
2,82088477,"Midland Credit Management, Inc.",2016SC000615EF,Small Claims,Disposed (Statistical Purposes),20201230,20210517
3,82089058,"Midland Credit Management, Inc.",2068SC000059,Small Claims,Disposed (Statistical Purposes),20200204,20200914
4,82089039,"Midland Credit Management, Inc.",2068SC000059,Small Claims,Disposed (Statistical Purposes),20200204,20200914
5,82089849,"Midland Credit Management, Inc.",2032SC001742,Small Claims,Disposed (Statistical Purposes),20201030,20211213
6,82089979,"Midland Credit Management, Inc.",2113SC002081,Small Claims,Open,20211028,20211028
7,82090709,"Midland Credit Management, Inc.",2113SC000713,Small Claims,Disposed (Statistical Purposes),20210420,20210811
8,82092048,"Midland Credit Management, Inc.",2132SC000164,Small Claims,Disposed (Statistical Purposes),20210204,20210910
9,82092049,"Midland Credit Management, Inc.",2132SC000164,Small Claims,Disposed (Statistical Purposes),20210204,20210910
10,82092135,"Midland Credit Management, Inc.",2032SC001764,Small Claims,Disposed (Statistical Purposes),20201030,20211215
11,82092408,"Midland Credit Management, Inc.",2141SC000548,Small Claims,Open,20211213,20211213
12,82093142,"Midland Credit Management, Inc.",2068SC000058,Small Claims,Suspended-Notices sent Covid-19,20200204,20200424
13,82094357,"Midland Credit Management, Inc.",2113SC000714,Small Claims,Disposed (Statistical Purposes),20210420,20210811
14,82095075,"Midland Credit Management, Inc.",2068SC000056,Small Claims,Disposed (Statistical Purposes),20200204,20200915
15,82095077,"Midland Credit Management, Inc.",2068SC000056,Small Claims,Disposed (Statistical Purposes),20200204,20200915
16,82095724,"Midland Credit Management, Inc.",2011SC001729EF,Small Claims,Open,20200929,20200929
17,82096312,"Midland Credit Management, Inc.",2132SC000165,Small Claims,Disposed (Statistical Purposes),20210204,20220107
18,82096742,"Midland Credit Management, Inc.",2068SC000057,Small Claims,Disposed (Statistical Purposes),20200204,20200914
19,82096743,"Midland Credit Management, Inc.",2068SC000057,Small Claims,Disposed (Statistical Purposes),20200204,20200914
20,82097304,"Midland Credit Management, Inc.",2116CV000277,Civil,Open,20211228,20211228
21,82097529,"Midland Credit Management, Inc.",2050SC001481,Small Claims,Disposed (Statistical Purposes),20201016,20210427
22,82098000,"Midland Credit Management, Inc.",2116CV000275,Civil,Open,20211228,20211228
23,82098512,"Midland Credit Management, Inc.",2111CV001189,Civil,Open,20211006,20211006
24,82098705,"Midland Credit Management, Inc.",2027SC000456,Small Claims,Disposed (Statistical Purposes),20200915,20201006
25,82099104,"Midland Credit Management, Inc.",2011SC001730EF,Small Claims,Open,20200929,20200929
26,82099204,"Midland Credit Management, Inc.",2126SC000661,Small Claims,Open,20211208,20211208
27,82099227,"Midland Credit Management, Inc.",2013SC000557,Small Claims,Disposed (Statistical Purposes),20200309,20210326
28,82099330,"Midland Credit Management, Inc.",2116SC000001,Small Claims,Disposed (Statistical Purposes),20210102,20220113
29,82099794,"Midland Credit Management, Inc.",2161SC000224-EF,Small Claims,Disposed (Statistical Purposes),20210329,20210928
30,82101119,"Midland Credit Management, Inc.",2068SC000055,Small Claims,Open,20200204,20200204
31,82101119,"Midland Credit Management, Inc.",2068SC000055,Small Claims,Open,20200204,20200204
32,82101486,"Midland Credit Management, Inc.",2142CV000009,Civil,Open,20210129,20210129
33,82101609,"Midland Credit Management, Inc.",2116SC000002,Small Claims,Disposed (Statistical Purposes),20210102,20210517
34,82101638,"Midland Credit Management, Inc.",2013SC001401,Small Claims,Disposed (Statistical Purposes),20201116,20210811
35,82102317,"Midland Credit Management, Inc.",2013SC000544,Small Claims,Disposed (Statistical Purposes),20200309,20210319
36,82103052,"Midland Credit Management, Inc.",2049SC000114,Small Claims,Disposed (Statistical Purposes),20200204,20210112
37,82104084,"Midland Credit Management, Inc.",2049SC000116,Small Claims,Disposed (Statistical Purposes),20200204,20210119
38,82104929,"Midland Credit Management, Inc.",2020SC000022,Small Claims,Open,20200113,20200113
39,82105338,"Midland Credit Management, Inc.",2013SC001410,Small Claims,Closed,20201116,20210426
40,82105940,"Midland Credit Management, Inc.",2133SC003184,Small Claims,Open,20211227,20211227
41,82106887,"Midland Credit Management, Inc.",2049SC000127,Small Claims,Disposed (Statistical Purposes),20200204,20210602
42,82107123,"Midland Credit Management, Inc.",2013SC000541,Small Claims,Disposed (Statistical Purposes),20200309,20210319
43,82107920,"Midland Credit Management, Inc.",2033SC001546,Small Claims,Open,20200909,20200916
44,82108294,"Midland Credit Management, Inc.",2133SC003185,Small Claims,Open,20211227,20211227
45,82108343,"Midland Credit Management, Inc.",2049SC000119,Small Claims,Disposed (Statistical Purposes),20200204,20210119
46,82108625,"Midland Credit Management, Inc.",2111SC000815,Small Claims,Open,20210324,20210324
47,82108655,"Midland Credit Management, Inc.",2132SC002187,Small Claims,Open,20210827,20210827
48,82108902,"Midland Credit Management, Inc.",2022SC000336EF,Small Claims,Disposed (Statistical Purposes),20201028,20210603
49,82109327,"Midland Credit Management, Inc.",2141SC000161,Small Claims,Open,20210426,20210426
0,82109483,"Midland Credit Management, Inc.",2033SC001481,Small Claims,Open,20200909,20200909
1,82109577,"Midland Credit Management, Inc.",2049SC000118,Small Claims,Disposed (Statistical Purposes),20200204,20210119
2,82109728,"Midland Credit Management, Inc.",2049SC000677EF,Small Claims,Disposed (Statistical Purposes),20201109,20210325
3,82110347,"Midland Credit Management, Inc.",2116SC000867,Small Claims,Open,20211230,20211230
4,82110570,"Midland Credit Management, Inc.",2112SC000252,Small Claims,Open,20210817,20210817
5,82111032,"Midland Credit Management, Inc.",2027SC000459,Small Claims,Suspended Covid 19 extended,20200917,20200917
6,82111342,"Midland Credit Management, Inc.",2132SC001534,Small Claims,Disposed (Statistical Purposes),20210827,20211014
7,82111981,"Midland Credit Management, Inc.",2027SC000457,Small Claims,Disposed (Statistical Purposes),20200917,20210922
8,82112853,"Midland Credit Management, Inc.",2116SC000866,Small Claims,Open,20211230,20211230
9,82112880,"Midland Credit Management, Inc.",2033SC001486,Small Claims,Open,20200910,20200910
10,82112881,"Midland Credit Management, Inc.",2111CV001182,Civil,Open,20211008,20211008
11,82113028,"Midland Credit Management, Inc.",2049SC000125,Small Claims,Disposed (Statistical Purposes),20200204,20210126
12,82113620,"Midland Credit Management, Inc.",2161SC000717-EF,Small Claims,Disposed (Statistical Purposes),20211014,20220118
13,82114392,"Midland Credit Management, Inc.",2111SC003452EF,Small Claims,Open,20211202,20211202
14,82114425,"Midland Credit Management, Inc.",2013SC000542,Small Claims,Disposed (Statistical Purposes),20200309,20210319
15,82115533,"Midland Credit Management, Inc.",2142SC000023,Small Claims,Disposed (Statistical Purposes),20210201,20210309
16,82115742,"Midland Credit Management, Inc.",2142SC000024,Small Claims,Open,20210201,20210201
17,82116060,"Midland Credit Management, Inc.",2049SC000122,Small Claims,Disposed (Statistical Purposes),20200204,20210119
18,82116325,"Midland Credit Management, Inc.",2111CV001183,Civil,Open,20211008,20211008
19,82116401,"Midland Credit Management, Inc.",2050SC001397,Small Claims,Disposed (Statistical Purposes),20200929,20210806
20,82116704,"Midland Credit Management, Inc.",2142SC000025,Small Claims,Open,20210201,20210201
21,82117928,"Midland Credit Management, Inc.",2013SC000540,Small Claims,Disposed (Statistical Purposes),20200309,20210319
22,82117977,"Midland Credit Management, Inc.",2013SC001471,Small Claims,Disposed (Statistical Purposes),20201207,20211020
23,82119002,"Midland Credit Management, Inc.",2049SC000126,Small Claims,Disposed (Statistical Purposes),20200204,20210126
24,82119890,"Midland Credit Management, Inc.",2032SC001780,Small Claims,Covid 19 XXX Notice Issued,20201102,20210421
25,82120036,"Midland Credit Management, Inc.",2033SC001484,Small Claims,Open,20200910,20200910
26,82121042,"Midland Credit Management, Inc.",2032SC001847,Small Claims,Disposed (Statistical Purposes),20201116,20220128
27,82121289,"Midland Credit Management, Inc.",2161SC000164-EF,Small Claims,Disposed (Statistical Purposes),20210305,20210616
28,82121573,"Midland Credit Management, Inc.",2113SC002124,Small Claims,Open,20211029,20211029
29,82121638,"Midland Credit Management, Inc.",2032SC001782,Small Claims,Disposed (Statistical Purposes),20201102,20211216
30,82122283,"Midland Credit Management, Inc.",2033SC001479,Small Claims,Open,20200909,20200909
31,82123143,"Midland Credit Management, Inc.",2049SC000123,Small Claims,Disposed (Statistical Purposes),20200204,20210119
32,82123448,"Midland Credit Management, Inc.",2016SC000430,Small Claims,Disposed (Statistical Purposes),20200911,20210104
33,82125024,"Midland Credit Management, Inc.",2032SC001837,Small Claims,Disposed (Statistical Purposes),20201116,20210113
34,82125296,"Midland Credit Management, Inc.",2032SC001781,Small Claims,Disposed (Statistical Purposes),20201102,20211216
35,82125418,"Midland Credit Management, Inc.",2013SC001470,Small Claims,Disposed (Statistical Purposes),20201207,20211020
36,82126569,"Midland Credit Management, Inc.",2118SC000208,Small Claims,Disposed (Statistical Purposes),20210215,20211220
37,82126593,"Midland Credit Management, Inc.",2122SC000724EF,Small Claims,Open,20211222,20211222
38,82126595,"Midland Credit Management, Inc.",2133CV000795,Civil,Open,20211229,20211229
39,82126597,"Midland Credit Management, Inc.",2049SC000115,Small Claims,Disposed (Statistical Purposes),20200204,20210119
40,82126869,"Midland Credit Management, Inc.",2033SC001480,Small Claims,Open,20200909,20200909
41,82127133,"Midland Credit Management, Inc.",2132SC000240,Small Claims,Disposed (Statistical Purposes),20210208,20220106
42,82128718,"Midland Credit Management, Inc.",2132SC000202,Small Claims,Disposed (Statistical Purposes),20210208,20211019
43,82129369,"Midland Credit Management, Inc.",2132SC000259,Small Claims,Disposed (Statistical Purposes),20210208,20211022
44,82129585,"Midland Credit Management, Inc.",2049SC000117,Small Claims,Closed,20200204,20201015
45,82129716,"Midland Credit Management, Inc.",2161SC000234-EF,Small Claims,Disposed (Statistical Purposes),20210401,20211005
46,82130130,"Midland Credit Management, Inc.",2132SC000236,Small Claims,Disposed (Statistical Purposes),20210208,20211020
47,82130884,"Midland Credit Management, Inc.",2049SC000680EF,Small Claims,Disposed (Statistical Purposes),20201111,20210325
48,82130966,"Midland Credit Management, Inc.",2032SC001744,Small Claims,Covid 19 XXX Notice Issued,20201102,20210421
49,82131553,"Midland Credit Management, Inc.",2022SC000363EF,Small Claims,Open,20201030,20201030
0,82131867,"Midland Credit Management, Inc.",2132SC000254,Small Claims,Disposed (Statistical Purposes),20210208,20211021
1,82131989,"Midland Credit Management, Inc.",2113SC002123,Small Claims,Open,20211029,20211029
2,82132758,"Midland Credit Management, Inc.",2132SC000245,Small Claims,Disposed (Statistical Purposes),20210208,20211021
3,82133536,"Midland Credit Management, Inc.",2032SC001846,Small Claims,Disposed (Statistical Purposes),20201116,20220128
4,82134166,"Midland Credit Management, Inc.",2022SC000342EF,Small Claims,Disposed (Statistical Purposes),20201030,20211028
5,82134329,"Midland Credit Management, Inc.",2032SC001743,Small Claims,Covid 19 XXX Notice Issued,20201102,20210421
6,82135148,"Midland Credit Management, Inc.",2016SC000433,Small Claims,Disposed (Statistical Purposes),20200914,20210104
7,82135428,"Midland Credit Management, Inc.",2013SC001375,Small Claims,Disposed (Statistical Purposes),20201119,20210804
8,82135596,"Midland Credit Management, Inc.",2132SC000237,Small Claims,Disposed (Statistical Purposes),20210208,20211020
9,82135651,"Midland Credit Management, Inc.",2050SC001633,Small Claims,Open,20201201,20201201
10,82135892,"Midland Credit Management, Inc.",2032SC001779,Small Claims,Disposed (Statistical Purposes),20201102,20211216
11,82136111,"Midland Credit Management, Inc.",2027SC000465,Small Claims,Disposed (Statistical Purposes),20200922,20210119
12,82136340,"Midland Credit Management, Inc.",2132SC000203,Small Claims,Disposed (Statistical Purposes),20210208,20211019
13,82136389,"Midland Credit Management, Inc.",2133CV000794,Civil,Open,20211229,20211229
14,82137236,"Midland Credit Management, Inc.",2142SC000028,Small Claims,Disposed (Statistical Purposes),20210204,20210408
15,82138149,"Midland Credit Management, Inc.",2013SC001374,Small Claims,Closed,20201119,20201119
16,82139731,"Midland Credit Management, Inc.",2216SC000007,Small Claims,Open,20220104,20220104
17,82140339,"Midland Credit Management, Inc.",2013SC001473,Small Claims,Closed,20201208,20210518
18,82140531,"Midland Credit Management, Inc.",2013SC001496,Small Claims,Disposed (Statistical Purposes),20201209,20210922
19,82140665,"Midland Credit Management, Inc.",2113SC000728,Small Claims,Disposed (Statistical Purposes),20210422,20210827
20,82141240,"Midland Credit Management, Inc.",2013SC001497,Small Claims,Disposed (Statistical Purposes),20201209,20211018
21,82141298,"Midland Credit Management, Inc.",2113SC000726,Small Claims,Disposed (Statistical Purposes),20210422,20210827
22,82141981,"Midland Credit Management, Inc.",2142SC000030,Small Claims,Open,20210204,20210204
23,82144977,"Midland Credit Management, Inc.",2113SC000725,Small Claims,Disposed (Statistical Purposes),20210422,20210827
24,82145482,"Midland Credit Management, Inc.",2113SC000727,Small Claims,Disposed (Statistical Purposes),20210422,20210825
25,82145768,"Midland Credit Management, Inc.",2033SC001550,Small Claims,Disposed (Statistical Purposes),20200911,20210426
26,82146460,"Midland Credit Management, Inc.",2142SC000029,Small Claims,Open,20210204,20210204
27,82146518,"Midland Credit Management, Inc.",2032SC001845,Small Claims,Disposed (Statistical Purposes),20201116,20210518
28,82147175,"Midland Credit Management, Inc.",2132SC000881,Small Claims,Disposed (Statistical Purposes),20210420,20210624
29,82147767,"Midland Credit Management, Inc.",2166SC000445,Small Claims,Disposed (Statistical Purposes),20210817,20220208
30,82147968,"Midland Credit Management, Inc.",2050SC001634,Small Claims,Disposed (Statistical Purposes),20201202,20210922
31,82148185,"Midland Credit Management, Inc.",2133SC000090,Small Claims,Open,20210122,20210122
32,82148351,"Midland Credit Management, Inc.",2032SC001784,Small Claims,Disposed (Statistical Purposes),20201104,20211216
33,82148408,"Midland Credit Management, Inc.",2132SC000880,Small Claims,Disposed (Statistical Purposes),20210420,20210818
34,82148652,"Midland Credit Management, Inc.",2133SC003216,Small Claims,Open,20211230,20211230
35,82148838,"Midland Credit Management, Inc.",2033SC001487,Small Claims,Open,20200911,20200911
36,82149038,"Midland Credit Management, Inc.",2133SC003217,Small Claims,Open,20211230,20211230
37,82149137,"Midland Credit Management, Inc.",2033SC001560,Small Claims,Disposed (Statistical Purposes),20200911,20210524
38,82149272,"Midland Credit Management, Inc.",2032SC001783,Small Claims,Disposed (Statistical Purposes),20201104,20211216
39,82149861,"Midland Credit Management, Inc.",2033SC001564,Small Claims,Open,20200911,20200911
40,82149923,"Midland Credit Management, Inc.",2113SC000723,Small Claims,Closed,20210422,20210827
41,82150007,"Midland Credit Management, Inc.",2133SC000097,Small Claims,Open,20210122,20210122
42,82150158,"Midland Credit Management, Inc.",2133SC000089,Small Claims,Closed,20210122,20210910
43,82150511,"Midland Credit Management, Inc.",2113SC000724,Small Claims,Disposed (Statistical Purposes),20210422,20210827
44,82151089,"Midland Credit Management, Inc.",2050SC001632,Small Claims,Disposed (Statistical Purposes),20201202,20211015
45,82151415,"Midland Credit Management, Inc.",2143SC001039,Small Claims,Open,20211230,20211230
46,82151451,"Midland Credit Management, Inc.",2033SC001562,Small Claims,Open,20200911,20200911
47,82152652,"Midland Credit Management, Inc.",2143SC001040,Small Claims,Open,20211230,20211230
48,82152693,"Midland Credit Management, Inc.",2033SC001552,Small Claims,Open,20200911,20200911
49,82152964,"Midland Credit Management, Inc.",2132SC000879,Small Claims,Disposed (Statistical Purposes),20210420,20210818
0,82153502,"Midland Credit Management, Inc.",2032SC001787,Small Claims,Disposed (Statistical Purposes),20201105,20211216
1,82153822,"Midland Credit Management, Inc.",2033SC001548,Small Claims,Open,20200911,20200911
2,82153965,"Midland Credit Management, Inc.",2112SC000040,Small Claims,Closed,20210216,20211228
3,82154369,"Midland Credit Management, Inc.",2187SC000026,Small Claims,Open,20210212,20210212
4,82155364,"Midland Credit Management, Inc.",2032SC001788,Small Claims,Disposed (Statistical Purposes),20201105,20211216
5,82156442,"Midland Credit Management, Inc.",2013SC001378,Small Claims,Disposed (Statistical Purposes),20201120,20210804
6,82157960,"Midland Credit Management, Inc.",2161SC000728-EF,Small Claims,Open,20211019,20211019
7,82160262,"Midland Credit Management, Inc.",2111SC002402EF,Small Claims,Open,20210830,20210830
8,82160571,"Midland Credit Management, Inc.",2161SC000186-EF,Small Claims,Disposed (Statistical Purposes),20210311,20210921
9,82161644,"Midland Credit Management, Inc.",2032SC001769,Small Claims,Disposed (Statistical Purposes),20201104,20211213
10,82162082,"Midland Credit Management, Inc.",2188CV000047,Civil,Open,20211229,20211229
11,82162285,"Midland Credit Management, Inc.",2122SC000105,Small Claims,Disposed (Statistical Purposes),20210303,20211202
12,82163518,"Midland Credit Management, Inc.",2032SC001859,Small Claims,Covid 19 XXX Notice Issued,20201119,20210506
13,82163920,"Midland Credit Management, Inc.",2141SC000557,Small Claims,Open,20211222,20211222
14,82164545,"Midland Credit Management, Inc.",2133SC003215,Small Claims,Open,20211230,20211230
15,82164915,"Midland Credit Management, Inc.",2133CV000815,Civil,Open,20211230,20211230
16,82164953,"Midland Credit Management, Inc.",2049SC000068,Small Claims,Disposed (Statistical Purposes),20200124,20210113
17,82165086,"Midland Credit Management, Inc.",2066SC000329,Small Claims,Covid 19 XXX Notice Issued,20200831,20201125
18,82166268,"Midland Credit Management, Inc.",2033SC001067,Small Claims,Disposed (Statistical Purposes),20200616,20211116
19,82166855,"Midland Credit Management, Inc.",2113SC000050,Small Claims,Disposed (Statistical Purposes),20210114,20211013
20,82167052,"Midland Credit Management, Inc.",2033SC001065,Small Claims,Disposed (Statistical Purposes),20200616,20211116
21,82167087,"Midland Credit Management, Inc.",2122SC000505EF,Small Claims,Open,20210909,20210909
22,82167485,"Midland Credit Management, Inc.",2111SC002459EF,Small Claims,Open,20210903,20210903
23,82169611,"Midland Credit Management, Inc.",2113SC000009,Small Claims,Disposed (Statistical Purposes),20210105,20211006
24,82170544,"Midland Credit Management, Inc.",2032SC001860,Small Claims,Disposed (Statistical Purposes),20201119,20220131
25,82170836,"Midland Credit Management, Inc.",2033SC001066,Small Claims,Disposed (Statistical Purposes),20200616,20211116
26,82170975,"Midland Credit Management, Inc.",2113SC000048,Small Claims,Closed,20210114,20210504
27,82171247,"Midland Credit Management, Inc.",2021SC000312EF,Small Claims,Disposed (Statistical Purposes),20200828,20210507
28,82171820,"Midland Credit Management, Inc.",2049SC000067,Small Claims,Closed,20200124,20201015
29,82171993,"Midland Credit Management, Inc.",2033SC001491,Small Claims,Open,20200914,20200914
30,82172197,"Midland Credit Management, Inc.",2013SC001440,Small Claims,Open,20201123,20201123
31,82172195,"Midland Credit Management, Inc.",2045SC000298,Small Claims,Disposed (Statistical Purposes),20200904,20210714
32,82172734,"Midland Credit Management, Inc.",2045SC000299,Small Claims,Suspended Covid 19 extended,20200904,20200904
33,82172732,"Midland Credit Management, Inc.",1963SC000468EF,Small Claims,Disposed (Statistical Purposes),20191226,20210222
34,82173274,"Midland Credit Management, Inc.",2243SC000002,Small Claims,Open,20220103,20220103
35,82173572,"Midland Credit Management, Inc.",2013SC001438,Small Claims,Closed,20201123,20210827
36,82174282,"Midland Credit Management, Inc.",2013SC001437,Small Claims,Open,20201123,20201123
37,82174464,"Midland Credit Management, Inc.",2049SC000070,Small Claims,Disposed (Statistical Purposes),20200124,20210112
38,82174653,"Midland Credit Management, Inc.",2111SC002466EF,Small Claims,Open,20210906,20210906
39,82175524,"Midland Credit Management, Inc.",2027SC000474,Small Claims,Disposed (Statistical Purposes),20200923,20210225
40,82176660,"Midland Credit Management, Inc.",2198SC000618EF,Small Claims,Open,20211014,20211014
41,82176705,"Midland Credit Management, Inc.",2111SC002465EF,Small Claims,Open,20210906,20210906
42,82176974,"Midland Credit Management, Inc.",2050SC001661,Small Claims,Disposed (Statistical Purposes),20201207,20210518
43,82177240,"Midland Credit Management, Inc.",2033SC001500,Small Claims,Open,20200914,20200914
44,82177412,"Midland Credit Management, Inc.",2116SC000013EF,Small Claims,Disposed (Statistical Purposes),20210111,20210517
45,82178057,"Midland Credit Management, Inc.",2198SC000058,Small Claims,Disposed (Statistical Purposes),20210216,20210510
46,82180227,"Midland Credit Management, Inc.",2033SC001490,Small Claims,Open,20200914,20200914
47,82181158,"Midland Credit Management, Inc.",2161SC000190-EF,Small Claims,Disposed (Statistical Purposes),20210315,20210921
48,82181166,"Midland Credit Management, Inc.",2113SC000027,Small Claims,Disposed (Statistical Purposes),20210108,20211110
49,82182222,"Midland Credit Management, Inc.",2013SC001383,Small Claims,Disposed (Statistical Purposes),20201123,20210818
0,82182819,"Midland Credit Management, Inc.",2166SC000466,Small Claims,Open,20210823,20210823
1,82183488,"Midland Credit Management, Inc.",2166SC000465,Small Claims,Open,20210823,20210823
2,82183553,"Midland Credit Management, Inc.",2113SC000026,Small Claims,Disposed (Statistical Purposes),20210108,20211110
3,82183574,"Midland Credit Management, Inc.",2243SC000006,Small Claims,Open,20220105,20220105
4,82183845,"Midland Credit Management, Inc.",2198SC000057,Small Claims,Disposed (Statistical Purposes),20210216,20211029
5,82183957,"Midland Credit Management, Inc.",2111SC000411EF,Small Claims,Open,20210222,20210222
6,82183976,"Midland Credit Management, Inc.",2116SC000014,Small Claims,Disposed (Statistical Purposes),20210111,20210517
7,82184320,"Midland Credit Management, Inc.",2087SC000076,Small Claims,Disposed (Statistical Purposes),20200629,20210207
8,82184549,"Midland Credit Management, Inc.",2033SC001119,Small Claims,Disposed (Statistical Purposes),20200630,20211123
9,82185255,"Midland Credit Management, Inc.",2033SC001120,Small Claims,Disposed (Statistical Purposes),20200630,20211123
10,82185291,"Midland Credit Management, Inc.",2111SC000870,Small Claims,Open,20210331,20210331
11,82185435,"Midland Credit Management, Inc.",2022SC000365EF,Small Claims,Disposed (Statistical Purposes),20201104,20210610
12,82185917,"Midland Credit Management, Inc.",2033SC001566,Small Claims,Open,20200914,20200914
13,82186320,"Midland Credit Management, Inc.",2113SC000028,Small Claims,Disposed (Statistical Purposes),20210108,20211013
14,82186512,"Midland Credit Management, Inc.",2027SC000480,Small Claims,Disposed (Statistical Purposes),20200925,20210922
15,82186909,"Midland Credit Management, Inc.",2133SC000125,Small Claims,Disposed (Statistical Purposes),20210128,20211020
16,82187548,"Midland Credit Management, Inc.",2050SC001423,Small Claims,Disposed (Statistical Purposes),20201008,20210820
17,82187733,"Midland Credit Management, Inc.",2112SC000279,Small Claims,Open,20210827,20210827
18,82188608,"Midland Credit Management, Inc.",2133SC000115,Small Claims,Open,20210127,20210127
19,82188670,"Midland Credit Management, Inc.",2033SC001567,Small Claims,Disposed (Statistical Purposes),20200914,20210310
20,82188853,"Midland Credit Management, Inc.",2233SC000057,Small Claims,Open,20220103,20220103
21,82189763,"Midland Credit Management, Inc.",2256SC000101,Small Claims,Open,20220121,20220121
22,82190450,"Midland Credit Management, Inc.",2013SC001386,Small Claims,Disposed (Statistical Purposes),20201124,20210818
23,82190687,"Midland Credit Management, Inc.",2133SC000124,Small Claims,Open,20210128,20210128
24,82191542,"Midland Credit Management, Inc.",2116SC000012,Small Claims,Disposed (Statistical Purposes),20210111,20210517
25,82191620,"Midland Credit Management, Inc.",2112SC000049,Small Claims,Open,20210222,20210222
26,82191721,"Midland Credit Management, Inc.",2256SC000103,Small Claims,Open,20220121,20220121
27,82191911,"Midland Credit Management, Inc.",2022SC000366EF,Small Claims,Disposed (Statistical Purposes),20201105,20210610
28,82192610,"Midland Credit Management, Inc.",2113SC002151,Small Claims,Open,20211103,20211103
29,82192703,"Midland Credit Management, Inc.",2113SC000743,Small Claims,Disposed (Statistical Purposes),20210426,20211008
30,82192977,"Midland Credit Management, Inc.",2233SC000061,Small Claims,Open,20220104,20220104
31,82193712,"Midland Credit Management, Inc.",2133SC000132,Small Claims,Disposed (Statistical Purposes),20210128,20211006
32,82194132,"Midland Credit Management, Inc.",2133SC000122,Small Claims,Disposed (Statistical Purposes),20210128,20211020
33,82194982,"Midland Credit Management, Inc.",2022SC000368EF,Small Claims,Disposed (Statistical Purposes),20201105,20210519
34,82195345,"Midland Credit Management, Inc.",2066SC000481,Small Claims,Disposed (Statistical Purposes),20201222,20210824
35,82195638,"Midland Credit Management, Inc.",2111SC000873,Small Claims,Disposed (Statistical Purposes),20210331,20220120
36,82195829,"Midland Credit Management, Inc.",2111SC002483EF,Small Claims,Open,20210907,20210907
37,82196314,"Midland Credit Management, Inc.",2032SC001877,Small Claims,Disposed (Statistical Purposes),20201123,20220202
38,82196375,"Midland Credit Management, Inc.",2132SC000885,Small Claims,Disposed (Statistical Purposes),20210421,20210930
39,82196495,"Midland Credit Management, Inc.",2256SC000104,Small Claims,Open,20220121,20220121
40,82196547,"Midland Credit Management, Inc.",2033SC001080,Small Claims,Disposed (Statistical Purposes),20200619,20211116
41,82196613,"Midland Credit Management, Inc.",2113SC000742,Small Claims,Disposed (Statistical Purposes),20210426,20210917
42,82196649,"Midland Credit Management, Inc.",2126SC000032,Small Claims,Open,20210204,20210204
43,82196881,"Midland Credit Management, Inc.",2133SC000126,Small Claims,Disposed (Statistical Purposes),20210128,20211020
44,82196975,"Midland Credit Management, Inc.",2033SC001079,Small Claims,Disposed (Statistical Purposes),20200619,20211116
45,82196979,"Midland Credit Management, Inc.",2113SC000735,Small Claims,Disposed (Statistical Purposes),20210426,20210917
46,82197390,"Midland Credit Management, Inc.",2111SC000379EF,Small Claims,Disposed (Statistical Purposes),20210217,20210325
47,82197369,"Midland Credit Management, Inc.",2133SC000129,Small Claims,Disposed (Statistical Purposes),20210128,20211020
48,82197521,"Midland Credit Management, Inc.",2050SC001719,Small Claims,Disposed (Statistical Purposes),20201209,20220107
49,82197823,"Midland Credit Management, Inc.",2133SC000128,Small Claims,Closed,20210128,20210519
0,82197969,"Midland Credit Management, Inc.",2066SC000340,Small Claims,Covid 19 XXX Notice Issued,20200908,20201125
1,82198036,"Midland Credit Management, Inc.",2113SC000740,Small Claims,Disposed (Statistical Purposes),20210426,20210917
2,82198186,"Midland Credit Management, Inc.",2050SC001715,Small Claims,Open,20201209,20201209
3,82198225,"Midland Credit Management, Inc.",2133SC000123,Small Claims,Open,20210128,20210128
4,82198772,"Midland Credit Management, Inc.",2111SC000849EF,Small Claims,Open,20210330,20210330
5,82198887,"Midland Credit Management, Inc.",2132SC000888,Small Claims,Disposed (Statistical Purposes),20210421,20210826
6,82199151,"Midland Credit Management, Inc.",2050SC001663,Small Claims,Disposed (Statistical Purposes),20201208,20211001
7,82199292,"Midland Credit Management, Inc.",2066SC000337,Small Claims,Covid 19 XXX Notice Issued,20200908,20201125
8,82199488,"Midland Credit Management, Inc.",2133SC000130,Small Claims,Open,20210128,20210128
9,82200016,"Midland Credit Management, Inc.",2050SC001712,Small Claims,Disposed (Statistical Purposes),20201208,20211008
10,82200185,"Midland Credit Management, Inc.",2256SC000102,Small Claims,Open,20220121,20220121
11,82200257,"Midland Credit Management, Inc.",2132SC000883,Small Claims,Disposed (Statistical Purposes),20210421,20210818
12,82200510,"Midland Credit Management, Inc.",2111SC000382EF,Small Claims,Open,20210217,20210217
13,82200637,"Midland Credit Management, Inc.",2066SC000343,Small Claims,Covid 19 XXX Notice Issued,20200908,20201125
14,82200636,"Midland Credit Management, Inc.",2027SC000486,Small Claims,Disposed (Statistical Purposes),20200928,20210824
15,82201095,"Midland Credit Management, Inc.",2122SC000510EF,Small Claims,Open,20210916,20210916
16,82201772,"Midland Credit Management, Inc.",2161SC000029,Small Claims,Disposed (Statistical Purposes),20210115,20210714
17,82202088,"Midland Credit Management, Inc.",2033SC001114,Small Claims,Disposed (Statistical Purposes),20200629,20211123
18,82202152,"Midland Credit Management, Inc.",2050SC001718,Small Claims,Disposed (Statistical Purposes),20201209,20211112
19,82202746,"Midland Credit Management, Inc.",2027SC000484,Small Claims,Disposed (Statistical Purposes),20200928,20210924
20,82202814,"Midland Credit Management, Inc.",2132SC000886,Small Claims,Disposed (Statistical Purposes),20210421,20210818
21,82203604,"Midland Credit Management, Inc.",2032SC001893,Small Claims,Disposed (Statistical Purposes),20201123,20211123
22,82203680,"Midland Credit Management, Inc.",2049SC000081,Small Claims,Closed,20200128,20200519
23,82203691,"Midland Credit Management, Inc.",2066SC000341,Small Claims,Closed,20200908,20211102
24,82203692,"Midland Credit Management, Inc.",2027SC000485,Small Claims,Disposed (Statistical Purposes),20200928,20201008
25,82203829,"Midland Credit Management, Inc.",2133SC000116,Small Claims,Disposed (Statistical Purposes),20210127,20210504
26,82204419,"Midland Credit Management, Inc.",2111SC000381EF,Small Claims,Open,20210217,20210217
27,82204418,"Midland Credit Management, Inc.",2161SC000745-EF,Small Claims,Open,20211027,20211027
28,82204772,"Midland Credit Management, Inc.",2111SC000848,Small Claims,Open,20210330,20210330
29,82204830,"Midland Credit Management, Inc.",2132SC000887,Small Claims,Disposed (Statistical Purposes),20210421,20210915
30,82205073,"Midland Credit Management, Inc.",1954SC001331,Small Claims,Covid 19 XXX Notice Issued,20191220,20200923
31,82206297,"Midland Credit Management, Inc.",2050SC001664,Small Claims,Disposed (Statistical Purposes),20201208,20211001
32,82207005,"Midland Credit Management, Inc.",2132SC000884,Small Claims,Disposed (Statistical Purposes),20210421,20210818
33,82207084,"Midland Credit Management, Inc.",2113SC000754,Small Claims,Disposed (Statistical Purposes),20210426,20211210
34,82207698,"Midland Credit Management, Inc.",2113SC000739,Small Claims,Disposed (Statistical Purposes),20210426,20210917
35,82207710,"Midland Credit Management, Inc.",2161SC000203-EF,Small Claims,Disposed (Statistical Purposes),20210319,20210928
36,82207973,"Midland Credit Management, Inc.",2033SC001933,Small Claims,Open,20201116,20201116
37,82208352,"Midland Credit Management, Inc.",2113SC000746,Small Claims,Open,20210426,20210426
38,82208753,"Midland Credit Management, Inc.",2126SC000679,Small Claims,Open,20211221,20211221
39,82209290,"Midland Credit Management, Inc.",2113SC000738,Small Claims,Disposed (Statistical Purposes),20210426,20211008
40,82209860,"Midland Credit Management, Inc.",2033SC001932,Small Claims,Disposed (Statistical Purposes),20201116,20210719
41,82210119,"Midland Credit Management, Inc.",2233CV000002,Civil,Open,20220106,20220106
42,82211409,"Midland Credit Management, Inc.",2113SC000058,Small Claims,Closed,20210118,20210421
43,82211522,"Midland Credit Management, Inc.",2111SC000410EF,Small Claims,Open,20210222,20210222
44,82211549,"Midland Credit Management, Inc.",2122SC000010EF,Small Claims,Disposed (Statistical Purposes),20210101,20210816
45,82212220,"Midland Credit Management, Inc.",2113SC000737,Small Claims,Disposed (Statistical Purposes),20210426,20211007
46,82212238,"Midland Credit Management, Inc.",2111SC002436EF,Small Claims,Open,20210902,20210902
47,82213081,"Midland Credit Management, Inc.",2066SC000344,Small Claims,Covid 19 XXX Notice Issued,20200909,20201125
48,82213108,"Midland Credit Management, Inc.",2161SC000034-EF,Small Claims,Disposed (Statistical Purposes),20210118,20210727
49,82213934,"Midland Credit Management, Inc.",2063SC000001,Small Claims,Disposed (Statistical Purposes),20200102,20210125
0,82214065,"Midland Credit Management, Inc.",2198SC000640EF,Small Claims,Open,20211019,20211019
1,82214249,"Midland Credit Management, Inc.",2033SC001577,Small Claims,Open,20200916,20200916
2,82214270,"Midland Credit Management, Inc.",2011SC001930EF,Small Claims,Open,20201105,20201105
3,82215096,"Midland Credit Management, Inc.",2033SC001580,Small Claims,Open,20200916,20200916
4,82216764,"Midland Credit Management, Inc.",2011SC001927EF,Small Claims,Open,20201104,20201104
5,82217159,"Midland Credit Management, Inc.",2111SC002443EF,Small Claims,Open,20210902,20210902
6,82217204,"Midland Credit Management, Inc.",2141SC000561,Small Claims,Open,20211227,20211227
7,82217565,"Midland Credit Management, Inc.",2033SC001581,Small Claims,Open,20200916,20200916
8,82218257,"Midland Credit Management, Inc.",2113SC000039,Small Claims,Disposed (Statistical Purposes),20210111,20211013
9,82218381,"Midland Credit Management, Inc.",2113SC000741,Small Claims,Disposed (Statistical Purposes),20210426,20210917
10,82218819,"Midland Credit Management, Inc.",2111SC000881EF,Small Claims,Open,20210401,20210401
11,82219123,"Midland Credit Management, Inc.",2020SC000043,Small Claims,Disposed (Statistical Purposes),20200127,20211202
12,82219341,"Midland Credit Management, Inc.",2256SC000127,Small Claims,Open,20220124,20220124
13,82219568,"Midland Credit Management, Inc.",2066SC000346,Small Claims,Covid 19 XXX Notice Issued,20200909,20201125
14,82220210,"Midland Credit Management, Inc.",2256SC000126,Small Claims,Open,20220124,20220124
15,82222299,"Midland Credit Management, Inc.",2033SC001955,Small Claims,Open,20201119,20201119
16,82223167,"Midland Credit Management, Inc.",2011SC001931,Small Claims,Open,20201105,20201105
17,82223232,"Midland Credit Management, Inc.",2256SC000129,Small Claims,Open,20220124,20220124
18,82223879,"Midland Credit Management, Inc.",2113SC000736,Small Claims,Disposed (Statistical Purposes),20210426,20211210
19,82224188,"Midland Credit Management, Inc.",2028SC000097,Small Claims,Disposed (Statistical Purposes),20200302,20200915
20,82224423,"Midland Credit Management, Inc.",2133SC002898,Small Claims,Open,20211118,20211118
21,82225380,"Midland Credit Management, Inc.",2161SC000205-EF,Small Claims,Disposed (Statistical Purposes),20210322,20210928
22,82225405,"Midland Credit Management, Inc.",2161SC000035-EF,Small Claims,Disposed (Statistical Purposes),20210119,20210727
23,82225570,"Midland Credit Management, Inc.",2113SC000745,Small Claims,Open,20210426,20210426
24,82225611,"Midland Credit Management, Inc.",2027SC000299,Small Claims,Disposed (Statistical Purposes),20200608,20210901
25,82225691,"Midland Credit Management, Inc.",2045SC000308,Small Claims,Disposed (Statistical Purposes),20200917,20210930
26,82226172,"Midland Credit Management, Inc.",2133SC000141,Small Claims,Open,20210201,20210201
27,82226156,"Midland Credit Management, Inc.",2033SC001956,Small Claims,Open,20201119,20201119
28,82226222,"Midland Credit Management, Inc.",2045SC000310,Small Claims,Disposed (Statistical Purposes),20200918,20210811
29,82226465,"Midland Credit Management, Inc.",2133SC000143,Small Claims,Open,20210201,20210201
30,82226503,"Midland Credit Management, Inc.",2113SC000744,Small Claims,Disposed (Statistical Purposes),20210426,20211210
31,82227286,"Midland Credit Management, Inc.",2133SC000142,Small Claims,Open,20210201,20210201
32,82227448,"Midland Credit Management, Inc.",2161SC000209-EF,Small Claims,Disposed (Statistical Purposes),20210323,20210929
33,82227729,"Midland Credit Management, Inc.",2045SC000309,Small Claims,Suspended Covid 19 extended,20200917,20200917
34,82227961,"Midland Credit Management, Inc.",2245SC000023,Small Claims,Open,20220124,20220124
35,82228083,"Midland Credit Management, Inc.",2133SC002897,Small Claims,Open,20211118,20211118
36,82228869,"Midland Credit Management, Inc.",2032SC001899,Small Claims,Disposed (Statistical Purposes),20201125,20211214
37,82229195,"Midland Credit Management, Inc.",2111SC002870,Small Claims,Open,20211014,20211014
38,82229618,"Midland Credit Management, Inc.",2133SC000144,Small Claims,Open,20210201,20210201
39,82229643,"Midland Credit Management, Inc.",2027SC000298,Small Claims,Disposed (Statistical Purposes),20200608,20210901
40,82230217,"Midland Credit Management, Inc.",2161SC000767,Small Claims,Disposed (Statistical Purposes),20211101,20211230
41,82230782,"Midland Credit Management, Inc.",2111CV001218,Civil,Open,20211014,20211014
42,82231402,"Midland Credit Management, Inc.",2032SC001902,Small Claims,Covid 19 XXX Notice Issued,20201125,20210601
43,82232457,"Midland Credit Management, Inc.",2033SC001516,Small Claims,Open,20200915,20200915
44,82236476,"Midland Credit Management, Inc.",2161SC000213,Small Claims,Disposed (Statistical Purposes),20210324,20210928
45,82236510,"Midland Credit Management, Inc.",2118SC001582,Small Claims,Open,20210816,20210816
46,82236723,"Midland Credit Management, Inc.",2111SC002481EF,Small Claims,Open,20210907,20210907
47,82237218,"Midland Credit Management, Inc.",2013SC001480,Small Claims,Disposed (Statistical Purposes),20201130,20210908
48,82237633,"Midland Credit Management, Inc.",2033SC001578,Small Claims,Open,20200916,20200916
49,82237632,"Midland Credit Management, Inc.",2033SC001578,Small Claims,Open,20200916,20200916
0,82237631,"Midland Credit Management, Inc.",2033SC001578,Small Claims,Open,20200916,20200916
1,82237904,"Midland Credit Management, Inc.",2189SC000590,Small Claims,Disposed (Statistical Purposes),20210816,20220119
2,82238456,"Midland Credit Management, Inc.",2066SC000348,Small Claims,Closed,20200914,20210525
3,82238539,"Midland Credit Management, Inc.",2111SC000466,Small Claims,Open,20210225,20210225
4,82238710,"Midland Credit Management, Inc.",2133SC000149,Small Claims,Open,20210202,20210202
5,82238927,"Midland Credit Management, Inc.",2121SC000412EF,Small Claims,Disposed (Statistical Purposes),20210818,20220104
6,82239222,"Midland Credit Management, Inc.",2050SC001720,Small Claims,Disposed (Statistical Purposes),20201210,20211015
7,82239451,"Midland Credit Management, Inc.",2133SC000157,Small Claims,Open,20210202,20210202
8,82239977,"Midland Credit Management, Inc.",2189SC000593,Small Claims,Disposed (Statistical Purposes),20210816,20220119
9,82239995,"Midland Credit Management, Inc.",2028SC000272,Small Claims,Disposed (Statistical Purposes),20200917,20210121
10,82240055,"Midland Credit Management, Inc.",2133SC000160,Small Claims,Closed,20210202,20210416
11,82240561,"Midland Credit Management, Inc.",2118SC001584,Small Claims,Open,20210817,20210817
12,82241114,"Midland Credit Management, Inc.",2118SC001580,Small Claims,Open,20210816,20210816
13,82241238,"Midland Credit Management, Inc.",2133SC000167,Small Claims,Open,20210202,20210202
14,82241428,"Midland Credit Management, Inc.",2122SC000015EF,Small Claims,Disposed (Statistical Purposes),20210105,20211007
15,82241703,"Midland Credit Management, Inc.",2133SC000156,Small Claims,Open,20210202,20210202
16,82242068,"Midland Credit Management, Inc.",2141SC000569,Small Claims,Open,20211230,20211230
17,82242314,"Midland Credit Management, Inc.",2133SC000148,Small Claims,Open,20210202,20210202
18,82242884,"Midland Credit Management, Inc.",2028SC000271,Small Claims,Disposed (Statistical Purposes),20200917,20210202
19,82243005,"Midland Credit Management, Inc.",2121SC000413EF,Small Claims,Disposed (Statistical Purposes),20210818,20220104
20,82243019,"Midland Credit Management, Inc.",2118SC001583,Small Claims,Open,20210817,20210817
21,82243378,"Midland Credit Management, Inc.",2133SC000173,Small Claims,Open,20210203,20210203
22,82243708,"Midland Credit Management, Inc.",2032SC001898,Small Claims,Covid 19 XXX Notice Issued,20201125,20210506
23,82244787,"Midland Credit Management, Inc.",2133SC000163,Small Claims,Open,20210202,20210202
24,82244898,"Midland Credit Management, Inc.",2166SC000501,Small Claims,Open,20210902,20210902
25,82244982,"Midland Credit Management, Inc.",2022SC000370EF,Small Claims,Disposed (Statistical Purposes),20201112,20210524
26,82245129,"Midland Credit Management, Inc.",2133SC000162,Small Claims,Open,20210202,20210202
27,82245438,"Midland Credit Management, Inc.",2141CV000159,Civil,Open,20211230,20211230
28,82245895,"Midland Credit Management, Inc.",2126SC000687,Small Claims,Open,20211227,20211227
29,82245944,"Midland Credit Management, Inc.",2033SC001965,Small Claims,Open,20201120,20201120
30,82246092,"Midland Credit Management, Inc.",2198SC000095EF,Small Claims,Disposed (Statistical Purposes),20210222,20210521
31,82246326,"Midland Credit Management, Inc.",2126SC000688,Small Claims,Open,20211227,20211227
32,82246374,"Midland Credit Management, Inc.",2033SC001964,Small Claims,Open,20201120,20201120
33,82246415,"Midland Credit Management, Inc.",2118SC001581,Small Claims,Open,20210816,20210816
34,82246552,"Midland Credit Management, Inc.",2133SC000164,Small Claims,Disposed (Statistical Purposes),20210202,20210621
35,82247305,"Midland Credit Management, Inc.",2198SC000096EF,Small Claims,Disposed (Statistical Purposes),20210222,20211019
36,82247505,"Midland Credit Management, Inc.",2189SC000589,Small Claims,Open,20210816,20210816
37,82247533,"Midland Credit Management, Inc.",2063SC000223,Small Claims,Disposed (Statistical Purposes),20200824,20211216
38,82247882,"Midland Credit Management, Inc.",2066SC000491,Small Claims,Disposed (Statistical Purposes),20201230,20210824
39,82247911,"Midland Credit Management, Inc.",2189SC000588,Small Claims,Disposed (Statistical Purposes),20210816,20220119
40,82248643,"Midland Credit Management, Inc.",2150CV000365,Civil,Open,20210504,20210504
41,82248703,"Midland Credit Management, Inc.",2021SC000320EF,Small Claims,Disposed (Statistical Purposes),20200910,20210430
42,82248847,"Midland Credit Management, Inc.",2122SC000131,Small Claims,Disposed (Statistical Purposes),20210316,20211216
43,82249137,"Midland Credit Management, Inc.",2021SC000321EF,Small Claims,Disposed (Statistical Purposes),20200910,20210430
44,82250910,"Midland Credit Management, Inc.",2111SC000877,Small Claims,Open,20210401,20210401
45,82251501,"Midland Credit Management, Inc.",2063SC000225,Small Claims,Disposed (Statistical Purposes),20200824,20210614
46,82251865,"Midland Credit Management, Inc.",2189SC000591,Small Claims,Disposed (Statistical Purposes),20210816,20220119
47,82252283,"Midland Credit Management, Inc.",2033SC001605,Small Claims,Open,20200918,20200918
48,82255363,"Midland Credit Management, Inc.",2086SC000388,Small Claims,Disposed (Statistical Purposes),20201021,20211206
49,82255499,"Midland Credit Management, Inc.",2133SC000153,Small Claims,Open,20210202,20210202
0,82255733,"Midland Credit Management, Inc.",2063SC000224,Small Claims,Disposed (Statistical Purposes),20200824,20210412
1,82256652,"Midland Credit Management, Inc.",2133SC000159,Small Claims,Open,20210202,20210202
2,82258217,"Midland Credit Management, Inc.",2028SC000275-EF,Small Claims,Disposed (Statistical Purposes),20200922,20210114
3,82258266,"Midland Credit Management, Inc.",2133SC000165,Small Claims,Open,20210202,20210202
4,82258425,"Midland Credit Management, Inc.",2133SC000150,Small Claims,Open,20210202,20210202
5,82258501,"Midland Credit Management, Inc.",2133SC000151,Small Claims,Open,20210202,20210202
6,82258621,"Midland Credit Management, Inc.",2133SC000161,Small Claims,Open,20210202,20210202
7,82259216,"Midland Credit Management, Inc.",2286SC000038,Small Claims,Open,20220131,20220131
8,82259811,"Midland Credit Management, Inc.",2132SC000919,Small Claims,Disposed (Statistical Purposes),20210426,20210820
9,82260442,"Midland Credit Management, Inc.",2133SC000169,Small Claims,Disposed (Statistical Purposes),20210202,20210325
10,82261174,"Midland Credit Management, Inc.",2133SC000154,Small Claims,Open,20210202,20210202
11,82261404,"Midland Credit Management, Inc.",2133SC002929,Small Claims,Open,20211122,20211122
12,82261648,"Midland Credit Management, Inc.",2011SC001937EF,Small Claims,Open,20201109,20201109
13,82261934,"Midland Credit Management, Inc.",2132SC000923,Small Claims,Disposed (Statistical Purposes),20210426,20210920
14,82261931,"Midland Credit Management, Inc.",1918SC002558,Small Claims,Disposed (Statistical Purposes),20191125,20211122
15,82261956,"Midland Credit Management, Inc.",2026SC000469,Small Claims,Open,20201123,20201123
16,82261978,"Midland Credit Management, Inc.",2028SC000168,Small Claims,Disposed (Statistical Purposes),20200622,20201015
17,82262339,"Midland Credit Management, Inc.",2133SC000172,Small Claims,Open,20210203,20210203
18,82262833,"Midland Credit Management, Inc.",2033SC001600,Small Claims,Open,20200917,20200917
19,82262965,"Midland Credit Management, Inc.",2133SC000175,Small Claims,Open,20210203,20210203
20,82263239,"Midland Credit Management, Inc.",2132SC000902,Small Claims,Disposed (Statistical Purposes),20210426,20210820
21,82263590,"Midland Credit Management, Inc.",2133SC000155,Small Claims,Open,20210202,20210202
22,82263612,"Midland Credit Management, Inc.",2111SC002876EF,Small Claims,Open,20211015,20211015
23,82263759,"Midland Credit Management, Inc.",2011SC001936EF,Small Claims,Open,20201109,20201109
24,82263793,"Midland Credit Management, Inc.",2189SC000615,Small Claims,Disposed (Statistical Purposes),20210819,20220119
25,82264100,"Midland Credit Management, Inc.",2132SC000904,Small Claims,Disposed (Statistical Purposes),20210426,20210820
26,82265809,"Midland Credit Management, Inc.",2189SC000613,Small Claims,Disposed (Statistical Purposes),20210819,20220119
27,82265899,"Midland Credit Management, Inc.",2133SC000158,Small Claims,Disposed (Statistical Purposes),20210202,20210706
28,82266262,"Midland Credit Management, Inc.",2133SC000147,Small Claims,Disposed (Statistical Purposes),20210202,20210225
29,82266863,"Midland Credit Management, Inc.",2066SC000352,Small Claims,Disposed (Statistical Purposes),20200917,20211026
30,82267999,"Midland Credit Management, Inc.",2050SC001752,Small Claims,Open,20201218,20201218
31,82268419,"Midland Credit Management, Inc.",2033SC001593,Small Claims,Disposed (Statistical Purposes),20200917,20210406
32,82269157,"Midland Credit Management, Inc.",2033SC001986,Small Claims,Disposed (Statistical Purposes),20201123,20210601
33,82269276,"Midland Credit Management, Inc.",2066SC000377,Small Claims,Covid 19 XXX Notice Issued,20200928,20201124
34,82269620,"Midland Credit Management, Inc.",2033SC001608,Small Claims,Disposed (Statistical Purposes),20200918,20211227
35,82270215,"Midland Credit Management, Inc.",2066SC000378,Small Claims,Disposed (Statistical Purposes),20200928,20211026
36,82271178,"Midland Credit Management, Inc.",2189SC000366,Small Claims,Disposed (Statistical Purposes),20210818,20220112
37,82272162,"Midland Credit Management, Inc.",2033SC001982,Small Claims,Disposed (Statistical Purposes),20201123,20210930
38,82273408,"Midland Credit Management, Inc.",2111SC000960EF,Small Claims,Open,20210409,20210409
39,82274374,"Midland Credit Management, Inc.",2132SC000917,Small Claims,Disposed (Statistical Purposes),20210426,20210819
40,82275278,"Midland Credit Management, Inc.",2050SC001728,Small Claims,Disposed (Statistical Purposes),20201214,20211015
41,82275503,"Midland Credit Management, Inc.",2133SC000179,Small Claims,Open,20210204,20210204
42,82277550,"Midland Credit Management, Inc.",2050SC001732,Small Claims,Disposed (Statistical Purposes),20201215,20211015
43,82277943,"Midland Credit Management, Inc.",2132SC000921,Small Claims,Disposed (Statistical Purposes),20210426,20210819
44,82278768,"Midland Credit Management, Inc.",2189SC000611,Small Claims,Disposed (Statistical Purposes),20210819,20220119
45,82279090,"Midland Credit Management, Inc.",2233CV000036,Civil,Open,20220121,20220121
46,82280071,"Midland Credit Management, Inc.",2126SC000692,Small Claims,Open,20211230,20211230
47,82283428,"Midland Credit Management, Inc.",2050SC001731,Small Claims,Disposed (Statistical Purposes),20201215,20220127
48,82283402,"Midland Credit Management, Inc.",2127SC000260,Small Claims,Disposed (Statistical Purposes),20210406,20211110
49,82285240,"Midland Credit Management, Inc.",2256SC000148,Small Claims,Open,20220127,20220127
0,82285737,"Midland Credit Management, Inc.",2122SC000021EF,Small Claims,Disposed (Statistical Purposes),20210111,20210805
1,82286606,"Midland Credit Management, Inc.",2036SC001124,Small Claims,Disposed (Statistical Purposes),20201221,20210823
2,82286915,"Midland Credit Management, Inc.",2050SC001733,Small Claims,Disposed (Statistical Purposes),20201215,20211015
3,82286925,"Midland Credit Management, Inc.",2111SC002973EF,Small Claims,Open,20211020,20211020
4,82287317,"Midland Credit Management, Inc.",2050SC001730,Small Claims,Open,20201215,20201215
5,82287452,"Midland Credit Management, Inc.",2133SC000178,Small Claims,Open,20210204,20210204
6,82287498,"Midland Credit Management, Inc.",2233CV000037,Civil,Open,20220121,20220121
7,82287735,"Midland Credit Management, Inc.",2243SC000038,Small Claims,Open,20220124,20220124
8,82287835,"Midland Credit Management, Inc.",2166SC000514,Small Claims,Open,20210909,20210909
9,82288284,"Midland Credit Management, Inc.",2033SC001594,Small Claims,Open,20200917,20200917
10,82288392,"Midland Credit Management, Inc.",2233SC000076,Small Claims,Open,20220121,20220121
11,82288593,"Midland Credit Management, Inc.",2111SC002972EF,Small Claims,Open,20211020,20211020
12,82289139,"Midland Credit Management, Inc.",2286CV000023,Civil,Open,20220202,20220202
13,82289342,"Midland Credit Management, Inc.",2020SC000068,Small Claims,Disposed (Statistical Purposes),20200203,20211214
14,82290262,"Midland Credit Management, Inc.",2033SC001606,Small Claims,Open,20200918,20200918
15,82290595,"Midland Credit Management, Inc.",2026SC000318,Small Claims,Open,20201125,20201125
16,82290955,"Midland Credit Management, Inc.",2216SC000044,Small Claims,Open,20220121,20220121
17,82291531,"Midland Credit Management, Inc.",2066SC000357,Small Claims,Covid 19 XXX Notice Issued,20200922,20201125
18,82291721,"Midland Credit Management, Inc.",2233CV000042,Civil,Open,20220121,20220121
19,82292542,"Midland Credit Management, Inc.",2066SC000366,Small Claims,Closed,20200922,20211230
20,82293823,"Midland Credit Management, Inc.",2233SC000075,Small Claims,Open,20220121,20220121
21,82294605,"Midland Credit Management, Inc.",2026SC000317,Small Claims,Open,20201125,20201125
22,82294662,"Midland Credit Management, Inc.",2111SC002968EF,Small Claims,Open,20211020,20211020
23,82294979,"Midland Credit Management, Inc.",2166SC000202,Small Claims,Closed,20210427,20220127
24,82296037,"Midland Credit Management, Inc.",2045SC000323,Small Claims,Disposed (Statistical Purposes),20201001,20210818
25,82296281,"Midland Credit Management, Inc.",2033SC001967,Small Claims,Open,20201123,20201123
26,82296279,"Midland Credit Management, Inc.",2198SC000657,Small Claims,Open,20211028,20211028
27,82296710,"Midland Credit Management, Inc.",2020SC000067,Small Claims,Covid 19 XXX Notice Issued,20200203,20200717
28,82296867,"Midland Credit Management, Inc.",2028SC000283,Small Claims,Disposed (Statistical Purposes),20200928,20201203
29,82297000,"Midland Credit Management, Inc.",2066SC000358,Small Claims,Covid 19 XXX Notice Issued,20200922,20201125
30,82297767,"Midland Credit Management, Inc.",2020SC000065,Small Claims,Disposed (Statistical Purposes),20200203,20200317
31,82298058,"Midland Credit Management, Inc.",2027SC000314,Small Claims,Disposed (Statistical Purposes),20200615,20210908
32,82298876,"Midland Credit Management, Inc.",2056SC001929,Small Claims,Open,20201120,20201120
33,82298994,"Midland Credit Management, Inc.",2031SC000757,Small Claims,Disposed (Statistical Purposes),20200618,20210809
34,82299294,"Midland Credit Management, Inc.",2113SC000781,Small Claims,Disposed (Statistical Purposes),20210430,20210714
35,82299333,"Midland Credit Management, Inc.",2161SC000050-EF,Small Claims,Disposed (Statistical Purposes),20210128,20210803
36,82300619,"Midland Credit Management, Inc.",2132SC000928,Small Claims,Disposed (Statistical Purposes),20210427,20210819
37,82300651,"Midland Credit Management, Inc.",2028SC000277,Small Claims,Disposed (Statistical Purposes),20200928,20210129
38,82300687,"Midland Credit Management, Inc.",2111SC002971EF,Small Claims,Open,20211020,20211020
39,82302705,"Midland Credit Management, Inc.",2233SC000130,Small Claims,Open,20220207,20220207
40,82302911,"Midland Credit Management, Inc.",2166SC000078,Small Claims,Covid 19 XXX Notice Issued,20210217,20220113
41,82304089,"Midland Credit Management, Inc.",2127SC000259,Small Claims,Disposed (Statistical Purposes),20210406,20211103
42,82304424,"Midland Credit Management, Inc.",2198SC000100EF,Small Claims,Disposed (Statistical Purposes),20210301,20210521
43,82304839,"Midland Credit Management, Inc.",2027SC000313,Small Claims,Disposed (Statistical Purposes),20200615,20210908
44,82305743,"Midland Credit Management, Inc.",2050SC001744,Small Claims,Disposed (Statistical Purposes),20201217,20211208
45,82306049,"Midland Credit Management, Inc.",2050SC001743,Small Claims,Disposed (Statistical Purposes),20201217,20211008
46,82306222,"Midland Credit Management, Inc.",2050SC001745,Small Claims,Disposed (Statistical Purposes),20201217,20210217
47,82306230,"Midland Credit Management, Inc.",2188SC000086EF,Small Claims,Disposed (Statistical Purposes),20210816,20211021
48,82306373,"Midland Credit Management, Inc.",2023SC002164,Small Claims,Open,20200908,20200908
49,82306869,"Midland Credit Management, Inc.",2132SC000926,Small Claims,Disposed (Statistical Purposes),20210427,20210819
0,82307056,"Midland Credit Management, Inc.",2027SC000312,Small Claims,Disposed (Statistical Purposes),20200615,20211027
1,82307396,"Midland Credit Management, Inc.",2033SC001968,Small Claims,Open,20201123,20201123
2,82307541,"Midland Credit Management, Inc.",2023SC002145,Small Claims,Open,20200908,20200908
3,82307583,"Midland Credit Management, Inc.",2227SC000047,Small Claims,Open,20220121,20220121
4,82307709,"Midland Credit Management, Inc.",2111SC002975EF,Small Claims,Open,20211020,20211020
5,82308922,"Midland Credit Management, Inc.",2086SC000393,Small Claims,Disposed (Statistical Purposes),20201027,20211213
6,82310432,"Midland Credit Management, Inc.",2233SC000082,Small Claims,Open,20220124,20220124
7,82312519,"Midland Credit Management, Inc.",2032SC001912,Small Claims,Disposed (Statistical Purposes),20201201,20210226
8,82312897,"Midland Credit Management, Inc.",2111SC002924EF,Small Claims,Open,20211019,20211019
9,82313661,"Midland Credit Management, Inc.",2233SC000081,Small Claims,Open,20220124,20220124
10,82314435,"Midland Credit Management, Inc.",2023CV000210,Civil,Disposed (Statistical Purposes),20200224,20210608
11,82314860,"Midland Credit Management, Inc.",2111SC002944EF,Small Claims,Open,20211019,20211019
12,82315457,"Midland Credit Management, Inc.",2059SC000526,Small Claims,Open,20200601,20200601
13,82316080,"Midland Credit Management, Inc.",2050SC001800,Small Claims,Disposed (Statistical Purposes),20201223,20210804
14,82316864,"Midland Credit Management, Inc.",2150SC000018,Small Claims,Disposed (Statistical Purposes),20210104,20211210
15,82318534,"Midland Credit Management, Inc.",2143SC000172,Small Claims,Disposed (Statistical Purposes),20210319,20210630
16,82319199,"Midland Credit Management, Inc.",2111SC003072EF,Small Claims,Open,20211028,20211028
17,82319441,"Midland Credit Management, Inc.",2132SC000924,Small Claims,Disposed (Statistical Purposes),20210427,20210826
18,82319891,"Midland Credit Management, Inc.",2020SC000063,Small Claims,Disposed (Statistical Purposes),20200203,20200501
19,82320000,"Midland Credit Management, Inc.",2112SC000008,Small Claims,Disposed (Statistical Purposes),20210115,20211202
20,82320277,"Midland Credit Management, Inc.",2132SC000929,Small Claims,Disposed (Statistical Purposes),20210427,20210819
21,82320541,"Midland Credit Management, Inc.",2020SC000064,Small Claims,Disposed (Statistical Purposes),20200203,20211214
22,82321243,"Midland Credit Management, Inc.",2020SC000070,Small Claims,Disposed (Statistical Purposes),20200203,20211214
23,82321640,"Midland Credit Management, Inc.",2132SC000930,Small Claims,Disposed (Statistical Purposes),20210427,20210930
24,82321703,"Midland Credit Management, Inc.",2059SC000524,Small Claims,Disposed (Statistical Purposes),20200601,20210323
25,82322287,"Midland Credit Management, Inc.",2111SC003073EF,Small Claims,Open,20211028,20211028
26,82323513,"Midland Credit Management, Inc.",2063SC000232EF,Small Claims,Disposed (Statistical Purposes),20200902,20210518
27,82323782,"Midland Credit Management, Inc.",2132SC000927,Small Claims,Disposed (Statistical Purposes),20210427,20210819
28,82324090,"Midland Credit Management, Inc.",2066SC000418,Small Claims,Disposed (Statistical Purposes),20201029,20210914
29,82324854,"Midland Credit Management, Inc.",2113SC000779,Small Claims,Disposed (Statistical Purposes),20210430,20210714
30,82325144,"Midland Credit Management, Inc.",2187SC000170,Small Claims,Disposed (Statistical Purposes),20210916,20211201
31,82325811,"Midland Credit Management, Inc.",2113SC000780,Small Claims,Open,20210430,20210430
32,82326484,"Midland Credit Management, Inc.",2066SC000417,Small Claims,Closed,20201029,20210913
33,82327550,"Midland Credit Management, Inc.",2022SC000182,Small Claims,Disposed (Statistical Purposes),20200625,20210328
34,82328426,"Midland Credit Management, Inc.",2036SC001002,Small Claims,Disposed (Statistical Purposes),20201112,20211007
35,82328883,"Midland Credit Management, Inc.",2111SC003064EF,Small Claims,Open,20211027,20211027
36,82329327,"Midland Credit Management, Inc.",2243SC000047,Small Claims,Open,20220127,20220127
37,82329566,"Midland Credit Management, Inc.",2027SC000321,Small Claims,Disposed (Statistical Purposes),20200618,20210908
38,82329654,"Midland Credit Management, Inc.",2059SC000529,Small Claims,Disposed (Statistical Purposes),20200603,20210323
39,82330614,"Midland Credit Management, Inc.",2027SC000320,Small Claims,Disposed (Statistical Purposes),20200618,20210908
40,82331984,"Midland Credit Management, Inc.",2063SC000238,Small Claims,Disposed (Statistical Purposes),20200904,20210218
41,82332148,"Midland Credit Management, Inc.",2111SC003071EF,Small Claims,Open,20211028,20211028
42,82332464,"Midland Credit Management, Inc.",2059SC000530,Small Claims,Disposed (Statistical Purposes),20200603,20201119
43,82332893,"Midland Credit Management, Inc.",2063SC000236,Small Claims,Open,20200904,20200904
44,82333099,"Midland Credit Management, Inc.",2032SC001914,Small Claims,Covid 19 XXX Notice Issued,20201203,20210601
45,82333732,"Midland Credit Management, Inc.",2122SC000049,Small Claims,Disposed (Statistical Purposes),20210203,20210426
46,82334440,"Midland Credit Management, Inc.",2123SC003956,Small Claims,Open,20211129,20211129
47,82334506,"Midland Credit Management, Inc.",2023SC001491,Small Claims,Suspended Covid 19 extended,20200706,20200706
48,82334907,"Midland Credit Management, Inc.",2116SC000030,Small Claims,Disposed (Statistical Purposes),20210128,20210510
49,82335288,"Midland Credit Management, Inc.",2123SC003955,Small Claims,Open,20211129,20211129
0,82335316,"Midland Credit Management, Inc.",2122SC000053,Small Claims,Disposed (Statistical Purposes),20210203,20210804
1,82335565,"Midland Credit Management, Inc.",2063SC000237,Small Claims,Disposed (Statistical Purposes),20200904,20210614
2,82335897,"Midland Credit Management, Inc.",2166SC000527,Small Claims,Open,20210916,20210916
3,82336410,"Midland Credit Management, Inc.",2122SC000052,Small Claims,Disposed (Statistical Purposes),20210203,20210804
4,82336561,"Midland Credit Management, Inc.",2286SC000027,Small Claims,Open,20220121,20220121
5,82337110,"Midland Credit Management, Inc.",2233CV000077,Civil,Open,20220126,20220126
6,82337269,"Midland Credit Management, Inc.",2122SC000050,Small Claims,Disposed (Statistical Purposes),20210203,20211028
7,82337453,"Midland Credit Management, Inc.",2063SC000240,Small Claims,Disposed (Statistical Purposes),20200904,20210614
8,82337549,"Midland Credit Management, Inc.",2233CV000070,Civil,Open,20220125,20220125
9,82337710,"Midland Credit Management, Inc.",2122SC000051,Small Claims,Disposed (Statistical Purposes),20210203,20210819
10,82337800,"Midland Credit Management, Inc.",2116SC000027EF,Small Claims,Open,20210127,20210127
11,82338233,"Midland Credit Management, Inc.",2216CV000032,Civil,Open,20220125,20220125
12,82339480,"Midland Credit Management, Inc.",2063SC000235,Small Claims,Disposed (Statistical Purposes),20200904,20210624
13,82340376,"Midland Credit Management, Inc.",2122SC000140EF,Small Claims,Disposed (Statistical Purposes),20210322,20211007
14,82340565,"Midland Credit Management, Inc.",2122SC000031EF,Small Claims,Disposed (Statistical Purposes),20210118,20210812
15,82341361,"Midland Credit Management, Inc.",2245SC000027,Small Claims,Open,20220203,20220203
16,82341408,"Midland Credit Management, Inc.",2245SC000028,Small Claims,Open,20220203,20220203
17,82341749,"Midland Credit Management, Inc.",2127SC000264,Small Claims,Disposed (Statistical Purposes),20210409,20211110
18,82342032,"Midland Credit Management, Inc.",2063SC000239,Small Claims,Disposed (Statistical Purposes),20200904,20210614
19,82342366,"Midland Credit Management, Inc.",2116SC000031,Small Claims,Disposed (Statistical Purposes),20210128,20210510
20,82342999,"Midland Credit Management, Inc.",2150SC000022,Small Claims,Disposed (Statistical Purposes),20210105,20211210
21,82343215,"Midland Credit Management, Inc.",2128SC000173-EF,Small Claims,Disposed (Statistical Purposes),20210503,20210624
22,82343575,"Midland Credit Management, Inc.",2122SC000141EF,Small Claims,Disposed (Statistical Purposes),20210322,20211007
23,82347259,"Midland Credit Management, Inc.",2166SC000008,Small Claims,Disposed (Statistical Purposes),20210108,20211026
24,82348034,"Midland Credit Management, Inc.",2122SC000142EF,Small Claims,Disposed (Statistical Purposes),20210322,20220107
25,82348151,"Midland Credit Management, Inc.",2023SC002193,Small Claims,Open,20200909,20200909
26,82348445,"Midland Credit Management, Inc.",2122SC000540EF,Small Claims,Open,20211001,20211001
27,82349372,"Midland Credit Management, Inc.",2033CV000386,Civil,Disposed (Statistical Purposes),20200921,20210406
28,82350069,"Midland Credit Management, Inc.",2151SC000820,Small Claims,Open,20211123,20211123
29,82352376,"Midland Credit Management, Inc.",2216CV000041,Civil,Open,20220127,20220127
30,82355274,"Midland Credit Management, Inc.",2045SC000392,Small Claims,Disposed (Statistical Purposes),20201207,20211229
31,82355453,"Midland Credit Management, Inc.",2255SC000043,Small Claims,Open,20220127,20220127
32,82356049,"Midland Credit Management, Inc.",2036SC001129,Small Claims,Disposed (Statistical Purposes),20201229,20211014
33,82356471,"Midland Credit Management, Inc.",2050SC001757,Small Claims,Open,20201222,20201222
34,82357260,"Midland Credit Management, Inc.",2086SC000400,Small Claims,Disposed (Statistical Purposes),20201030,20211213
35,82357417,"Midland Credit Management, Inc.",2122SC000059,Small Claims,Disposed (Statistical Purposes),20210205,20210811
36,82357835,"Midland Credit Management, Inc.",2256SC000162,Small Claims,Open,20220131,20220131
37,82358035,"Midland Credit Management, Inc.",2151SC000818,Small Claims,Open,20211122,20211122
38,82358224,"Midland Credit Management, Inc.",2243SC000051,Small Claims,Open,20220131,20220131
39,82358816,"Midland Credit Management, Inc.",2143SC000216,Small Claims,Disposed (Statistical Purposes),20210322,20210714
40,82359789,"Midland Credit Management, Inc.",2122SC000058,Small Claims,Disposed (Statistical Purposes),20210205,20210916
41,82363353,"Midland Credit Management, Inc.",2020SC000085,Small Claims,Disposed (Statistical Purposes),20200206,20210913
42,82363701,"Midland Credit Management, Inc.",2198SC000114,Small Claims,Disposed (Statistical Purposes),20210305,20211008
43,82364547,"Midland Credit Management, Inc.",2086SC000407,Small Claims,Disposed (Statistical Purposes),20201029,20211214
44,82365714,"Midland Credit Management, Inc.",2020SC000104,Small Claims,Disposed (Statistical Purposes),20200207,20211207
45,82365834,"Midland Credit Management, Inc.",2256SC000163,Small Claims,Open,20220131,20220131
46,82365949,"Midland Credit Management, Inc.",1918SC002559,Small Claims,Open,20191126,20191126
47,82366168,"Midland Credit Management, Inc.",2145SC000001,Small Claims,Disposed (Statistical Purposes),20210104,20210728
48,82366595,"Midland Credit Management, Inc.",2023SC002669,Small Claims,Open,20201103,20201103
49,82368727,"Midland Credit Management, Inc.",2036SC001130,Small Claims,Open,20201229,20201229
0,82369039,"Midland Credit Management, Inc.",2028SC000305,Small Claims,Disposed (Statistical Purposes),20201026,20210114
1,82369972,"Midland Credit Management, Inc.",2066SC000425,Small Claims,Disposed (Statistical Purposes),20201104,20210914
2,82370117,"Midland Credit Management, Inc.",2127SC001032,Small Claims,Open,20211119,20211119
3,82370543,"Midland Credit Management, Inc.",2086SC000399,Small Claims,Disposed (Statistical Purposes),20201030,20211213
4,82370620,"Midland Credit Management, Inc.",2127SC001025,Small Claims,Open,20211118,20211118
5,82370713,"Midland Credit Management, Inc.",2133SC000250,Small Claims,Open,20210211,20210211
6,82370845,"Midland Credit Management, Inc.",2028SC000306,Small Claims,Disposed (Statistical Purposes),20201026,20210114
7,82371561,"Midland Credit Management, Inc.",2159SC000342,Small Claims,Disposed (Statistical Purposes),20210330,20210923
8,82372142,"Midland Credit Management, Inc.",2243SC000052,Small Claims,Open,20220203,20220203
9,82372220,"Midland Credit Management, Inc.",2133SC000251,Small Claims,Open,20210211,20210211
10,82372527,"Midland Credit Management, Inc.",2032SC001918,Small Claims,Disposed (Statistical Purposes),20201207,20210506
11,82373222,"Midland Credit Management, Inc.",2243CV000035,Civil,Open,20220203,20220203
12,82373815,"Midland Credit Management, Inc.",2159SC000343,Small Claims,Disposed (Statistical Purposes),20210330,20210923
13,82374167,"Midland Credit Management, Inc.",2033SC001624,Small Claims,Disposed (Statistical Purposes),20200921,20211008
14,82374420,"Midland Credit Management, Inc.",2159SC000355,Small Claims,Disposed (Statistical Purposes),20210331,20220208
15,82374930,"Midland Credit Management, Inc.",2133SC000302,Small Claims,Open,20210222,20210222
16,82374963,"Midland Credit Management, Inc.",2133SC002062,Small Claims,Open,20210827,20210827
17,82375042,"Midland Credit Management, Inc.",2112SC000011,Small Claims,Disposed (Statistical Purposes),20210122,20211202
18,82375704,"Midland Credit Management, Inc.",2227SC000051,Small Claims,Open,20220127,20220127
19,82375709,"Midland Credit Management, Inc.",2133SC002061,Small Claims,Open,20210827,20210827
20,82375859,"Midland Credit Management, Inc.",2122SC000660,Small Claims,Open,20211122,20211122
21,82376335,"Midland Credit Management, Inc.",2127SC001031,Small Claims,Open,20211119,20211119
22,82376422,"Midland Credit Management, Inc.",2256SC000161,Small Claims,Open,20220131,20220131
23,82377161,"Midland Credit Management, Inc.",2033SC001988,Small Claims,Disposed (Statistical Purposes),20201124,20210804
24,82377800,"Midland Credit Management, Inc.",2050SC001758,Small Claims,Disposed (Statistical Purposes),20201222,20211112
25,82378317,"Midland Credit Management, Inc.",2020SC000100,Small Claims,Disposed (Statistical Purposes),20200207,20201008
26,82378430,"Midland Credit Management, Inc.",2033SC001616,Small Claims,Open,20200922,20200922
27,82378736,"Midland Credit Management, Inc.",2049SC000351,Small Claims,Disposed (Statistical Purposes),20200623,20210209
28,82379905,"Midland Credit Management, Inc.",2233SC000090,Small Claims,Open,20220127,20220127
29,82380044,"Midland Credit Management, Inc.",2049SC000350,Small Claims,Disposed (Statistical Purposes),20200623,20210209
30,82380412,"Midland Credit Management, Inc.",2049SC000356,Small Claims,Disposed (Statistical Purposes),20200623,20210209
31,82380607,"Midland Credit Management, Inc.",2023SC002204,Small Claims,Open,20200911,20200911
32,82381281,"Midland Credit Management, Inc.",2233SC000091,Small Claims,Open,20220127,20220127
33,82382414,"Midland Credit Management, Inc.",2133SC000249,Small Claims,Open,20210211,20210211
34,82382705,"Midland Credit Management, Inc.",2028SC000111,Small Claims,Disposed (Statistical Purposes),20200309,20200915
35,82382768,"Midland Credit Management, Inc.",2049SC000359,Small Claims,Disposed (Statistical Purposes),20200623,20210210
36,82383945,"Midland Credit Management, Inc.",2036SC001128,Small Claims,Open,20201229,20201229
37,82384412,"Midland Credit Management, Inc.",2026SC000243,Small Claims,Open,20200909,20200909
38,82384861,"Midland Credit Management, Inc.",2032SC001920,Small Claims,Covid 19 XXX Notice Issued,20201207,20210601
39,82384926,"Midland Credit Management, Inc.",2188SC000016,Small Claims,Disposed (Statistical Purposes),20210226,20210611
40,82385016,"Midland Credit Management, Inc.",2111SC002981EF,Small Claims,Open,20211021,20211021
41,82385200,"Midland Credit Management, Inc.",2050SC001761,Small Claims,Open,20201222,20201222
42,82385407,"Midland Credit Management, Inc.",2049SC000362,Small Claims,Closed,20200623,20210922
43,82386472,"Midland Credit Management, Inc.",2133SC000248,Small Claims,Open,20210211,20210211
44,82387006,"Midland Credit Management, Inc.",2133SC000247,Small Claims,Open,20210211,20210211
45,82388161,"Midland Credit Management, Inc.",2233SC000094,Small Claims,Open,20220127,20220127
46,82388725,"Midland Credit Management, Inc.",2233SC000092,Small Claims,Open,20220127,20220127
47,82389737,"Midland Credit Management, Inc.",2026SC000326,Small Claims,Open,20201202,20201202
48,82390957,"Midland Credit Management, Inc.",2049SC000349,Small Claims,Disposed (Statistical Purposes),20200623,20210209
49,82392013,"Midland Credit Management, Inc.",2059SC000534,Small Claims,Disposed (Statistical Purposes),20200608,20210323
0,82392612,"Midland Credit Management, Inc.",2049SC000361,Small Claims,Disposed (Statistical Purposes),20200623,20210210
1,82392999,"Midland Credit Management, Inc.",2023SC002238,Small Claims,Open,20200914,20200914
2,82393090,"Midland Credit Management, Inc.",2028SC000115,Small Claims,Disposed (Statistical Purposes),20200309,20200617
3,82394533,"Midland Credit Management, Inc.",2033SC001991,Small Claims,Open,20201125,20201125
4,82395101,"Midland Credit Management, Inc.",2113CV000315,Civil,Open,20210503,20210503
5,82395672,"Midland Credit Management, Inc.",2111SC003115EF,Small Claims,Open,20211101,20211101
6,82396240,"Midland Credit Management, Inc.",2026SC000246,Small Claims,Disposed (Statistical Purposes),20200910,20210701
7,82396336,"Midland Credit Management, Inc.",2133SC000244,Small Claims,Open,20210211,20210211
8,82396978,"Midland Credit Management, Inc.",2133SC000252,Small Claims,Open,20210211,20210211
9,82397403,"Midland Credit Management, Inc.",2111SC003117EF,Small Claims,Open,20211101,20211101
10,82397563,"Midland Credit Management, Inc.",2133SC000245,Small Claims,Open,20210211,20210211
11,82398057,"Midland Credit Management, Inc.",2026SC000245,Small Claims,Open,20200910,20200910
12,82398145,"Midland Credit Management, Inc.",2045SC000395,Small Claims,Disposed (Statistical Purposes),20201209,20210611
13,82398651,"Midland Credit Management, Inc.",2133SC000318,Small Claims,Open,20210224,20210224
14,82399402,"Midland Credit Management, Inc.",2111SC003116EF,Small Claims,Open,20211101,20211101
15,82401345,"Midland Credit Management, Inc.",2049SC000360,Small Claims,Closed,20200623,20210127
16,82401580,"Midland Credit Management, Inc.",2226SC000006,Small Claims,Open,20220105,20220105
17,82401638,"Midland Credit Management, Inc.",2133CV000089,Civil,Open,20210210,20210210
18,82402018,"Midland Credit Management, Inc.",2133SC000243,Small Claims,Open,20210211,20210211
19,82402250,"Midland Credit Management, Inc.",2057SC000533,Small Claims,Open,20200909,20200909
20,82403055,"Midland Credit Management, Inc.",2133SC000246,Small Claims,Open,20210211,20210211
21,82405070,"Midland Credit Management, Inc.",2050SC001762,Small Claims,Disposed (Statistical Purposes),20201224,20211105
22,82405407,"Midland Credit Management, Inc.",2111SC002980EF,Small Claims,Open,20211021,20211021
23,82405678,"Midland Credit Management, Inc.",2023SC002240,Small Claims,Disposed (Statistical Purposes),20200914,20210208
24,82405692,"Midland Credit Management, Inc.",2166SC000539,Small Claims,Open,20210922,20210922
25,82406132,"Midland Credit Management, Inc.",2122SC000061,Small Claims,Disposed (Statistical Purposes),20210209,20210902
26,82406230,"Midland Credit Management, Inc.",2045SC000393,Small Claims,Disposed (Statistical Purposes),20201208,20210614
27,82406620,"Midland Credit Management, Inc.",2151SC000828,Small Claims,Open,20211126,20211126
28,82408188,"Midland Credit Management, Inc.",2023SC002239,Small Claims,Open,20200914,20200914
29,82408521,"Midland Credit Management, Inc.",2165SC000143,Small Claims,Open,20210322,20210322
30,82409980,"Midland Credit Management, Inc.",2165SC000142,Small Claims,Open,20210322,20210322
31,82410447,"Midland Credit Management, Inc.",2216SC000068,Small Claims,Open,20220203,20220203
32,82410890,"Midland Credit Management, Inc.",2122SC000060,Small Claims,Disposed (Statistical Purposes),20210209,20211209
33,82411155,"Midland Credit Management, Inc.",2023SC002243,Small Claims,Open,20200914,20200914
34,82411204,"Midland Credit Management, Inc.",2032SC001923,Small Claims,Covid 19 XXX Notice Issued,20201208,20210601
35,82412717,"Midland Credit Management, Inc.",1918SC002557,Small Claims,Disposed (Statistical Purposes),20191209,20211122
36,82413184,"Midland Credit Management, Inc.",2165SC000140-EF,Small Claims,Open,20210323,20210323
37,82414191,"Midland Credit Management, Inc.",2039SC000140,Small Claims,Disposed (Statistical Purposes),20200319,20211209
38,82414977,"Midland Credit Management, Inc.",2032SC001928,Small Claims,Covid 19 XXX Notice Issued,20201209,20210601
39,82415632,"Midland Credit Management, Inc.",2165SC000139-EF,Small Claims,Open,20210323,20210323
40,82417375,"Midland Credit Management, Inc.",2233SC000112,Small Claims,Open,20220131,20220131
41,82417636,"Midland Credit Management, Inc.",2032SC001930,Small Claims,Covid 19 XXX Notice Issued,20201209,20210601
42,82418129,"Midland Credit Management, Inc.",2032SC001922,Small Claims,Covid 19 XXX Notice Issued,20201208,20210601
43,82418471,"Midland Credit Management, Inc.",2233SC000111,Small Claims,Open,20220131,20220131
44,82418652,"Midland Credit Management, Inc.",2032SC001927,Small Claims,Covid 19 XXX Notice Issued,20201209,20210601
45,82418899,"Midland Credit Management, Inc.",2233SC000113,Small Claims,Open,20220131,20220131
46,82419454,"Midland Credit Management, Inc.",2032SC001929,Small Claims,Disposed (Statistical Purposes),20201209,20210506
47,82419629,"Midland Credit Management, Inc.",2150SC000036,Small Claims,Disposed (Statistical Purposes),20210111,20211210
48,82420232,"Midland Credit Management, Inc.",2241CV000014,Civil,Open,20220113,20220113
49,82420795,"Midland Credit Management, Inc.",2032SC001924,Small Claims,Covid 19 XXX Notice Issued,20201208,20210601
0,82422897,"Midland Credit Management, Inc.",2056SC001860,Small Claims,Open,20201109,20201109
1,82423152,"Midland Credit Management, Inc.",2150SC000037,Small Claims,Disposed (Statistical Purposes),20210111,20211210
2,82423869,"Midland Credit Management, Inc.",2111SC003119EF,Small Claims,Open,20211101,20211101
3,82425170,"Midland Credit Management, Inc.",2027SC000329,Small Claims,Disposed (Statistical Purposes),20200626,20201113
4,82425167,"Midland Credit Management, Inc.",2113CV000316,Civil,Open,20210503,20210503
5,82425304,"Midland Credit Management, Inc.",2256SC000171,Small Claims,Open,20220203,20220203
6,82427866,"Midland Credit Management, Inc.",2033SC002001,Small Claims,Open,20201201,20201201
7,82428518,"Midland Credit Management, Inc.",2122SC000675EF,Small Claims,Open,20211129,20211129
8,82428974,"Midland Credit Management, Inc.",2188SC000017,Small Claims,Disposed (Statistical Purposes),20210303,20210422
9,82429098,"Midland Credit Management, Inc.",2122SC000674EF,Small Claims,Open,20211129,20211129
10,82429111,"Midland Credit Management, Inc.",2033SC002000,Small Claims,Open,20201201,20201201
11,82429205,"Midland Credit Management, Inc.",2111SC003118EF,Small Claims,Open,20211101,20211101
12,82430455,"Midland Credit Management, Inc.",2057SC000563,Small Claims,Disposed (Statistical Purposes),20200911,20210402
13,82430627,"Midland Credit Management, Inc.",2026SC000247,Small Claims,Open,20200911,20200911
14,82430898,"Midland Credit Management, Inc.",2233CV000089,Civil,Open,20220131,20220131
15,82432462,"Midland Credit Management, Inc.",2133SC002100,Small Claims,Disposed (Statistical Purposes),20210831,20220203
16,82433456,"Midland Credit Management, Inc.",2150SC000049,Small Claims,Open,20210114,20210114
17,82433712,"Midland Credit Management, Inc.",2113SC002228,Small Claims,Open,20211112,20211112
18,82434604,"Midland Credit Management, Inc.",2033SC002002,Small Claims,Open,20201201,20201201
19,82435383,"Midland Credit Management, Inc.",2127SC001034,Small Claims,Disposed (Statistical Purposes),20211122,20211207
20,82436859,"Midland Credit Management, Inc.",2122SC000070,Small Claims,Disposed (Statistical Purposes),20210211,20210902
21,82436884,"Midland Credit Management, Inc.",2165SC000651,Small Claims,Open,20211118,20211118
22,82437154,"Midland Credit Management, Inc.",2027SC000333,Small Claims,Disposed (Statistical Purposes),20200626,20210908
23,82438163,"Midland Credit Management, Inc.",2033SC001999,Small Claims,Open,20201201,20201201
24,82438480,"Midland Credit Management, Inc.",2227SC000050,Small Claims,Open,20220131,20220131
25,82439317,"Midland Credit Management, Inc.",2159CV000648,Civil,Open,20211230,20211230
26,82439464,"Midland Credit Management, Inc.",2050SC001764,Small Claims,Disposed (Statistical Purposes),20201228,20211021
27,82439525,"Midland Credit Management, Inc.",2133SC000369,Small Claims,Open,20210226,20210226
28,82439751,"Midland Credit Management, Inc.",2122SC000067,Small Claims,Disposed (Statistical Purposes),20210211,20210902
29,82440141,"Midland Credit Management, Inc.",2032SC001934,Small Claims,Covid 19 XXX Notice Issued,20201210,20210601
30,82440857,"Midland Credit Management, Inc.",2165SC000147,Small Claims,Disposed (Statistical Purposes),20210324,20211227
31,82441144,"Midland Credit Management, Inc.",2050SC001767,Small Claims,Disposed (Statistical Purposes),20201229,20211027
32,82441259,"Midland Credit Management, Inc.",2150SC000047,Small Claims,Open,20210114,20210114
33,82441637,"Midland Credit Management, Inc.",2133SC000347,Small Claims,Open,20210226,20210226
34,82441754,"Midland Credit Management, Inc.",2127SC001033,Small Claims,Open,20211122,20211122
35,82441732,"Midland Credit Management, Inc.",2032SC001932,Small Claims,Covid 19 XXX Notice Issued,20201210,20210601
36,82441996,"Midland Credit Management, Inc.",2227SC000054,Small Claims,Open,20220131,20220131
37,82442252,"Midland Credit Management, Inc.",2050SC001771,Small Claims,Disposed (Statistical Purposes),20201229,20211105
38,82442575,"Midland Credit Management, Inc.",2133SC000373,Small Claims,Open,20210226,20210226
39,82442762,"Midland Credit Management, Inc.",2050SC001770,Small Claims,Disposed (Statistical Purposes),20201229,20210408
40,82443027,"Midland Credit Management, Inc.",2122SC000069,Small Claims,Disposed (Statistical Purposes),20210211,20210902
41,82443267,"Midland Credit Management, Inc.",2216SC000072,Small Claims,Open,20220207,20220207
42,82443535,"Midland Credit Management, Inc.",2043SC000332,Small Claims,Disposed (Statistical Purposes),20200602,20201118
43,82443607,"Midland Credit Management, Inc.",2128SC000504,Small Claims,Disposed (Statistical Purposes),20211122,20220120
44,82443927,"Midland Credit Management, Inc.",2165SC000149,Small Claims,Open,20210324,20210324
45,82444990,"Midland Credit Management, Inc.",2133CV000135,Civil,Disposed (Statistical Purposes),20210226,20220208
46,82445746,"Midland Credit Management, Inc.",2133SC000370,Small Claims,Open,20210226,20210226
47,82445778,"Midland Credit Management, Inc.",2188SC000018,Small Claims,Disposed (Statistical Purposes),20210305,20210422
48,82445983,"Midland Credit Management, Inc.",2032SC001933,Small Claims,Covid 19 XXX Notice Issued,20201210,20210601
49,82446031,"Midland Credit Management, Inc.",2133SC000375,Small Claims,Open,20210226,20210226
0,82446112,"Midland Credit Management, Inc.",2122SC000068,Small Claims,Disposed (Statistical Purposes),20210211,20210902
1,82446196,"Midland Credit Management, Inc.",2086SC000404,Small Claims,Disposed (Statistical Purposes),20201102,20211213
2,82446401,"Midland Credit Management, Inc.",2233SC000117,Small Claims,Open,20220203,20220203
3,82446962,"Midland Credit Management, Inc.",2012SC000212,Small Claims,Disposed (Statistical Purposes),20200831,20211118
4,82446967,"Midland Credit Management, Inc.",2127CV000213,Civil,Open,20211006,20211006
5,82447412,"Midland Credit Management, Inc.",2133SC000348,Small Claims,Open,20210226,20210226
6,82447815,"Midland Credit Management, Inc.",2028SC000314EF,Small Claims,Disposed (Statistical Purposes),20201030,20210107
7,82447951,"Midland Credit Management, Inc.",2032SC001939,Small Claims,Covid 19 XXX Notice Issued,20201211,20210601
8,82448520,"Midland Credit Management, Inc.",2165SC000148,Small Claims,Open,20210324,20210324
9,82448565,"Midland Credit Management, Inc.",2043SC000329,Small Claims,Open,20200602,20200602
10,82448924,"Midland Credit Management, Inc.",2050SC001765,Small Claims,Disposed (Statistical Purposes),20201229,20211029
11,82449334,"Midland Credit Management, Inc.",2111SC003155EF,Small Claims,Open,20211103,20211103
12,82449358,"Midland Credit Management, Inc.",2156SC000175,Small Claims,Open,20210210,20210210
13,82449702,"Midland Credit Management, Inc.",2159SC001651,Small Claims,Open,20211230,20211230
14,82449906,"Midland Credit Management, Inc.",1918SC002683,Small Claims,Disposed (Statistical Purposes),20191211,20211129
15,82451734,"Midland Credit Management, Inc.",2036SC001136,Small Claims,Open,20201230,20201230
16,82451795,"Midland Credit Management, Inc.",2121SC000453EF,Small Claims,Disposed (Statistical Purposes),20210903,20220118
17,82452209,"Midland Credit Management, Inc.",2133SC002110,Small Claims,Open,20210902,20210902
18,82452250,"Midland Credit Management, Inc.",2032SC001931,Small Claims,Covid 19 XXX Notice Issued,20201210,20210601
19,82452383,"Midland Credit Management, Inc.",2150SC000052,Small Claims,Disposed (Statistical Purposes),20210115,20210325
20,82452588,"Midland Credit Management, Inc.",2066SC000114,Small Claims,Disposed (Statistical Purposes),20200212,20200804
21,82453077,"Midland Credit Management, Inc.",2033SC002015,Small Claims,Disposed (Statistical Purposes),20201203,20210423
22,82454224,"Midland Credit Management, Inc.",2128SC000503,Small Claims,Disposed (Statistical Purposes),20211122,20220120
23,82454529,"Midland Credit Management, Inc.",2227SC000058,Small Claims,Open,20220131,20220131
24,82454546,"Midland Credit Management, Inc.",2051SC000393,Small Claims,Open,20200814,20200814
25,82455105,"Midland Credit Management, Inc.",2066SC000402,Small Claims,Covid 19 XXX Notice Issued,20201020,20220112
26,82455200,"Midland Credit Management, Inc.",2063SC000241,Small Claims,Disposed (Statistical Purposes),20200911,20211216
27,82456366,"Midland Credit Management, Inc.",2156SC000352,Small Claims,Open,20210305,20210305
28,82456951,"Midland Credit Management, Inc.",2026SC000327,Small Claims,Open,20201207,20201207
29,82457506,"Midland Credit Management, Inc.",2133SC000374,Small Claims,Open,20210226,20210226
30,82457979,"Midland Credit Management, Inc.",2133SC002109,Small Claims,Open,20210902,20210902
31,82459016,"Midland Credit Management, Inc.",2057SC000548,Small Claims,Disposed (Statistical Purposes),20200914,20210326
32,82459041,"Midland Credit Management, Inc.",2133SC000346,Small Claims,Open,20210226,20210226
33,82459049,"Midland Credit Management, Inc.",2032SC001938,Small Claims,Covid 19 XXX Notice Issued,20201211,20210601
34,82459210,"Midland Credit Management, Inc.",2032SC001935,Small Claims,Disposed (Statistical Purposes),20201210,20210226
35,82459257,"Midland Credit Management, Inc.",2166SC000555,Small Claims,Open,20210928,20210928
36,82459690,"Midland Credit Management, Inc.",2133SC002107,Small Claims,Open,20210902,20210902
37,82460922,"Midland Credit Management, Inc.",2057SC000564,Small Claims,Disposed (Statistical Purposes),20200914,20210402
38,82461286,"Midland Credit Management, Inc.",2133SC002115,Small Claims,Open,20210902,20210902
39,82462420,"Midland Credit Management, Inc.",2053SC000955,Small Claims,Disposed (Statistical Purposes),20201125,20210519
40,82464551,"Midland Credit Management, Inc.",2189SC000388,Small Claims,Disposed (Statistical Purposes),20210830,20220112
41,82464663,"Midland Credit Management, Inc.",2027SC000342,Small Claims,Disposed (Statistical Purposes),20200630,20210908
42,82465371,"Midland Credit Management, Inc.",2026SC000248,Small Claims,Open,20200914,20200914
43,82465830,"Midland Credit Management, Inc.",1918SC002684,Small Claims,Disposed (Statistical Purposes),20191211,20211129
44,82465996,"Midland Credit Management, Inc.",2116SC000035,Small Claims,Disposed (Statistical Purposes),20210202,20210510
45,82466759,"Midland Credit Management, Inc.",2111SC003150EF,Small Claims,Open,20211103,20211103
46,82468753,"Midland Credit Management, Inc.",2028SC000134,Small Claims,Disposed (Statistical Purposes),20200319,20200915
47,82468885,"Midland Credit Management, Inc.",2259SC000005,Small Claims,Open,20220104,20220104
48,82469951,"Midland Credit Management, Inc.",2165SC000553-EF,Small Claims,Open,20211004,20211004
49,82469961,"Midland Credit Management, Inc.",2033SC002011,Small Claims,Open,20201202,20201202
0,82470457,"Midland Credit Management, Inc.",2023SC002247,Small Claims,Open,20200915,20200915
1,82470636,"Midland Credit Management, Inc.",2165CV000164,Civil,Open,20211004,20211004
2,82470734,"Midland Credit Management, Inc.",2033SC002012,Small Claims,Open,20201202,20201202
3,82470775,"Midland Credit Management, Inc.",2166SC000016,Small Claims,Disposed (Statistical Purposes),20210121,20211012
4,82471843,"Midland Credit Management, Inc.",2023SC002257,Small Claims,Disposed (Statistical Purposes),20200915,20220209
5,82471985,"Midland Credit Management, Inc.",2043SC000338,Small Claims,Disposed (Statistical Purposes),20200603,20201118
6,82472598,"Midland Credit Management, Inc.",2259SC000006,Small Claims,Open,20220104,20220104
7,82472887,"Midland Credit Management, Inc.",2111SC003153EF,Small Claims,Open,20211103,20211103
8,82473305,"Midland Credit Management, Inc.",2166SC000112,Small Claims,Disposed (Statistical Purposes),20210305,20211214
9,82473359,"Midland Credit Management, Inc.",2089SC000612,Small Claims,Disposed (Statistical Purposes),20200908,20210324
10,82473787,"Midland Credit Management, Inc.",2043SC000339,Small Claims,Open,20200603,20200603
11,82474402,"Midland Credit Management, Inc.",2198SC000134EF,Small Claims,Disposed (Statistical Purposes),20210319,20210528
12,82475342,"Midland Credit Management, Inc.",2167SC000080-EF,Small Claims,Disposed (Statistical Purposes),20210205,20210727
13,82475627,"Midland Credit Management, Inc.",2156SC000428,Small Claims,Open,20210316,20210316
14,82476032,"Midland Credit Management, Inc.",2127CV000214,Civil,Open,20211007,20211007
15,82476087,"Midland Credit Management, Inc.",2050SC001772,Small Claims,Disposed (Statistical Purposes),20201230,20210707
16,82476573,"Midland Credit Management, Inc.",2188SC000019,Small Claims,Disposed (Statistical Purposes),20210308,20210325
17,82476772,"Midland Credit Management, Inc.",2111SC003152EF,Small Claims,Open,20211103,20211103
18,82477559,"Midland Credit Management, Inc.",2050SC001775,Small Claims,Disposed (Statistical Purposes),20201230,20211105
19,82478003,"Midland Credit Management, Inc.",2122SC000155,Small Claims,Disposed (Statistical Purposes),20210329,20211028
20,82478734,"Midland Credit Management, Inc.",2156SC000425,Small Claims,Open,20210316,20210316
21,82479301,"Midland Credit Management, Inc.",2133SC000383,Small Claims,Disposed (Statistical Purposes),20210301,20210621
22,82479681,"Midland Credit Management, Inc.",2111SC003148EF,Small Claims,Open,20211103,20211103
23,82479963,"Midland Credit Management, Inc.",2089SC000613,Small Claims,Disposed (Statistical Purposes),20200908,20210324
24,82480073,"Midland Credit Management, Inc.",2167SC000077-EF,Small Claims,Disposed (Statistical Purposes),20210204,20210223
25,82480872,"Midland Credit Management, Inc.",2089SC000614,Small Claims,Disposed (Statistical Purposes),20200908,20210324
26,82482016,"Midland Credit Management, Inc.",2043SC000340,Small Claims,Disposed (Statistical Purposes),20200605,20201118
27,82482213,"Midland Credit Management, Inc.",2042SC000212,Small Claims,Open,20201028,20201028
28,82482657,"Midland Credit Management, Inc.",2089SC000433,Small Claims,Disposed (Statistical Purposes),20200908,20210303
29,82482743,"Midland Credit Management, Inc.",2063SC000242EFILE,Small Claims,Disposed (Statistical Purposes),20200914,20210712
30,82483139,"Midland Credit Management, Inc.",2043SC000341,Small Claims,Disposed (Statistical Purposes),20200605,20201118
31,82483236,"Midland Credit Management, Inc.",2128SC000511-EF,Small Claims,Disposed (Statistical Purposes),20211126,20220203
32,82483378,"Midland Credit Management, Inc.",2089SC000609,Small Claims,Disposed (Statistical Purposes),20200908,20210324
33,82483835,"Midland Credit Management, Inc.",2165SC000159,Small Claims,Open,20210329,20210329
34,82485122,"Midland Credit Management, Inc.",2063SC000243EFILE,Small Claims,Open,20200914,20211006
35,82485006,"Midland Credit Management, Inc.",2166SC000017,Small Claims,Disposed (Statistical Purposes),20210122,20211012
36,82485254,"Midland Credit Management, Inc.",2133SC000389,Small Claims,Open,20210301,20210301
37,82485512,"Midland Credit Management, Inc.",2031SC001091,Small Claims,Open,20200908,20200908
38,82485686,"Midland Credit Management, Inc.",2156SC000430,Small Claims,Open,20210316,20210316
39,82485868,"Midland Credit Management, Inc.",2111SC003154EF,Small Claims,Open,20211103,20211103
40,82486045,"Midland Credit Management, Inc.",2165SC000158,Small Claims,Open,20210329,20210329
41,82487006,"Midland Credit Management, Inc.",2043SC000342,Small Claims,Disposed (Statistical Purposes),20200605,20201118
42,82487455,"Midland Credit Management, Inc.",2186SC000825,Small Claims,Open,20211122,20211122
43,82487641,"Midland Credit Management, Inc.",2133SC002122,Small Claims,Open,20210903,20210903
44,82488771,"Midland Credit Management, Inc.",2165SC000160,Small Claims,Open,20210329,20210329
45,82489296,"Midland Credit Management, Inc.",2133SC001979,Small Claims,Open,20210816,20210816
46,82490691,"Midland Credit Management, Inc.",2165SC000161,Small Claims,Disposed (Statistical Purposes),20210329,20210917
47,82490793,"Midland Credit Management, Inc.",2133SC002120,Small Claims,Open,20210903,20210903
48,82490887,"Midland Credit Management, Inc.",2133SC000382,Small Claims,Open,20210301,20210301
49,82491703,"Midland Credit Management, Inc.",2133SC000361,Small Claims,Open,20210301,20210301
0,82491733,"Midland Credit Management, Inc.",2160SC000749,Small Claims,Open,20210816,20210824
1,82492285,"Midland Credit Management, Inc.",2165CV000166,Civil,Open,20211008,20211008
2,82492707,"Midland Credit Management, Inc.",2136SC000009,Small Claims,Disposed (Statistical Purposes),20210104,20211014
3,82494218,"Midland Credit Management, Inc.",2057SC000554,Small Claims,Disposed (Statistical Purposes),20200918,20210402
4,82494213,"Midland Credit Management, Inc.",2133SC000388,Small Claims,Open,20210301,20210301
5,82494390,"Midland Credit Management, Inc.",2012SC000263,Small Claims,Closed,20201117,20201117
6,82496233,"Midland Credit Management, Inc.",1918SC002681,Small Claims,Disposed (Statistical Purposes),20191211,20210325
7,82496458,"Midland Credit Management, Inc.",2127SC000132,Small Claims,Disposed (Statistical Purposes),20210226,20210311
8,82496691,"Midland Credit Management, Inc.",2133SC001977,Small Claims,Open,20210816,20210816
9,82496841,"Midland Credit Management, Inc.",2133SC000384,Small Claims,Open,20210301,20210301
10,82497133,"Midland Credit Management, Inc.",2133SC001984,Small Claims,Open,20210817,20210817
11,82497489,"Midland Credit Management, Inc.",2050SC001778,Small Claims,Disposed (Statistical Purposes),20201230,20211105
12,82498229,"Midland Credit Management, Inc.",2150SC000055,Small Claims,Open,20210118,20210118
13,82500695,"Midland Credit Management, Inc.",2127SC001047,Small Claims,Open,20211129,20211129
14,82501573,"Midland Credit Management, Inc.",2133SC001990,Small Claims,Open,20210817,20210817
15,82501588,"Midland Credit Management, Inc.",1918SC002682,Small Claims,Disposed (Statistical Purposes),20191211,20211129
16,82502373,"Midland Credit Management, Inc.",2066SC000413,Small Claims,Closed,20201022,20210803
17,82502516,"Midland Credit Management, Inc.",2189SC000399,Small Claims,Disposed (Statistical Purposes),20210902,20211214
18,82503354,"Midland Credit Management, Inc.",2165SC000164-EF,Small Claims,Open,20210330,20210330
19,82503339,"Midland Credit Management, Inc.",2151SC000842,Small Claims,Open,20211206,20211206
20,82503663,"Midland Credit Management, Inc.",2189SC000400,Small Claims,Disposed (Statistical Purposes),20210902,20211214
21,82503812,"Midland Credit Management, Inc.",2132CV000310,Civil,Open,20210503,20210503
22,82504096,"Midland Credit Management, Inc.",2045SC000341,Small Claims,Disposed (Statistical Purposes),20201028,20210414
23,82504138,"Midland Credit Management, Inc.",2012SC000220,Small Claims,Disposed (Statistical Purposes),20200909,20211118
24,82504283,"Midland Credit Management, Inc.",2189SC000401,Small Claims,Disposed (Statistical Purposes),20210902,20220126
25,82504425,"Midland Credit Management, Inc.",2149SC001098,Small Claims,Disposed (Statistical Purposes),20211118,20220126
26,82504523,"Midland Credit Management, Inc.",2165SC000712,Small Claims,Open,20211221,20211221
27,82505037,"Midland Credit Management, Inc.",2133SC001991,Small Claims,Open,20210817,20210817
28,82505549,"Midland Credit Management, Inc.",2012SC000219,Small Claims,Disposed (Statistical Purposes),20200909,20211118
29,82505602,"Midland Credit Management, Inc.",2132SC000556,Small Claims,Disposed (Statistical Purposes),20210503,20210809
30,82506006,"Midland Credit Management, Inc.",2165SC000709-EF,Small Claims,Open,20211221,20211221
31,82506264,"Midland Credit Management, Inc.",2027SC000346,Small Claims,Disposed (Statistical Purposes),20200703,20210908
32,82506695,"Midland Credit Management, Inc.",2127SC001045,Small Claims,Open,20211129,20211129
33,82506853,"Midland Credit Management, Inc.",2032SC001942,Small Claims,Covid 19 XXX Notice Issued,20201215,20210601
34,82506969,"Midland Credit Management, Inc.",2089SC000615,Small Claims,Disposed (Statistical Purposes),20200909,20210324
35,82507070,"Midland Credit Management, Inc.",2027SC000345,Small Claims,Disposed (Statistical Purposes),20200703,20210908
36,82508388,"Midland Credit Management, Inc.",2227SC000060,Small Claims,Open,20220203,20220203
37,82508994,"Midland Credit Management, Inc.",2133SC000360,Small Claims,Open,20210301,20210301
38,82509373,"Midland Credit Management, Inc.",2089SC000436,Small Claims,Disposed (Statistical Purposes),20200910,20210203
39,82509728,"Midland Credit Management, Inc.",2053SC000970,Small Claims,Disposed (Statistical Purposes),20201201,20210526
40,82509835,"Midland Credit Management, Inc.",2111SC003013EF,Small Claims,Open,20211025,20211025
41,82509887,"Midland Credit Management, Inc.",2151SC000839,Small Claims,Open,20211206,20211206
42,82510190,"Midland Credit Management, Inc.",2186SC000840,Small Claims,Open,20211126,20211126
43,82510376,"Midland Credit Management, Inc.",2133SC001981,Small Claims,Disposed (Statistical Purposes),20210816,20220204
44,82510653,"Midland Credit Management, Inc.",2111SC003010EF,Small Claims,Open,20211025,20211025
45,82510864,"Midland Credit Management, Inc.",2151SC000841,Small Claims,Open,20211206,20211206
46,82510972,"Midland Credit Management, Inc.",2089SC000434,Small Claims,Disposed (Statistical Purposes),20200909,20210120
47,82511338,"Midland Credit Management, Inc.",2116SC000052,Small Claims,Disposed (Statistical Purposes),20210205,20210524
48,82511676,"Midland Credit Management, Inc.",2189SC000398,Small Claims,Disposed (Statistical Purposes),20210902,20220126
49,82511785,"Midland Credit Management, Inc.",2133SC001980,Small Claims,Open,20210816,20210816
0,82511862,"Midland Credit Management, Inc.",2133SC000387,Small Claims,Open,20210301,20210301
1,82511980,"Midland Credit Management, Inc.",2050SC001773,Small Claims,Disposed (Statistical Purposes),20201230,20211105
2,82512776,"Midland Credit Management, Inc.",2149SC001099,Small Claims,Disposed (Statistical Purposes),20211118,20220126
3,82513105,"Midland Credit Management, Inc.",2111CV001253,Civil,Open,20211025,20211025
4,82513213,"Midland Credit Management, Inc.",1918SC002685,Small Claims,Disposed (Statistical Purposes),20191212,20200430
5,82513758,"Midland Credit Management, Inc.",2026SC000250,Small Claims,Open,20200915,20200915
6,82514446,"Midland Credit Management, Inc.",2165SC000563-EF,Small Claims,Open,20211012,20211012
7,82514603,"Midland Credit Management, Inc.",2136SC000013,Small Claims,Disposed (Statistical Purposes),20210105,20211014
8,82514961,"Midland Credit Management, Inc.",2189SC000402,Small Claims,Disposed (Statistical Purposes),20210902,20220126
9,82515312,"Midland Credit Management, Inc.",2066SC000415,Small Claims,Covid 19 XXX Notice Issued,20201023,20220112
10,82515480,"Midland Credit Management, Inc.",1918SC002687,Small Claims,Disposed (Statistical Purposes),20191212,20211129
11,82515778,"Midland Credit Management, Inc.",2165SC000705,Small Claims,Open,20211220,20211220
12,82516313,"Midland Credit Management, Inc.",1918SC002690,Small Claims,Disposed (Statistical Purposes),20191213,20200313
13,82516657,"Midland Credit Management, Inc.",1918SC002686,Small Claims,Disposed (Statistical Purposes),20191212,20211129
14,82517276,"Midland Credit Management, Inc.",2028SC000321EF,Small Claims,Disposed (Statistical Purposes),20201109,20210115
15,82517515,"Midland Credit Management, Inc.",2042SC000216,Small Claims,Open,20201030,20201030
16,82518996,"Midland Credit Management, Inc.",2133SC002127,Small Claims,Open,20210907,20210907
17,82519324,"Midland Credit Management, Inc.",2165SC000166-EF,Small Claims,Open,20210401,20210401
18,82519860,"Midland Credit Management, Inc.",2226SC000034,Small Claims,Open,20220124,20220124
19,82520270,"Midland Credit Management, Inc.",2133SC001978,Small Claims,Open,20210816,20210816
20,82520395,"Midland Credit Management, Inc.",2159CV000610,Civil,Open,20211214,20211214
21,82520682,"Midland Credit Management, Inc.",2165SC000169,Small Claims,Open,20210401,20210401
22,82521144,"Midland Credit Management, Inc.",2227SC000057,Small Claims,Open,20220202,20220202
23,82522145,"Midland Credit Management, Inc.",2165SC000170,Small Claims,Open,20210401,20210401
24,82522417,"Midland Credit Management, Inc.",2033SC002040,Small Claims,Disposed (Statistical Purposes),20201209,20210325
25,82522559,"Midland Credit Management, Inc.",2116SC000051EF,Small Claims,Disposed (Statistical Purposes),20210205,20210524
26,82522677,"Midland Credit Management, Inc.",2186SC000848,Small Claims,Open,20211129,20211129
27,82522726,"Midland Credit Management, Inc.",2133SC000395,Small Claims,Open,20210302,20210302
28,82522739,"Midland Credit Management, Inc.",2165SC000171,Small Claims,Open,20210401,20210401
29,82523225,"Midland Credit Management, Inc.",2165SC000168,Small Claims,Open,20210401,20210401
30,82523640,"Midland Credit Management, Inc.",2133SC000399,Small Claims,Open,20210302,20210302
31,82524549,"Midland Credit Management, Inc.",2033SC002042,Small Claims,Disposed (Statistical Purposes),20201209,20210408
32,82524631,"Midland Credit Management, Inc.",2133SC000402,Small Claims,Open,20210302,20210302
33,82524721,"Midland Credit Management, Inc.",2159SC001575,Small Claims,Open,20211214,20211214
34,82525070,"Midland Credit Management, Inc.",2133SC000398,Small Claims,Open,20210302,20210302
35,82525191,"Midland Credit Management, Inc.",2133SC000396,Small Claims,Open,20210302,20210302
36,82525738,"Midland Credit Management, Inc.",2033SC002037,Small Claims,Open,20201209,20201209
37,82525818,"Midland Credit Management, Inc.",1918SC002691,Small Claims,Disposed (Statistical Purposes),20191213,20211214
38,82526252,"Midland Credit Management, Inc.",2033SC002031,Small Claims,Disposed (Statistical Purposes),20201208,20210915
39,82526652,"Midland Credit Management, Inc.",2057SC000567,Small Claims,Disposed (Statistical Purposes),20200921,20210409
40,82527487,"Midland Credit Management, Inc.",2033SC002036,Small Claims,Open,20201209,20201209
41,82527687,"Midland Credit Management, Inc.",2057SC000570,Small Claims,Disposed (Statistical Purposes),20200921,20211105
42,82527852,"Midland Credit Management, Inc.",2127SC000715,Small Claims,Open,20210816,20210816
43,82528713,"Midland Credit Management, Inc.",2133SC002125,Small Claims,Open,20210907,20210907
44,82528845,"Midland Credit Management, Inc.",2136SC000024,Small Claims,Open,20210108,20210108
45,82529221,"Midland Credit Management, Inc.",2133SC002126,Small Claims,Open,20210907,20210907
46,82529611,"Midland Credit Management, Inc.",2057SC000561,Small Claims,Disposed (Statistical Purposes),20200921,20210222
47,82531575,"Midland Credit Management, Inc.",1917SC000718,Small Claims,Disposed (Statistical Purposes),20191226,20211102
48,82531846,"Midland Credit Management, Inc.",2033SC002032,Small Claims,Disposed (Statistical Purposes),20201208,20210915
49,82531953,"Midland Credit Management, Inc.",2063SC000250,Small Claims,Disposed (Statistical Purposes),20200916,20210712
0,82532910,"Midland Credit Management, Inc.",2032SC001941,Small Claims,Covid 19 XXX Notice Issued,20201215,20210601
1,82533265,"Midland Credit Management, Inc.",2133SC000401,Small Claims,Open,20210302,20210302
2,82533474,"Midland Credit Management, Inc.",2133SC002124,Small Claims,Open,20210907,20210907
3,82533604,"Midland Credit Management, Inc.",2127SC000716,Small Claims,Open,20210816,20210816
4,82533691,"Midland Credit Management, Inc.",2157SC000806,Small Claims,Open,20211019,20211019
5,82533910,"Midland Credit Management, Inc.",2133SC000409,Small Claims,Open,20210303,20210303
6,82534633,"Midland Credit Management, Inc.",2033SC002039,Small Claims,Open,20201209,20201209
7,82534837,"Midland Credit Management, Inc.",2043SC000320,Small Claims,Disposed (Statistical Purposes),20200615,20201216
8,82536289,"Midland Credit Management, Inc.",2121SC000065,Small Claims,Disposed (Statistical Purposes),20210218,20210521
9,82536987,"Midland Credit Management, Inc.",2063SC000251,Small Claims,Disposed (Statistical Purposes),20200916,20210712
10,82537506,"Midland Credit Management, Inc.",2133SC000408,Small Claims,Open,20210302,20210302
11,82538114,"Midland Credit Management, Inc.",2012SC000275,Small Claims,Disposed (Statistical Purposes),20201123,20211209
12,82540590,"Midland Credit Management, Inc.",2032SC001943,Small Claims,Covid 19 XXX Notice Issued,20201215,20210601
13,82541083,"Midland Credit Management, Inc.",2145SC000021,Small Claims,Disposed (Statistical Purposes),20210127,20210721
14,82541461,"Midland Credit Management, Inc.",2186SC000849,Small Claims,Open,20211130,20211130
15,82541778,"Midland Credit Management, Inc.",2043SC000321,Small Claims,Disposed (Statistical Purposes),20200615,20201118
16,82543342,"Midland Credit Management, Inc.",2133SC002016,Small Claims,Open,20210819,20210819
17,82543415,"Midland Credit Management, Inc.",2043SC000322,Small Claims,Disposed (Statistical Purposes),20200615,20200723
18,82544774,"Midland Credit Management, Inc.",2127SC000717,Small Claims,Open,20210817,20210817
19,82545721,"Midland Credit Management, Inc.",2032SC001944,Small Claims,Covid 19 XXX Notice Issued,20201215,20210601
20,82548074,"Midland Credit Management, Inc.",2132SC000959,Small Claims,Open,20210503,20210503
21,82550807,"Midland Credit Management, Inc.",2033SC002055,Small Claims,Disposed (Statistical Purposes),20201211,20211215
22,82550856,"Midland Credit Management, Inc.",2122SC000172EF,Small Claims,Disposed (Statistical Purposes),20210401,20220127
23,82552102,"Midland Credit Management, Inc.",2086SC000409,Small Claims,Disposed (Statistical Purposes),20201110,20211213
24,82552795,"Midland Credit Management, Inc.",2133SC000417,Small Claims,Open,20210304,20210304
25,82553958,"Midland Credit Management, Inc.",1917SC000717,Small Claims,Disposed (Statistical Purposes),20191226,20211102
26,82554633,"Midland Credit Management, Inc.",2026SC000331,Small Claims,Open,20201215,20201215
27,82555857,"Midland Credit Management, Inc.",2133SC000419,Small Claims,Open,20210304,20210304
28,82556826,"Midland Credit Management, Inc.",2122SC000594EF,Small Claims,Open,20211014,20211014
29,82556954,"Midland Credit Management, Inc.",2049SC000389,Small Claims,Disposed (Statistical Purposes),20200708,20210223
30,82557014,"Midland Credit Management, Inc.",2136SC000025,Small Claims,Disposed (Statistical Purposes),20210111,20211118
31,82557927,"Midland Credit Management, Inc.",2033SC002053,Small Claims,Disposed (Statistical Purposes),20201210,20211215
32,82558140,"Midland Credit Management, Inc.",2045SC000414,Small Claims,Disposed (Statistical Purposes),20201218,20210421
33,82558261,"Midland Credit Management, Inc.",2133SC002163,Small Claims,Open,20210909,20210909
34,82558470,"Midland Credit Management, Inc.",2166SC000134,Small Claims,Disposed (Statistical Purposes),20210316,20211214
35,82558932,"Midland Credit Management, Inc.",2016CV000057,Civil,Disposed (Statistical Purposes),20200221,20201211
36,82559245,"Midland Credit Management, Inc.",2133SC000420,Small Claims,Disposed (Statistical Purposes),20210304,20210706
37,82559424,"Midland Credit Management, Inc.",2133SC000418,Small Claims,Open,20210304,20210304
38,82559955,"Midland Credit Management, Inc.",2026SC000334,Small Claims,Open,20201215,20201215
39,82559963,"Midland Credit Management, Inc.",2156SC000265,Small Claims,Open,20210215,20210215
40,82560067,"Midland Credit Management, Inc.",2127SC000158,Small Claims,Disposed (Statistical Purposes),20210303,20210413
41,82560806,"Midland Credit Management, Inc.",2136SC000026,Small Claims,Disposed (Statistical Purposes),20210111,20211014
42,82560882,"Midland Credit Management, Inc.",2133SC002164,Small Claims,Open,20210909,20210909
43,82560965,"Midland Credit Management, Inc.",2133SC000416,Small Claims,Disposed (Statistical Purposes),20210304,20210610
44,82561692,"Midland Credit Management, Inc.",2135SC000086,Small Claims,Open,20210827,20210827
45,82561813,"Midland Credit Management, Inc.",2063SC000257,Small Claims,Open,20200918,20200918
46,82562352,"Midland Credit Management, Inc.",2045SC000348,Small Claims,Disposed (Statistical Purposes),20201104,20210421
47,82562441,"Midland Credit Management, Inc.",2026SC000286,Small Claims,Open,20201102,20201102
48,82562808,"Midland Credit Management, Inc.",2166SC000133,Small Claims,Disposed (Statistical Purposes),20210316,20211214
49,82563610,"Midland Credit Management, Inc.",1943SC001062,Small Claims,Disposed (Statistical Purposes),20191125,20201029
0,82564616,"Midland Credit Management, Inc.",2136SC000027,Small Claims,Disposed (Statistical Purposes),20210111,20211014
1,82564647,"Midland Credit Management, Inc.",2042SC000217,Small Claims,Open,20201102,20201102
2,82564687,"Midland Credit Management, Inc.",2026SC000288,Small Claims,Open,20201103,20201103
3,82565270,"Midland Credit Management, Inc.",2018SC000376,Small Claims,Disposed (Statistical Purposes),20200206,20210804
4,82565450,"Midland Credit Management, Inc.",2032SC001950,Small Claims,Covid 19 XXX Notice Issued,20201216,20210601
5,82565563,"Midland Credit Management, Inc.",2089SC000438,Small Claims,Disposed (Statistical Purposes),20200914,20210203
6,82566231,"Midland Credit Management, Inc.",2032SC001966,Small Claims,Covid 19 XXX Notice Issued,20201217,20210601
7,82566802,"Midland Credit Management, Inc.",2166SC000132,Small Claims,Disposed (Statistical Purposes),20210316,20211214
8,82566874,"Midland Credit Management, Inc.",2241SC000037,Small Claims,Open,20220124,20220124
9,82566883,"Midland Credit Management, Inc.",2089SC000616,Small Claims,Disposed (Statistical Purposes),20200914,20210603
10,82568642,"Midland Credit Management, Inc.",2089SC000617,Small Claims,Disposed (Statistical Purposes),20200914,20210324
11,82568913,"Midland Credit Management, Inc.",2127SC000311,Small Claims,Disposed (Statistical Purposes),20210426,20211117
12,82569905,"Midland Credit Management, Inc.",2060SC000414,Small Claims,Disposed (Statistical Purposes),20200601,20220210
13,82571319,"Midland Credit Management, Inc.",2032SC001964,Small Claims,Covid 19 XXX Notice Issued,20201217,20210601
14,82572612,"Midland Credit Management, Inc.",2060SC000416,Small Claims,Disposed (Statistical Purposes),20200601,20220210
15,82573034,"Midland Credit Management, Inc.",2159CV000618,Civil,Disposed (Statistical Purposes),20211216,20220203
16,82573284,"Midland Credit Management, Inc.",2226SC000046,Small Claims,Open,20220201,20220201
17,82574030,"Midland Credit Management, Inc.",2226SC000042,Small Claims,Open,20220131,20220131
18,82575506,"Midland Credit Management, Inc.",2059SC000663,Small Claims,Disposed (Statistical Purposes),20200722,20210504
19,82576104,"Midland Credit Management, Inc.",2045SC000418,Small Claims,Disposed (Statistical Purposes),20201221,20210630
20,82576695,"Midland Credit Management, Inc.",2043SC000358,Small Claims,Disposed (Statistical Purposes),20200619,20201106
21,82577937,"Midland Credit Management, Inc.",2165SC000583-EF,Small Claims,Open,20211020,20211020
22,82578689,"Midland Credit Management, Inc.",2012SC000231,Small Claims,Disposed (Statistical Purposes),20200922,20211007
23,82579218,"Midland Credit Management, Inc.",1918SC002688,Small Claims,Disposed (Statistical Purposes),20191217,20211129
24,82579721,"Midland Credit Management, Inc.",2043SC000359,Small Claims,Disposed (Statistical Purposes),20200619,20201118
25,82579883,"Midland Credit Management, Inc.",2189SC000405,Small Claims,Disposed (Statistical Purposes),20210906,20220126
26,82580799,"Midland Credit Management, Inc.",2043SC000357,Small Claims,Disposed (Statistical Purposes),20200619,20201118
27,82580864,"Midland Credit Management, Inc.",1918SC002689,Small Claims,Disposed (Statistical Purposes),20191217,20220130
28,82580973,"Midland Credit Management, Inc.",2026SC000347,Small Claims,Open,20201217,20201217
29,82581695,"Midland Credit Management, Inc.",2089SC000441,Small Claims,Disposed (Statistical Purposes),20200915,20210203
30,82581958,"Midland Credit Management, Inc.",2127SC000155,Small Claims,Disposed (Statistical Purposes),20210303,20210511
31,82584163,"Midland Credit Management, Inc.",2127SC000157,Small Claims,Disposed (Statistical Purposes),20210303,20211027
32,82586020,"Midland Credit Management, Inc.",2032SC001958,Small Claims,Covid 19 XXX Notice Issued,20201218,20210601
33,82586210,"Midland Credit Management, Inc.",2188SC000029EF,Small Claims,Disposed (Statistical Purposes),20210324,20210527
34,82587116,"Midland Credit Management, Inc.",2089SC000442,Small Claims,Disposed (Statistical Purposes),20200915,20210203
35,82587400,"Midland Credit Management, Inc.",2033SC002059,Small Claims,Open,20201215,20201215
36,82587846,"Midland Credit Management, Inc.",2133SC000434,Small Claims,Disposed (Statistical Purposes),20210309,20210914
37,82588895,"Midland Credit Management, Inc.",2136SC000038,Small Claims,Disposed (Statistical Purposes),20210114,20211006
38,82588941,"Midland Credit Management, Inc.",2043SC000352,Small Claims,Disposed (Statistical Purposes),20200621,20201118
39,82589368,"Midland Credit Management, Inc.",2133SC000433,Small Claims,Disposed (Statistical Purposes),20210309,20210525
40,82589471,"Midland Credit Management, Inc.",2045SC000419,Small Claims,Disposed (Statistical Purposes),20201223,20210714
41,82589943,"Midland Credit Management, Inc.",2127SC000917,Small Claims,Open,20211020,20211020
42,82590911,"Midland Credit Management, Inc.",2133SC000274,Small Claims,Open,20210217,20210217
43,82591010,"Midland Credit Management, Inc.",1918SC002702,Small Claims,Disposed (Statistical Purposes),20191217,20211108
44,82592706,"Midland Credit Management, Inc.",2127SC001071,Small Claims,Open,20211210,20211210
45,82592839,"Midland Credit Management, Inc.",2127SC000725,Small Claims,Open,20210818,20210818
46,82593323,"Midland Credit Management, Inc.",2059SC000547,Small Claims,Disposed (Statistical Purposes),20200615,20210629
47,82593570,"Midland Credit Management, Inc.",2198SC000159EF,Small Claims,Disposed (Statistical Purposes),20210331,20210611
48,82594771,"Midland Credit Management, Inc.",2127SC000919,Small Claims,Open,20211020,20211020
49,82595416,"Midland Credit Management, Inc.",2127SC000316,Small Claims,Disposed (Statistical Purposes),20210427,20210604
0,82596900,"Midland Credit Management, Inc.",2135SC000087,Small Claims,Open,20210902,20210902
1,82596917,"Midland Credit Management, Inc.",2033SC002067,Small Claims,Open,20201217,20201217
2,82597078,"Midland Credit Management, Inc.",2033SC002066,Small Claims,Open,20201217,20201217
3,82598315,"Midland Credit Management, Inc.",2149SC001126,Small Claims,Disposed (Statistical Purposes),20211129,20220127
4,82598397,"Midland Credit Management, Inc.",1918SC002703,Small Claims,Disposed (Statistical Purposes),20191217,20210225
5,82601631,"Midland Credit Management, Inc.",2043SC000362,Small Claims,Disposed (Statistical Purposes),20200625,20201118
6,82601683,"Midland Credit Management, Inc.",2045SC000357,Small Claims,Disposed (Statistical Purposes),20201112,20210428
7,82602510,"Midland Credit Management, Inc.",2089SC000446,Small Claims,Disposed (Statistical Purposes),20200917,20210203
8,82602564,"Midland Credit Management, Inc.",2045SC000360,Small Claims,Disposed (Statistical Purposes),20201112,20210504
9,82603789,"Midland Credit Management, Inc.",2033SC002073,Small Claims,Open,20201218,20201218
10,82604302,"Midland Credit Management, Inc.",2186CV000376,Civil,Open,20211209,20211209
11,82604492,"Midland Credit Management, Inc.",2033SC002071,Small Claims,Open,20201218,20201218
12,82604981,"Midland Credit Management, Inc.",2188SC000031,Small Claims,Disposed (Statistical Purposes),20210329,20210527
13,82606124,"Midland Credit Management, Inc.",2127SC000918,Small Claims,Open,20211020,20211020
14,82606505,"Midland Credit Management, Inc.",2045SC000424,Small Claims,Disposed (Statistical Purposes),20201224,20210728
15,82609476,"Midland Credit Management, Inc.",2121SC000071EF,Small Claims,Disposed (Statistical Purposes),20210303,20210521
16,82610316,"Midland Credit Management, Inc.",2045SC000421,Small Claims,Disposed (Statistical Purposes),20201224,20210728
17,82611279,"Midland Credit Management, Inc.",2045SC000425,Small Claims,Disposed (Statistical Purposes),20201224,20210520
18,82611456,"Midland Credit Management, Inc.",2159SC001614,Small Claims,Open,20211221,20211221
19,82612922,"Midland Credit Management, Inc.",2166SC000593,Small Claims,Open,20211014,20211014
20,82613040,"Midland Credit Management, Inc.",2023SC002059,Small Claims,Suspended Covid 19 extended,20200821,20200821
21,82613895,"Midland Credit Management, Inc.",2121SC000493EF,Small Claims,Disposed (Statistical Purposes),20210930,20220118
22,82614322,"Midland Credit Management, Inc.",2031SC000382,Small Claims,Disposed (Statistical Purposes),20200218,20210802
23,82615213,"Midland Credit Management, Inc.",2189SC000406,Small Claims,Disposed (Statistical Purposes),20210907,20220126
24,82617986,"Midland Credit Management, Inc.",2135SC000088,Small Claims,Open,20210906,20210906
25,82618248,"Midland Credit Management, Inc.",2023SC002057,Small Claims,Disposed (Statistical Purposes),20200821,20210528
26,82618331,"Midland Credit Management, Inc.",2127SC001073,Small Claims,Open,20211214,20211214
27,82618807,"Midland Credit Management, Inc.",2159SC001623,Small Claims,Open,20211221,20211221
28,82619880,"Midland Credit Management, Inc.",2127SC001072,Small Claims,Open,20211214,20211214
29,82619885,"Midland Credit Management, Inc.",1968SC000516,Small Claims,Disposed (Statistical Purposes),20191126,20201026
30,82619949,"Midland Credit Management, Inc.",2023SC002060,Small Claims,Disposed (Statistical Purposes),20200821,20210528
31,82620115,"Midland Credit Management, Inc.",2149SC001129EF,Small Claims,Open,20211130,20211130
32,82621589,"Midland Credit Management, Inc.",2159SC001613,Small Claims,Open,20211221,20211221
33,82621660,"Midland Credit Management, Inc.",2133SC002030,Small Claims,Open,20210823,20210823
34,82623147,"Midland Credit Management, Inc.",2133SC002206,Small Claims,Open,20210916,20210916
35,82623421,"Midland Credit Management, Inc.",2166SC000594,Small Claims,Open,20211015,20211015
36,82623851,"Midland Credit Management, Inc.",2133SC002217,Small Claims,Open,20210916,20210916
37,82625453,"Midland Credit Management, Inc.",2133SC002031,Small Claims,Open,20210823,20210823
38,82625881,"Midland Credit Management, Inc.",2133SC002216,Small Claims,Open,20210916,20210916
39,82626780,"Midland Credit Management, Inc.",2133SC002203,Small Claims,Open,20210916,20210916
40,82628084,"Midland Credit Management, Inc.",2133SC002202,Small Claims,Open,20210916,20210916
41,82629369,"Midland Credit Management, Inc.",2033SC002076,Small Claims,Open,20201222,20201222
42,82629749,"Midland Credit Management, Inc.",2032SC001955,Small Claims,Covid 19 XXX Notice Issued,20201222,20210601
43,82629789,"Midland Credit Management, Inc.",2033SC002078,Small Claims,Open,20201222,20201222
44,82629965,"Midland Credit Management, Inc.",2143SC000916,Small Claims,Disposed (Statistical Purposes),20211118,20211229
45,82630130,"Midland Credit Management, Inc.",2032SC001952,Small Claims,Covid 19 XXX Notice Issued,20201222,20210601
46,82630382,"Midland Credit Management, Inc.",2133SC002201,Small Claims,Open,20210916,20210916
47,82630601,"Midland Credit Management, Inc.",2032SC001967,Small Claims,Covid 19 XXX Notice Issued,20201222,20210601
48,82631359,"Midland Credit Management, Inc.",2023SC002061,Small Claims,Disposed (Statistical Purposes),20200821,20210528
49,82631597,"Midland Credit Management, Inc.",2116SC000065,Small Claims,Open,20210211,20210211
0,82631749,"Midland Credit Management, Inc.",2022SC000401EF,Small Claims,Disposed (Statistical Purposes),20201208,20210617
1,82631780,"Midland Credit Management, Inc.",2032SC001953,Small Claims,Covid 19 XXX Notice Issued,20201222,20210601
2,82631798,"Midland Credit Management, Inc.",2033SC002080,Small Claims,Open,20201223,20201223
3,82631982,"Midland Credit Management, Inc.",2032SC001954,Small Claims,Covid 19 XXX Notice Issued,20201222,20210601
4,82633009,"Midland Credit Management, Inc.",2023CV000663,Civil,Disposed (Statistical Purposes),20200923,20210316
5,82633278,"Midland Credit Management, Inc.",2127SC000173,Small Claims,Disposed (Statistical Purposes),20210309,20211027
6,82633495,"Midland Credit Management, Inc.",2265SC000001-EF,Small Claims,Open,20220103,20220103
7,82633584,"Midland Credit Management, Inc.",2143SC000934,Small Claims,Open,20211119,20211119
8,82633900,"Midland Credit Management, Inc.",2127SC000164,Small Claims,Disposed (Statistical Purposes),20210308,20210422
9,82634095,"Midland Credit Management, Inc.",2265CV000001,Civil,Open,20220103,20220103
10,82634377,"Midland Credit Management, Inc.",2116CV000032,Civil,Disposed (Statistical Purposes),20210211,20210427
11,82635062,"Midland Credit Management, Inc.",2136SC001252,Small Claims,Open,20211118,20211118
12,82635468,"Midland Credit Management, Inc.",2149SC001142EF,Small Claims,Open,20211202,20211202
13,82637178,"Midland Credit Management, Inc.",1955SC000967,Small Claims,Disposed (Statistical Purposes),20191125,20201202
14,82637320,"Midland Credit Management, Inc.",2116SC000068,Small Claims,Disposed (Statistical Purposes),20210211,20210420
15,82637699,"Midland Credit Management, Inc.",2265SC000006,Small Claims,Open,20220104,20220104
16,82638013,"Midland Credit Management, Inc.",2116SC000066,Small Claims,Disposed (Statistical Purposes),20210211,20211008
17,82638729,"Midland Credit Management, Inc.",2012SC000289,Small Claims,Disposed (Statistical Purposes),20201208,20211209
18,82638812,"Midland Credit Management, Inc.",2116SC000067,Small Claims,Disposed (Statistical Purposes),20210211,20210409
19,82639140,"Midland Credit Management, Inc.",2259SC000045,Small Claims,Open,20220121,20220121
20,82639343,"Midland Credit Management, Inc.",2042SC000172,Small Claims,Disposed (Statistical Purposes),20200901,20201009
21,82639487,"Midland Credit Management, Inc.",2033SC002081,Small Claims,Open,20201224,20201224
22,82639951,"Midland Credit Management, Inc.",2033SC002079,Small Claims,Disposed (Statistical Purposes),20201224,20210408
23,82640489,"Midland Credit Management, Inc.",2127SC000172,Small Claims,Disposed (Statistical Purposes),20210309,20211029
24,82640577,"Midland Credit Management, Inc.",2043SC000271,Small Claims,Disposed (Statistical Purposes),20200319,20201021
25,82641399,"Midland Credit Management, Inc.",2116SC000069,Small Claims,Disposed (Statistical Purposes),20210211,20210510
26,82641693,"Midland Credit Management, Inc.",2186SC000889,Small Claims,Open,20211214,20211214
27,82641763,"Midland Credit Management, Inc.",1918SC002713,Small Claims,Disposed (Statistical Purposes),20191220,20211103
28,82641791,"Midland Credit Management, Inc.",2188SC000035,Small Claims,Disposed (Statistical Purposes),20210405,20210617
29,82643262,"Midland Credit Management, Inc.",2127SC001079,Small Claims,Open,20211221,20211221
30,82643461,"Midland Credit Management, Inc.",2127SC000165,Small Claims,Disposed (Statistical Purposes),20210308,20211027
31,82643759,"Midland Credit Management, Inc.",2186CV000379,Civil,Open,20211214,20211214
32,82643791,"Midland Credit Management, Inc.",2133SC002209,Small Claims,Open,20210917,20210917
33,82645528,"Midland Credit Management, Inc.",2133SC002207,Small Claims,Open,20210917,20210917
34,82645645,"Midland Credit Management, Inc.",2133SC002210,Small Claims,Open,20210917,20210917
35,82645795,"Midland Credit Management, Inc.",2059SC000557,Small Claims,Disposed (Statistical Purposes),20200618,20210521
36,82646944,"Midland Credit Management, Inc.",2032SC001969,Small Claims,Covid 19 XXX Notice Issued,20201224,20210601
37,82647040,"Midland Credit Management, Inc.",2032SC001968,Small Claims,Covid 19 XXX Notice Issued,20201224,20210601
38,82647448,"Midland Credit Management, Inc.",2122SC000217,Small Claims,Open,20210409,20210409
39,82647476,"Midland Credit Management, Inc.",2133SC002208,Small Claims,Open,20210917,20210917
40,82647870,"Midland Credit Management, Inc.",2122SC000598EF,Small Claims,Open,20211020,20211020
41,82647986,"Midland Credit Management, Inc.",1918SC002680,Small Claims,Open,20191220,20191220
42,82649078,"Midland Credit Management, Inc.",2166SC000601,Small Claims,Open,20211020,20211020
43,82649817,"Midland Credit Management, Inc.",2018SC001779,Small Claims,Disposed (Statistical Purposes),20201217,20211006
44,82651151,"Midland Credit Management, Inc.",2059SC000558,Small Claims,Disposed (Statistical Purposes),20200618,20210406
45,82653190,"Midland Credit Management, Inc.",2145SC000043,Small Claims,Disposed (Statistical Purposes),20210212,20210908
46,82653555,"Midland Credit Management, Inc.",2121SC000504EF,Small Claims,Disposed (Statistical Purposes),20211005,20220201
47,82653696,"Midland Credit Management, Inc.",2136SC001255,Small Claims,Open,20211118,20211118
48,82655950,"Midland Credit Management, Inc.",2113SC002515,Small Claims,Open,20211230,20211230
49,82656145,"Midland Credit Management, Inc.",2166CV000248,Civil,Open,20211022,20211022
0,82656166,"Midland Credit Management, Inc.",2259SC000048,Small Claims,Open,20220124,20220124
1,82658195,"Midland Credit Management, Inc.",2143SC000924,Small Claims,Open,20211122,20211122
2,82658907,"Midland Credit Management, Inc.",2143SC000935,Small Claims,Open,20211122,20211122
3,82659151,"Midland Credit Management, Inc.",2122SC000596EF,Small Claims,Open,20211020,20211020
4,82659760,"Midland Credit Management, Inc.",2143SC000923,Small Claims,Open,20211122,20211122
5,82660124,"Midland Credit Management, Inc.",2143SC000925,Small Claims,Open,20211122,20211122
6,82660341,"Midland Credit Management, Inc.",2143SC000936,Small Claims,Open,20211122,20211122
7,82660366,"Midland Credit Management, Inc.",2059SC000556,Small Claims,Disposed (Statistical Purposes),20200618,20210406
8,82660918,"Midland Credit Management, Inc.",2113SC002513,Small Claims,Open,20211230,20211230
9,82660946,"Midland Credit Management, Inc.",2136SC001254,Small Claims,Open,20211118,20211118
10,82663362,"Midland Credit Management, Inc.",2136SC000039,Small Claims,Disposed (Statistical Purposes),20210118,20211014
11,82665193,"Midland Credit Management, Inc.",2127SC000754,Small Claims,Open,20210827,20210827
12,82665510,"Midland Credit Management, Inc.",2133SC000461,Small Claims,Disposed (Statistical Purposes),20210315,20210622
13,82667490,"Midland Credit Management, Inc.",2127SC000753,Small Claims,Open,20210827,20210827
14,82667607,"Midland Credit Management, Inc.",2113SC002514,Small Claims,Open,20211230,20211230
15,82667885,"Midland Credit Management, Inc.",2127SC000336,Small Claims,Disposed (Statistical Purposes),20210503,20211117
16,82668375,"Midland Credit Management, Inc.",2159SC001480,Small Claims,Open,20211119,20211119
17,82669630,"Midland Credit Management, Inc.",2028SC000240,Small Claims,Disposed (Statistical Purposes),20200824,20201217
18,82670993,"Midland Credit Management, Inc.",2032SC001975,Small Claims,Covid 19 XXX Notice Issued,20201229,20210601
19,82671104,"Midland Credit Management, Inc.",2133SC002219,Small Claims,Open,20210920,20210920
20,82671788,"Midland Credit Management, Inc.",2032SC001971,Small Claims,Covid 19 XXX Notice Issued,20201228,20210601
21,82672110,"Midland Credit Management, Inc.",2033SC002101,Small Claims,Open,20201229,20201229
22,82672147,"Midland Credit Management, Inc.",2033SC002099,Small Claims,Open,20201229,20201229
23,82672370,"Midland Credit Management, Inc.",2033SC002090,Small Claims,Open,20201229,20201229
24,82672546,"Midland Credit Management, Inc.",2033SC002087,Small Claims,Open,20201229,20201229
25,82673105,"Midland Credit Management, Inc.",2265CV000003,Civil,Open,20220110,20220110
26,82673423,"Midland Credit Management, Inc.",2023SC002369,Small Claims,Open,20200925,20201001
27,82673869,"Midland Credit Management, Inc.",2036SC001022,Small Claims,Disposed (Statistical Purposes),20201125,20211210
28,82673972,"Midland Credit Management, Inc.",2159SC001472,Small Claims,Open,20211118,20211118
29,82674382,"Midland Credit Management, Inc.",2032SC001973,Small Claims,Disposed (Statistical Purposes),20201228,20210226
30,82674713,"Midland Credit Management, Inc.",2033SC002092,Small Claims,Disposed (Statistical Purposes),20201229,20211006
31,82674757,"Midland Credit Management, Inc.",1918SC002744,Small Claims,Open,20191223,20191223
32,82674902,"Midland Credit Management, Inc.",2033SC002086,Small Claims,Open,20201229,20201229
33,82675093,"Midland Credit Management, Inc.",2023SC002085,Small Claims,Open,20200825,20200825
34,82675139,"Midland Credit Management, Inc.",2127SC000337,Small Claims,Disposed (Statistical Purposes),20210503,20210520
35,82675202,"Midland Credit Management, Inc.",2033SC002089,Small Claims,Open,20201229,20201229
36,82676317,"Midland Credit Management, Inc.",2158SC000189,Small Claims,Disposed (Statistical Purposes),20210409,20210813
37,82676371,"Midland Credit Management, Inc.",2042CV000065,Civil,Disposed (Statistical Purposes),20201113,20210414
38,82676485,"Midland Credit Management, Inc.",2032SC000385,Small Claims,Disposed (Statistical Purposes),20200206,20210915
39,82676605,"Midland Credit Management, Inc.",2023SC002338,Small Claims,Disposed (Statistical Purposes),20200925,20220124
40,82677146,"Midland Credit Management, Inc.",2028SC000241,Small Claims,Covid 19 XXX Notice Issued,20200824,20201117
41,82677615,"Midland Credit Management, Inc.",2158SC000188,Small Claims,Disposed (Statistical Purposes),20210409,20210728
42,82677740,"Midland Credit Management, Inc.",2033SC002093,Small Claims,Disposed (Statistical Purposes),20201229,20211006
43,82678094,"Midland Credit Management, Inc.",2033SC002102,Small Claims,Open,20201229,20201229
44,82678380,"Midland Credit Management, Inc.",2033SC002084,Small Claims,Disposed (Statistical Purposes),20201228,20210616
45,82679025,"Midland Credit Management, Inc.",2033SC002088,Small Claims,Open,20201229,20201229
46,82679960,"Midland Credit Management, Inc.",2032SC000383,Small Claims,Disposed (Statistical Purposes),20200206,20200810
47,82679971,"Midland Credit Management, Inc.",2159SC001473,Small Claims,Open,20211118,20211118
48,82680997,"Midland Credit Management, Inc.",2028SC000238,Small Claims,Disposed (Statistical Purposes),20200824,20201030
49,82680998,"Midland Credit Management, Inc.",2042SC000177,Small Claims,Disposed (Statistical Purposes),20200910,20210126
0,82681606,"Midland Credit Management, Inc.",2032SC000382,Small Claims,Disposed (Statistical Purposes),20200206,20211021
1,82681810,"Midland Credit Management, Inc.",2061SC000764-EF,Small Claims,Disposed (Statistical Purposes),20201105,20210615
2,82681840,"Midland Credit Management, Inc.",2042SC000176,Small Claims,Disposed (Statistical Purposes),20200910,20200930
3,82682187,"Midland Credit Management, Inc.",2061SC000766-EF,Small Claims,Disposed (Statistical Purposes),20201105,20210615
4,82682301,"Midland Credit Management, Inc.",2033SC002094,Small Claims,Disposed (Statistical Purposes),20201229,20211006
5,82683646,"Midland Credit Management, Inc.",2136SC000041,Small Claims,Disposed (Statistical Purposes),20210119,20211014
6,82683658,"Midland Credit Management, Inc.",2033SC002100,Small Claims,Open,20201229,20201229
7,82684891,"Midland Credit Management, Inc.",2121SC000114EF,Small Claims,Disposed (Statistical Purposes),20210316,20210521
8,82685078,"Midland Credit Management, Inc.",2060SC000436,Small Claims,Disposed (Statistical Purposes),20200615,20211014
9,82685563,"Midland Credit Management, Inc.",2117SC000425,Small Claims,Open,20210816,20210816
10,82685646,"Midland Credit Management, Inc.",2213SC000051,Small Claims,Open,20220104,20220104
11,82686631,"Midland Credit Management, Inc.",2121SC000115EF,Small Claims,Disposed (Statistical Purposes),20210316,20210521
12,82687951,"Midland Credit Management, Inc.",2060SC000433,Small Claims,Disposed (Statistical Purposes),20200615,20211014
13,82688491,"Midland Credit Management, Inc.",2055SC000238,Small Claims,Disposed (Statistical Purposes),20200310,20210217
14,82689280,"Midland Credit Management, Inc.",2127SC001087,Small Claims,Open,20211230,20211230
15,82689806,"Midland Credit Management, Inc.",2127SC001088,Small Claims,Open,20211230,20211230
16,82689999,"Midland Credit Management, Inc.",2121SC000116,Small Claims,Disposed (Statistical Purposes),20210316,20210521
17,82690341,"Midland Credit Management, Inc.",2060SC000439,Small Claims,Disposed (Statistical Purposes),20200615,20211014
18,82690960,"Midland Credit Management, Inc.",2018SC001794,Small Claims,Disposed (Statistical Purposes),20201222,20211006
19,82691808,"Midland Credit Management, Inc.",2166SC000161,Small Claims,Disposed (Statistical Purposes),20210330,20210907
20,82693246,"Midland Credit Management, Inc.",2060SC000434,Small Claims,Disposed (Statistical Purposes),20200615,20211014
21,82693517,"Midland Credit Management, Inc.",2127SC000939,Small Claims,Open,20211025,20211025
22,82693734,"Midland Credit Management, Inc.",2033SC002105,Small Claims,Open,20201230,20201230
23,82695059,"Midland Credit Management, Inc.",2159SC001494,Small Claims,Open,20211122,20211122
24,82695170,"Midland Credit Management, Inc.",2213SC000052,Small Claims,Open,20220104,20220104
25,82696270,"Midland Credit Management, Inc.",2112SC000033,Small Claims,Open,20210212,20210212
26,82696599,"Midland Credit Management, Inc.",2213SC000050,Small Claims,Open,20220104,20220104
27,82696751,"Midland Credit Management, Inc.",2033SC002106,Small Claims,Open,20201230,20201230
28,82697266,"Midland Credit Management, Inc.",2033SC002118,Small Claims,Open,20201230,20201230
29,82697898,"Midland Credit Management, Inc.",2033SC002107,Small Claims,Open,20201230,20201230
30,82698029,"Midland Credit Management, Inc.",2033SC002103,Small Claims,Open,20201230,20201230
31,82698166,"Midland Credit Management, Inc.",2159SC001488,Small Claims,Open,20211122,20211122
32,82698796,"Midland Credit Management, Inc.",2055SC000239,Small Claims,Disposed (Statistical Purposes),20200310,20201202
33,82700215,"Midland Credit Management, Inc.",2042SC000184,Small Claims,Covid 19 XXX Notice Issued,20200915,20210204
34,82701143,"Midland Credit Management, Inc.",2055SC000229,Small Claims,Disposed (Statistical Purposes),20200310,20201202
35,82701332,"Midland Credit Management, Inc.",2159SC001490,Small Claims,Open,20211122,20211122
36,82701409,"Midland Credit Management, Inc.",2033SC002117,Small Claims,Open,20201230,20201230
37,82701672,"Midland Credit Management, Inc.",2143SC000958,Small Claims,Open,20211130,20211130
38,82701845,"Midland Credit Management, Inc.",2159SC001495,Small Claims,Open,20211122,20211122
39,82702247,"Midland Credit Management, Inc.",2026SC000420,Small Claims,Disposed (Statistical Purposes),20201228,20210330
40,82702612,"Midland Credit Management, Inc.",2055SC000230,Small Claims,Disposed (Statistical Purposes),20200310,20201202
41,82703235,"Midland Credit Management, Inc.",2018SC001796,Small Claims,Disposed (Statistical Purposes),20201222,20211122
42,82705092,"Midland Credit Management, Inc.",2117SC000430,Small Claims,Open,20210820,20210820
43,82705469,"Midland Credit Management, Inc.",2127SC000184,Small Claims,Disposed (Statistical Purposes),20210316,20211027
44,82706387,"Midland Credit Management, Inc.",2027SC000411,Small Claims,Disposed (Statistical Purposes),20200824,20210915
45,82706635,"Midland Credit Management, Inc.",2121SC000148EF,Small Claims,Disposed (Statistical Purposes),20210319,20210831
46,82706726,"Midland Credit Management, Inc.",2227SC000012,Small Claims,Open,20220104,20220104
47,82707060,"Midland Credit Management, Inc.",2033SC002114,Small Claims,Disposed (Statistical Purposes),20201230,20211105
48,82708102,"Midland Credit Management, Inc.",2127SC000937,Small Claims,Open,20211025,20211025
49,82708502,"Midland Credit Management, Inc.",2136SC000043,Small Claims,Disposed (Statistical Purposes),20210122,20211014
0,82708825,"Midland Credit Management, Inc.",2018SC001801,Small Claims,Disposed (Statistical Purposes),20201222,20210930
1,82709351,"Midland Credit Management, Inc.",2033SC002116,Small Claims,Open,20201230,20201230
2,82709958,"Midland Credit Management, Inc.",2033SC002112,Small Claims,Disposed (Statistical Purposes),20201230,20211006
3,82711065,"Midland Credit Management, Inc.",2043SC000513,Small Claims,Disposed (Statistical Purposes),20200824,20210224
4,82711588,"Midland Credit Management, Inc.",2042SC000185,Small Claims,Open,20200918,20200918
5,82711870,"Midland Credit Management, Inc.",2121SC000149EF,Small Claims,Disposed (Statistical Purposes),20210319,20210907
6,82712355,"Midland Credit Management, Inc.",2117SC000432,Small Claims,Open,20210823,20210823
7,82712382,"Midland Credit Management, Inc.",2027SC000410,Small Claims,Disposed (Statistical Purposes),20200824,20210415
8,82712566,"Midland Credit Management, Inc.",2122SC000600,Small Claims,Open,20211026,20211026
9,82713467,"Midland Credit Management, Inc.",2127SC000765,Small Claims,Open,20210902,20210902
10,82713666,"Midland Credit Management, Inc.",2159SC001505,Small Claims,Closed,20211124,20220125
11,82713999,"Midland Credit Management, Inc.",2059SC000590,Small Claims,Disposed (Statistical Purposes),20200626,20210413
12,82715056,"Midland Credit Management, Inc.",2059SC000583,Small Claims,Disposed (Statistical Purposes),20200626,20210521
13,82715085,"Midland Credit Management, Inc.",2033SC002119,Small Claims,Open,20201230,20201230
14,82715501,"Midland Credit Management, Inc.",2136SC001307,Small Claims,Open,20211122,20211122
15,82717424,"Midland Credit Management, Inc.",2033SC002126,Small Claims,Open,20201230,20201230
16,82718104,"Midland Credit Management, Inc.",2043SC000514,Small Claims,Disposed (Statistical Purposes),20200824,20210224
17,82718938,"Midland Credit Management, Inc.",2027SC000409,Small Claims,Disposed (Statistical Purposes),20200824,20210915
18,82719667,"Midland Credit Management, Inc.",2122CV000214,Civil,Disposed (Statistical Purposes),20211026,20220208
19,82719893,"Midland Credit Management, Inc.",2033SC002113,Small Claims,Disposed (Statistical Purposes),20201230,20211006
20,82720032,"Midland Credit Management, Inc.",2027SC000419,Small Claims,Disposed (Statistical Purposes),20200824,20211004
21,82720213,"Midland Credit Management, Inc.",2166SC000610,Small Claims,Open,20211025,20211025
22,82720317,"Midland Credit Management, Inc.",2122SC000601,Small Claims,Open,20211026,20211026
23,82720607,"Midland Credit Management, Inc.",2027SC000412,Small Claims,Disposed (Statistical Purposes),20200824,20210430
24,82720954,"Midland Credit Management, Inc.",2186SC000907,Small Claims,Open,20211221,20211221
25,82721537,"Midland Credit Management, Inc.",2033SC002130,Small Claims,Open,20201230,20201230
26,82722517,"Midland Credit Management, Inc.",2158SC000221,Small Claims,Disposed (Statistical Purposes),20210422,20211001
27,82722697,"Midland Credit Management, Inc.",2027SC000407,Small Claims,Disposed (Statistical Purposes),20200824,20210915
28,82722764,"Midland Credit Management, Inc.",2186SC000908,Small Claims,Open,20211221,20211221
29,82722859,"Midland Credit Management, Inc.",2036SC001027,Small Claims,Disposed (Statistical Purposes),20201201,20211007
30,82723656,"Midland Credit Management, Inc.",2027SC000413,Small Claims,Disposed (Statistical Purposes),20200824,20200904
31,82724116,"Midland Credit Management, Inc.",2042SC000186,Small Claims,Open,20200922,20200922
32,82725328,"Midland Credit Management, Inc.",2042SC000188,Small Claims,Covid 19 XXX Notice Issued,20200921,20210204
33,82725488,"Midland Credit Management, Inc.",2259SC000078,Small Claims,Open,20220127,20220127
34,82727316,"Midland Credit Management, Inc.",2259SC000076,Small Claims,Open,20220127,20220127
35,82728382,"Midland Credit Management, Inc.",2027SC000416,Small Claims,Disposed (Statistical Purposes),20200824,20210915
36,82728693,"Midland Credit Management, Inc.",2159SC001507,Small Claims,Open,20211126,20211126
37,82729670,"Midland Credit Management, Inc.",2127SC000950,Small Claims,Open,20211027,20211027
38,82730089,"Midland Credit Management, Inc.",2012SC000320,Small Claims,Disposed (Statistical Purposes),20201229,20211221
39,82730940,"Midland Credit Management, Inc.",2028SC000249,Small Claims,Disposed (Statistical Purposes),20200828,20201218
40,82731794,"Midland Credit Management, Inc.",2018SC001833,Small Claims,Disposed (Statistical Purposes),20201228,20211006
41,82731877,"Midland Credit Management, Inc.",2127SC000352,Small Claims,Disposed (Statistical Purposes),20210511,20210714
42,82732446,"Midland Credit Management, Inc.",2027SC000417,Small Claims,Disposed (Statistical Purposes),20200824,20210915
43,82732873,"Midland Credit Management, Inc.",2023SC002386,Small Claims,Disposed (Statistical Purposes),20200930,20210309
44,82733786,"Midland Credit Management, Inc.",2028SC000250,Small Claims,Disposed (Statistical Purposes),20200828,20201217
45,82734232,"Midland Credit Management, Inc.",2027SC000418,Small Claims,Disposed (Statistical Purposes),20200824,20210915
46,82735367,"Midland Credit Management, Inc.",2028SC000252,Small Claims,Open,20200828,20200828
47,82735633,"Midland Credit Management, Inc.",2265CV000007,Civil,Open,20220118,20220118
48,82735835,"Midland Credit Management, Inc.",2018SC001836,Small Claims,Disposed (Statistical Purposes),20201229,20211122
49,82736638,"Midland Credit Management, Inc.",2018SC001855,Small Claims,Disposed (Statistical Purposes),20201230,20211006
0,82736988,"Midland Credit Management, Inc.",2133SC000003,Small Claims,Disposed (Statistical Purposes),20210101,20211013
1,82737617,"Midland Credit Management, Inc.",2117SC000453,Small Claims,Open,20210902,20210902
2,82738406,"Midland Credit Management, Inc.",2121SC000151EF,Small Claims,Disposed (Statistical Purposes),20210323,20210907
3,82738570,"Midland Credit Management, Inc.",2027SC000408,Small Claims,Disposed (Statistical Purposes),20200824,20210915
4,82739144,"Midland Credit Management, Inc.",2060SC000448,Small Claims,Disposed (Statistical Purposes),20200622,20211021
5,82739391,"Midland Credit Management, Inc.",2159SC001512,Small Claims,Open,20211129,20211129
6,82739657,"Midland Credit Management, Inc.",2159SC001513,Small Claims,Open,20211129,20211129
7,82740186,"Midland Credit Management, Inc.",2187SC000057,Small Claims,Closed,20210406,20210625
8,82740331,"Midland Credit Management, Inc.",2159SC001515,Small Claims,Open,20211129,20211129
9,82740478,"Midland Credit Management, Inc.",2045SC000374,Small Claims,Disposed (Statistical Purposes),20201119,20210623
10,82740717,"Midland Credit Management, Inc.",2187SC000059,Small Claims,Disposed (Statistical Purposes),20210406,20210624
11,82741129,"Midland Credit Management, Inc.",2121SC000544EF,Small Claims,Open,20211020,20211020
12,82742029,"Midland Credit Management, Inc.",2187SC000058,Small Claims,Disposed (Statistical Purposes),20210406,20210625
13,82744683,"Midland Credit Management, Inc.",2059SC000595,Small Claims,Closed,20200629,20210421
14,82745392,"Midland Credit Management, Inc.",2026SC000489,Small Claims,Open,20201230,20201230
15,82745911,"Midland Credit Management, Inc.",2059SC000589,Small Claims,Closed,20200629,20210329
16,82746257,"Midland Credit Management, Inc.",2143CV000356,Civil,Open,20211206,20211206
17,82746430,"Midland Credit Management, Inc.",2026SC000492,Small Claims,Open,20201230,20201230
18,82746477,"Midland Credit Management, Inc.",1949SC001153,Small Claims,Suspended Covid 19 extended,20191211,20200212
19,82746940,"Midland Credit Management, Inc.",2059SC000594,Small Claims,Disposed (Statistical Purposes),20200629,20201006
20,82747743,"Midland Credit Management, Inc.",2259SC000089,Small Claims,Open,20220131,20220131
21,82748281,"Midland Credit Management, Inc.",2060SC000450,Small Claims,Disposed (Statistical Purposes),20200622,20211021
22,82748652,"Midland Credit Management, Inc.",2012SC000324,Small Claims,Closed,20201230,20210408
23,82749373,"Midland Credit Management, Inc.",2133SC000001,Small Claims,Disposed (Statistical Purposes),20210104,20211013
24,82750375,"Midland Credit Management, Inc.",2012SC000323,Small Claims,Disposed (Statistical Purposes),20201230,20211216
25,82750945,"Midland Credit Management, Inc.",2059SC000599,Small Claims,Disposed (Statistical Purposes),20200629,20210413
26,82751393,"Midland Credit Management, Inc.",2151SC000904,Small Claims,Open,20211230,20211230
27,82753432,"Midland Credit Management, Inc.",2133SC000531,Small Claims,Disposed (Statistical Purposes),20210319,20210922
28,82753975,"Midland Credit Management, Inc.",2127SC000359,Small Claims,Disposed (Statistical Purposes),20210514,20211124
29,82754143,"Midland Credit Management, Inc.",2127SC000951,Small Claims,Open,20211027,20211027
30,82754505,"Midland Credit Management, Inc.",2122SC000608,Small Claims,Open,20211027,20211027
31,82754515,"Midland Credit Management, Inc.",2043SC000506,Small Claims,Disposed (Statistical Purposes),20200831,20210308
32,82755778,"Midland Credit Management, Inc.",2133SC002248,Small Claims,Open,20210927,20210927
33,82756452,"Midland Credit Management, Inc.",2023SC002122,Small Claims,Open,20200828,20200828
34,82756942,"Midland Credit Management, Inc.",2127SC000356,Small Claims,Disposed (Statistical Purposes),20210514,20211117
35,82758762,"Midland Credit Management, Inc.",2133SC002252,Small Claims,Open,20210927,20210927
36,82759025,"Midland Credit Management, Inc.",2127SC000358,Small Claims,Disposed (Statistical Purposes),20210514,20210525
37,82761002,"Midland Credit Management, Inc.",2133SC002256,Small Claims,Open,20210928,20210928
38,82761741,"Midland Credit Management, Inc.",2166SC000768,Small Claims,Open,20211227,20211227
39,82761963,"Midland Credit Management, Inc.",2127SC000357,Small Claims,Disposed (Statistical Purposes),20210514,20211124
40,82762352,"Midland Credit Management, Inc.",2127SC000218,Small Claims,Disposed (Statistical Purposes),20210323,20211103
41,82762591,"Midland Credit Management, Inc.",2136SC001318,Small Claims,Open,20211126,20211126
42,82762625,"Midland Credit Management, Inc.",2050SC001240,Small Claims,Open,20200820,20200820
43,82763572,"Midland Credit Management, Inc.",2018SC001849,Small Claims,Disposed (Statistical Purposes),20201230,20211006
44,82763699,"Midland Credit Management, Inc.",2127SC000948,Small Claims,Open,20211027,20211027
45,82764066,"Midland Credit Management, Inc.",2159SC001522,Small Claims,Open,20211130,20211130
46,82764582,"Midland Credit Management, Inc.",2018SC001847,Small Claims,Disposed (Statistical Purposes),20201230,20211006
47,82765297,"Midland Credit Management, Inc.",2213CV000025,Civil,Open,20220114,20220114
48,82765504,"Midland Credit Management, Inc.",2159SC001519,Small Claims,Open,20211130,20211130
49,82765817,"Midland Credit Management, Inc.",2166SC000628,Small Claims,Open,20211028,20211028
0,82765963,"Midland Credit Management, Inc.",2042SC000197,Small Claims,Covid 19 XXX Notice Issued,20200928,20210204
1,82767488,"Midland Credit Management, Inc.",2042SC000198,Small Claims,Covid 19 XXX Notice Issued,20200928,20210204
2,82767803,"Midland Credit Management, Inc.",2042SC000196,Small Claims,Covid 19 XXX Notice Issued,20200928,20210204
3,82768077,"Midland Credit Management, Inc.",2050SC000751,Small Claims,Disposed (Statistical Purposes),20200429,20210820
4,82768368,"Midland Credit Management, Inc.",2018SC001848,Small Claims,Disposed (Statistical Purposes),20201230,20211006
5,82768714,"Midland Credit Management, Inc.",2111SC000145EF,Small Claims,Open,20210122,20210122
6,82770373,"Midland Credit Management, Inc.",2166SC000627,Small Claims,Disposed (Statistical Purposes),20211028,20211221
7,82771102,"Midland Credit Management, Inc.",2045SC000381,Small Claims,Disposed (Statistical Purposes),20201124,20210609
8,82771423,"Midland Credit Management, Inc.",2088SC000047,Small Claims,Disposed (Statistical Purposes),20200609,20201020
9,82773614,"Midland Credit Management, Inc.",2158SC000228,Small Claims,Disposed (Statistical Purposes),20210427,20211007
10,82773711,"Midland Credit Management, Inc.",2028SC000354EF,Small Claims,Disposed (Statistical Purposes),20201125,20210107
11,82773876,"Midland Credit Management, Inc.",2111SC000142EF,Small Claims,Open,20210122,20210122
12,82774348,"Midland Credit Management, Inc.",2158SC000226,Small Claims,Disposed (Statistical Purposes),20210427,20211001
13,82775221,"Midland Credit Management, Inc.",1911SC003078,Small Claims,Disposed (Statistical Purposes),20191122,20211122
14,82775463,"Midland Credit Management, Inc.",2027SC000425,Small Claims,Disposed (Statistical Purposes),20200828,20210915
15,82776016,"Midland Credit Management, Inc.",2121SC000153EF,Small Claims,Disposed (Statistical Purposes),20210329,20210907
16,82776083,"Midland Credit Management, Inc.",2158SC000225,Small Claims,Disposed (Statistical Purposes),20210427,20211001
17,82776567,"Midland Credit Management, Inc.",2159SC000145,Small Claims,Disposed (Statistical Purposes),20210217,20211029
18,82776645,"Midland Credit Management, Inc.",2121SC000154EF,Small Claims,Disposed (Statistical Purposes),20210329,20210830
19,82776838,"Midland Credit Management, Inc.",2027SC000426,Small Claims,Disposed (Statistical Purposes),20200828,20210922
20,82776934,"Midland Credit Management, Inc.",1949SC001165,Small Claims,Disposed (Statistical Purposes),20191212,20200803
21,82777863,"Midland Credit Management, Inc.",2118SC000029,Small Claims,Disposed (Statistical Purposes),20210101,20211208
22,82778901,"Midland Credit Management, Inc.",2117SC000460,Small Claims,Open,20210907,20210907
23,82780704,"Midland Credit Management, Inc.",2117SC000461,Small Claims,Open,20210907,20210907
24,82781577,"Midland Credit Management, Inc.",2043SC000521,Small Claims,Disposed (Statistical Purposes),20200901,20210224
25,82781881,"Midland Credit Management, Inc.",2227CV000019,Civil,Open,20220111,20220111
26,82783462,"Midland Credit Management, Inc.",2259SC000096,Small Claims,Open,20220203,20220203
27,82783503,"Midland Credit Management, Inc.",2011SC001479,Small Claims,Open,20200824,20200824
28,82783786,"Midland Credit Management, Inc.",2115SC000935,Small Claims,Disposed (Statistical Purposes),20210429,20211216
29,82784081,"Midland Credit Management, Inc.",2117SC000459,Small Claims,Open,20210907,20210907
30,82785699,"Midland Credit Management, Inc.",2259SC000095,Small Claims,Open,20220203,20220203
31,82785824,"Midland Credit Management, Inc.",2042SC000199,Small Claims,Open,20201002,20201002
32,82786692,"Midland Credit Management, Inc.",2059SC000612,Small Claims,Disposed (Statistical Purposes),20200703,20211005
33,82787455,"Midland Credit Management, Inc.",2118SC000005,Small Claims,Disposed (Statistical Purposes),20210104,20210325
34,82787979,"Midland Credit Management, Inc.",2122SC000609,Small Claims,Open,20211029,20211029
35,82788294,"Midland Credit Management, Inc.",2136SC001323,Small Claims,Open,20211129,20211129
36,82788658,"Midland Credit Management, Inc.",2158SC000235,Small Claims,Disposed (Statistical Purposes),20210503,20211019
37,82790064,"Midland Credit Management, Inc.",2118SC000003,Small Claims,Disposed (Statistical Purposes),20210104,20211208
38,82790772,"Midland Credit Management, Inc.",2121SC000156EF,Small Claims,Disposed (Statistical Purposes),20210330,20210831
39,82790918,"Midland Credit Management, Inc.",2118SC000004,Small Claims,Open,20210104,20210104
40,82791308,"Midland Credit Management, Inc.",2043SC000505,Small Claims,Disposed (Statistical Purposes),20200903,20210224
41,82791731,"Midland Credit Management, Inc.",2121SC000159EF,Small Claims,Disposed (Statistical Purposes),20210331,20210907
42,82792466,"Midland Credit Management, Inc.",2133SC002266,Small Claims,Disposed (Statistical Purposes),20210929,20211028
43,82792466,"Midland Credit Management, Inc.",2133SC002266,Small Claims,Disposed (Statistical Purposes),20210929,20211028
44,82793162,"Midland Credit Management, Inc.",2127SC000974,Small Claims,Disposed (Statistical Purposes),20211101,20211110
45,82793594,"Midland Credit Management, Inc.",2059SC000613,Small Claims,Disposed (Statistical Purposes),20200703,20210427
46,82794926,"Midland Credit Management, Inc.",2133SC002259,Small Claims,Open,20210929,20210929
47,82795720,"Midland Credit Management, Inc.",2117SC000473,Small Claims,Open,20210909,20210909
48,82795813,"Midland Credit Management, Inc.",2127SC000975,Small Claims,Open,20211101,20211101
49,82795824,"Midland Credit Management, Inc.",2133SC002264,Small Claims,Open,20210929,20210929
0,82795822,"Midland Credit Management, Inc.",2133SC002264,Small Claims,Open,20210929,20210929
1,82795911,"Midland Credit Management, Inc.",2159SC000154,Small Claims,Disposed (Statistical Purposes),20210218,20211029
2,82795932,"Midland Credit Management, Inc.",2043SC000526,Small Claims,Open,20200904,20200904
3,82795932,"Midland Credit Management, Inc.",2043SC000526,Small Claims,Open,20200904,20200904
4,82796375,"Midland Credit Management, Inc.",2117SC000476,Small Claims,Open,20210909,20210909
5,82797165,"Midland Credit Management, Inc.",2117SC000475,Small Claims,Open,20210909,20210909
6,82798035,"Midland Credit Management, Inc.",2012SC000253,Small Claims,Disposed (Statistical Purposes),20201104,20211007
7,82798034,"Midland Credit Management, Inc.",2127SC000979,Small Claims,Open,20211101,20211101
8,82798135,"Midland Credit Management, Inc.",2117SC000472,Small Claims,Open,20210909,20210909
9,82798211,"Midland Credit Management, Inc.",2158SC000236,Small Claims,Disposed (Statistical Purposes),20210503,20211015
10,82798245,"Midland Credit Management, Inc.",2011SC001472,Small Claims,Open,20200824,20200824
11,82798506,"Midland Credit Management, Inc.",2117SC000474,Small Claims,Open,20210909,20210909
12,82799048,"Midland Credit Management, Inc.",2251SC000004,Small Claims,Open,20220105,20220105
13,82799448,"Midland Credit Management, Inc.",2117SC000471,Small Claims,Open,20210909,20210909
14,82799638,"Midland Credit Management, Inc.",2251CV000003,Civil,Open,20220106,20220106
15,82799907,"Midland Credit Management, Inc.",2133SC002260,Small Claims,Open,20210929,20210929
16,82799908,"Midland Credit Management, Inc.",2133SC002260,Small Claims,Open,20210929,20210929
17,82800230,"Midland Credit Management, Inc.",2127SC000976,Small Claims,Open,20211101,20211101
18,82800935,"Midland Credit Management, Inc.",2127SC000978,Small Claims,Open,20211101,20211101
19,82801692,"Midland Credit Management, Inc.",2133SC002267,Small Claims,Open,20210929,20210929
20,82802495,"Midland Credit Management, Inc.",2011SC001485,Small Claims,Disposed (Statistical Purposes),20200824,20211025
21,82803952,"Midland Credit Management, Inc.",2133SC000555,Small Claims,Open,20210322,20210322
22,82803953,"Midland Credit Management, Inc.",2133SC000555,Small Claims,Open,20210322,20210322
23,82804011,"Midland Credit Management, Inc.",2133SC000552,Small Claims,Open,20210322,20210322
24,82804012,"Midland Credit Management, Inc.",2133SC000552,Small Claims,Open,20210322,20210322
25,82804411,"Midland Credit Management, Inc.",2133SC000033,Small Claims,Disposed (Statistical Purposes),20210108,20211006
26,82804759,"Midland Credit Management, Inc.",2011SC001483,Small Claims,Open,20200824,20200824
27,82804768,"Midland Credit Management, Inc.",2133SC002265,Small Claims,Open,20210929,20210929
28,82804769,"Midland Credit Management, Inc.",2133SC002265,Small Claims,Open,20210929,20210929
29,82807842,"Midland Credit Management, Inc.",2133SC000554,Small Claims,Open,20210322,20210322
30,82808056,"Midland Credit Management, Inc.",2136SC001354,Small Claims,Open,20211130,20211130
31,82808760,"Midland Credit Management, Inc.",2011SC001476,Small Claims,Open,20200824,20200824
32,82812174,"Midland Credit Management, Inc.",2133SC000592,Small Claims,Open,20210322,20210322
33,82813472,"Midland Credit Management, Inc.",2043SC000561,Small Claims,Disposed (Statistical Purposes),20200908,20210310
34,82815054,"Midland Credit Management, Inc.",2111SC000220,Small Claims,Open,20210201,20210201
35,82815442,"Midland Credit Management, Inc.",2043SC000558,Small Claims,Disposed (Statistical Purposes),20200908,20210401
36,82816169,"Midland Credit Management, Inc.",2056SC001026,Small Claims,Disposed (Statistical Purposes),20200619,20210922
37,82817170,"Midland Credit Management, Inc.",2056SC001027,Small Claims,Disposed (Statistical Purposes),20200619,20210922
38,82817182,"Midland Credit Management, Inc.",2050SC001309,Small Claims,Disposed (Statistical Purposes),20200904,20210723
39,82817442,"Midland Credit Management, Inc.",2043SC000562,Small Claims,Disposed (Statistical Purposes),20200908,20210210
40,82818098,"Midland Credit Management, Inc.",2161SC000652-EF,Small Claims,Disposed (Statistical Purposes),20210903,20211221
41,82818139,"Midland Credit Management, Inc.",2043SC000560,Small Claims,Disposed (Statistical Purposes),20200908,20210310
42,82818279,"Midland Credit Management, Inc.",2118SC000790,Small Claims,Open,20210503,20210503
43,82819048,"Midland Credit Management, Inc.",2043SC000559,Small Claims,Disposed (Statistical Purposes),20200908,20210512
44,82819526,"Midland Credit Management, Inc.",2050SC001308,Small Claims,Disposed (Statistical Purposes),20200904,20210723
45,82819829,"Midland Credit Management, Inc.",2166SC000635,Small Claims,Open,20211101,20211101
46,82820279,"Midland Credit Management, Inc.",2186CV000393,Civil,Open,20211228,20211228
47,82820383,"Midland Credit Management, Inc.",2161SC000654-EF,Small Claims,Disposed (Statistical Purposes),20210903,20211221
48,82821253,"Midland Credit Management, Inc.",2136SC000089,Small Claims,Disposed (Statistical Purposes),20210203,20220124
49,82821470,"Midland Credit Management, Inc.",2161SC000653-EF,Small Claims,Disposed (Statistical Purposes),20210903,20211221
0,82823021,"Midland Credit Management, Inc.",2026SC000239,Small Claims,Open,20200904,20200904
1,82824488,"Midland Credit Management, Inc.",2028SC000359EF,Small Claims,Disposed (Statistical Purposes),20201207,20210225
2,82826183,"Midland Credit Management, Inc.",2056SC001006,Small Claims,Disposed (Statistical Purposes),20200619,20210517
3,82826250,"Midland Credit Management, Inc.",2043SC000533,Small Claims,Open,20200910,20200910
4,82826436,"Midland Credit Management, Inc.",2133SC002276,Small Claims,Open,20211004,20211004
5,82826512,"Midland Credit Management, Inc.",2056SC001009,Small Claims,Disposed (Statistical Purposes),20200619,20210921
6,82828397,"Midland Credit Management, Inc.",2133SC000556,Small Claims,Open,20210322,20210322
7,82828439,"Midland Credit Management, Inc.",2043SC000531,Small Claims,Disposed (Statistical Purposes),20200910,20220112
8,82828701,"Midland Credit Management, Inc.",2133SC002283,Small Claims,Open,20211004,20211004
9,82829855,"Midland Credit Management, Inc.",2159SC000165,Small Claims,Disposed (Statistical Purposes),20210222,20211029
10,82829967,"Midland Credit Management, Inc.",2133CV000613,Civil,Open,20211004,20211004
11,82830138,"Midland Credit Management, Inc.",2056SC001028,Small Claims,Closed,20200619,20211206
12,82830913,"Midland Credit Management, Inc.",2133SC000572,Small Claims,Open,20210322,20210322
13,82831119,"Midland Credit Management, Inc.",2043SC000532,Small Claims,Disposed (Statistical Purposes),20200910,20210224
14,82831315,"Midland Credit Management, Inc.",2133SC000585,Small Claims,Open,20210322,20210322
15,82831546,"Midland Credit Management, Inc.",2133CV000615,Civil,Open,20211004,20211005
16,82832071,"Midland Credit Management, Inc.",2056SC001010,Small Claims,Disposed (Statistical Purposes),20200619,20210921
17,82832350,"Midland Credit Management, Inc.",2133CV000612,Civil,Open,20211004,20211004
18,82832550,"Midland Credit Management, Inc.",2022SC000418EF,Small Claims,Disposed (Statistical Purposes),20201228,20210708
19,82832561,"Midland Credit Management, Inc.",2056SC000997,Small Claims,Disposed (Statistical Purposes),20200619,20201023
20,82832797,"Midland Credit Management, Inc.",2022SC000419EF,Small Claims,Disposed (Statistical Purposes),20201228,20210325
21,82832807,"Midland Credit Management, Inc.",2133CV000614,Civil,Open,20211004,20211005
22,82833584,"Midland Credit Management, Inc.",2159SC001545,Small Claims,Open,20211206,20211206
23,82833638,"Midland Credit Management, Inc.",2022SC000420EF,Small Claims,Disposed (Statistical Purposes),20201229,20210708
24,82834625,"Midland Credit Management, Inc.",2060SC000473,Small Claims,Disposed (Statistical Purposes),20200703,20211117
25,82834761,"Midland Credit Management, Inc.",2133SC000553,Small Claims,Open,20210322,20210322
26,82834923,"Midland Credit Management, Inc.",2056SC000998,Small Claims,Disposed (Statistical Purposes),20200619,20210921
27,82836562,"Midland Credit Management, Inc.",2056SC001008,Small Claims,Disposed (Statistical Purposes),20200619,20210921
28,82837717,"Midland Credit Management, Inc.",2133SC000590,Small Claims,Open,20210322,20210322
29,82838320,"Midland Credit Management, Inc.",2028SC000361EF,Small Claims,Disposed (Statistical Purposes),20201208,20210225
30,82839669,"Midland Credit Management, Inc.",2056SC000999,Small Claims,Disposed (Statistical Purposes),20200619,20210921
31,82839875,"Midland Credit Management, Inc.",2121SC000582EF,Small Claims,Open,20211103,20211103
32,82840449,"Midland Credit Management, Inc.",2133SC000570,Small Claims,Open,20210322,20210322
33,82840507,"Midland Credit Management, Inc.",2121SC000583,Small Claims,Open,20211103,20211103
34,82840956,"Midland Credit Management, Inc.",2056SC001025,Small Claims,Open,20200619,20200619
35,82841495,"Midland Credit Management, Inc.",2159SC001544,Small Claims,Open,20211206,20211206
36,82842029,"Midland Credit Management, Inc.",2028SC000265-EF,Small Claims,Disposed (Statistical Purposes),20200911,20210218
37,82842312,"Midland Credit Management, Inc.",2159SC001546,Small Claims,Open,20211206,20211206
38,82846030,"Midland Credit Management, Inc.",2133SC000044,Small Claims,Disposed (Statistical Purposes),20210114,20211006
39,82846628,"Midland Credit Management, Inc.",2133SC000046,Small Claims,Disposed (Statistical Purposes),20210114,20211006
40,82846863,"Midland Credit Management, Inc.",2027SC000049,Small Claims,Disposed (Statistical Purposes),20200121,20201016
41,82848576,"Midland Credit Management, Inc.",2159SC000177,Small Claims,Disposed (Statistical Purposes),20210225,20211029
42,82849762,"Midland Credit Management, Inc.",2159SC000178,Small Claims,Disposed (Statistical Purposes),20210225,20211029
43,82850146,"Midland Credit Management, Inc.",2133SC000045,Small Claims,Disposed (Statistical Purposes),20210114,20211006
44,82853146,"Midland Credit Management, Inc.",2057SC000709,Small Claims,Disposed (Statistical Purposes),20201216,20211007
45,82853300,"Midland Credit Management, Inc.",2187SC000064,Small Claims,Disposed (Statistical Purposes),20210422,20210625
46,82854545,"Midland Credit Management, Inc.",2133SC002284,Small Claims,Open,20211005,20211005
47,82855181,"Midland Credit Management, Inc.",2133CV000618,Civil,Open,20211006,20211006
48,82855186,"Midland Credit Management, Inc.",2043SC000477,Small Claims,Disposed (Statistical Purposes),20200731,20210113
49,82855838,"Midland Credit Management, Inc.",2028SC000367-EF,Small Claims,Disposed (Statistical Purposes),20201211,20210225
0,82856270,"Midland Credit Management, Inc.",2017SC000088,Small Claims,Disposed (Statistical Purposes),20200207,20211019
1,82857487,"Midland Credit Management, Inc.",2133SC002285,Small Claims,Open,20211005,20211005
2,82858900,"Midland Credit Management, Inc.",2143SC000315,Small Claims,Open,20210510,20210510
3,82859281,"Midland Credit Management, Inc.",1921SC000950,Small Claims,Disposed (Statistical Purposes),20191224,20200325
4,82859977,"Midland Credit Management, Inc.",1921SC000951,Small Claims,Disposed (Statistical Purposes),20191224,20200220
5,82860082,"Midland Credit Management, Inc.",2056SC002116,Small Claims,Open,20201217,20201217
6,82860532,"Midland Credit Management, Inc.",2043SC000537,Small Claims,Disposed (Statistical Purposes),20200915,20210216
7,82862352,"Midland Credit Management, Inc.",2017SC000089,Small Claims,Open,20200207,20200207
8,82862411,"Midland Credit Management, Inc.",2133SC000595,Small Claims,Open,20210324,20210324
9,82863088,"Midland Credit Management, Inc.",2136SC000093,Small Claims,Disposed (Statistical Purposes),20210204,20220106
10,82864775,"Midland Credit Management, Inc.",2143SC001025,Small Claims,Open,20211222,20211222
11,82865707,"Midland Credit Management, Inc.",2043SC000536,Small Claims,Disposed (Statistical Purposes),20200915,20210224
12,82866881,"Midland Credit Management, Inc.",2133SC000596,Small Claims,Open,20210324,20210324
13,82866999,"Midland Credit Management, Inc.",2133SC000049,Small Claims,Open,20210115,20210115
14,82867159,"Midland Credit Management, Inc.",2057SC000715,Small Claims,Disposed (Statistical Purposes),20201218,20211108
15,82868077,"Midland Credit Management, Inc.",2159SC000183,Small Claims,Disposed (Statistical Purposes),20210226,20211029
16,82869550,"Midland Credit Management, Inc.",2133SC000591,Small Claims,Open,20210324,20210324
17,82871321,"Midland Credit Management, Inc.",2133SC000061,Small Claims,Open,20210118,20210118
18,82871854,"Midland Credit Management, Inc.",2133SC000062,Small Claims,Open,20210118,20210118
19,82872267,"Midland Credit Management, Inc.",2133SC000594,Small Claims,Open,20210324,20210324
20,82873541,"Midland Credit Management, Inc.",2123SC002832,Small Claims,Open,20210830,20210830
21,82873574,"Midland Credit Management, Inc.",2045SC000282,Small Claims,Disposed (Statistical Purposes),20200825,20210610
22,82875574,"Midland Credit Management, Inc.",2133SC000064,Small Claims,Open,20210118,20210118
23,82876607,"Midland Credit Management, Inc.",2133SC000063,Small Claims,Open,20210118,20210118
24,82878523,"Midland Credit Management, Inc.",2143SC001029,Small Claims,Open,20211227,20211227
25,82879630,"Midland Credit Management, Inc.",2143SC001030,Small Claims,Open,20211227,20211227
26,82879762,"Midland Credit Management, Inc.",2136SC000097,Small Claims,Disposed (Statistical Purposes),20210205,20211021
27,82879764,"Midland Credit Management, Inc.",2143SC001028,Small Claims,Open,20211227,20211227
28,82879933,"Midland Credit Management, Inc.",2043SC000552,Small Claims,Disposed (Statistical Purposes),20200917,20210310
29,82880803,"Midland Credit Management, Inc.",2043SC000551,Small Claims,Disposed (Statistical Purposes),20200917,20210310
30,82882068,"Midland Credit Management, Inc.",2133SC000636,Small Claims,Disposed (Statistical Purposes),20210326,20211028
31,82882100,"Midland Credit Management, Inc.",2133SC000637,Small Claims,Open,20210326,20210326
32,82883252,"Midland Credit Management, Inc.",2159SC000187,Small Claims,Disposed (Statistical Purposes),20210226,20211029
33,82885433,"Midland Credit Management, Inc.",2133SC000073,Small Claims,Disposed (Statistical Purposes),20210120,20211006
34,82885892,"Midland Credit Management, Inc.",2045SC000289,Small Claims,Disposed (Statistical Purposes),20200828,20210714
35,82886516,"Midland Credit Management, Inc.",2057SC000727,Small Claims,Disposed (Statistical Purposes),20201223,20211022
36,82886800,"Midland Credit Management, Inc.",2057SC000726,Small Claims,Disposed (Statistical Purposes),20201223,20210707
37,82887970,"Midland Credit Management, Inc.",2144SC000728,Small Claims,Open,20210817,20210817
38,82888007,"Midland Credit Management, Inc.",2057SC000725,Small Claims,Disposed (Statistical Purposes),20201223,20211022
39,82888573,"Midland Credit Management, Inc.",2144SC000726,Small Claims,Open,20210816,20210816
40,82889158,"Midland Credit Management, Inc.",2143CV000380,Civil,Open,20211228,20211228
41,82889310,"Midland Credit Management, Inc.",2043SC000554,Small Claims,Disposed (Statistical Purposes),20200921,20210310
42,82895943,"Midland Credit Management, Inc.",2043SC000544,Small Claims,Disposed (Statistical Purposes),20200921,20210224
43,82896020,"Midland Credit Management, Inc.",2133SC000694,Small Claims,Open,20210329,20210329
44,82896429,"Midland Credit Management, Inc.",2133SC000703,Small Claims,Open,20210329,20210329
45,82896850,"Midland Credit Management, Inc.",2133SC000689,Small Claims,Open,20210329,20210329
46,82898231,"Midland Credit Management, Inc.",2159SC000204,Small Claims,Disposed (Statistical Purposes),20210301,20211029
47,82898380,"Midland Credit Management, Inc.",2144SC000727,Small Claims,Open,20210818,20210818
48,82898515,"Midland Credit Management, Inc.",2159SC000195,Small Claims,Disposed (Statistical Purposes),20210301,20211029
49,82899198,"Midland Credit Management, Inc.",2133SC000701,Small Claims,Open,20210329,20210329
0,82899722,"Midland Credit Management, Inc.",2133SC000688,Small Claims,Open,20210329,20210329
1,82900698,"Midland Credit Management, Inc.",2133SC000698,Small Claims,Open,20210329,20210329
2,82901120,"Midland Credit Management, Inc.",2159SC000197,Small Claims,Disposed (Statistical Purposes),20210301,20211029
3,82901792,"Midland Credit Management, Inc.",2023SC002598,Small Claims,Open,20201014,20201014
4,82901827,"Midland Credit Management, Inc.",2133SC000699,Small Claims,Disposed (Statistical Purposes),20210329,20210825
5,82901879,"Midland Credit Management, Inc.",2159SC000203,Small Claims,Disposed (Statistical Purposes),20210301,20211029
6,82903092,"Midland Credit Management, Inc.",2159SC000207,Small Claims,Disposed (Statistical Purposes),20210301,20211029
7,82903386,"Midland Credit Management, Inc.",2159SC000201,Small Claims,Open,20210301,20210301
8,82903779,"Midland Credit Management, Inc.",2159SC000205,Small Claims,Disposed (Statistical Purposes),20210301,20210810
9,82905114,"Midland Credit Management, Inc.",2133SC000685,Small Claims,Open,20210329,20210329
10,82906449,"Midland Credit Management, Inc.",2133SC000670,Small Claims,Open,20210329,20210329
11,82906931,"Midland Credit Management, Inc.",2043SC000099,Small Claims,Disposed (Statistical Purposes),20200203,20210601
12,82907113,"Midland Credit Management, Inc.",2133SC000629,Small Claims,Open,20210329,20210329
13,82907305,"Midland Credit Management, Inc.",2133SC000687,Small Claims,Open,20210329,20210329
14,82908204,"Midland Credit Management, Inc.",2043SC000102,Small Claims,Disposed (Statistical Purposes),20200203,20210210
15,82908640,"Midland Credit Management, Inc.",2133SC000691,Small Claims,Open,20210329,20210329
16,82908864,"Midland Credit Management, Inc.",2251SC000027,Small Claims,Open,20220121,20220121
17,82909323,"Midland Credit Management, Inc.",2133SC000686,Small Claims,Open,20210329,20210329
18,82909648,"Midland Credit Management, Inc.",2043SC000564,Small Claims,Disposed (Statistical Purposes),20200924,20210319
19,82909890,"Midland Credit Management, Inc.",2043SC000547,Small Claims,Disposed (Statistical Purposes),20200923,20210224
20,82910236,"Midland Credit Management, Inc.",2159SC000196,Small Claims,Closed,20210301,20210329
21,82910798,"Midland Credit Management, Inc.",2133SC000693,Small Claims,Open,20210329,20210329
22,82910913,"Midland Credit Management, Inc.",2159SC000202,Small Claims,Disposed (Statistical Purposes),20210301,20211026
23,82911831,"Midland Credit Management, Inc.",2133SC000695,Small Claims,Open,20210329,20210329
24,82912596,"Midland Credit Management, Inc.",2133SC000704,Small Claims,Open,20210329,20210329
25,82913447,"Midland Credit Management, Inc.",2159SC000206,Small Claims,Disposed (Statistical Purposes),20210301,20211029
26,82913576,"Midland Credit Management, Inc.",2133SC000646,Small Claims,Open,20210329,20210329
27,82916166,"Midland Credit Management, Inc.",2133SC000697,Small Claims,Disposed (Statistical Purposes),20210329,20211217
28,82916809,"Midland Credit Management, Inc.",2133SC000696,Small Claims,Open,20210329,20210329
29,82917269,"Midland Credit Management, Inc.",2133SC000692,Small Claims,Open,20210329,20210329
30,82917643,"Midland Credit Management, Inc.",2133SC000702,Small Claims,Disposed (Statistical Purposes),20210329,20210430
31,82917792,"Midland Credit Management, Inc.",2133SC000647,Small Claims,Open,20210329,20210329
32,82918283,"Midland Credit Management, Inc.",2133SC000700,Small Claims,Open,20210329,20210329
33,82921633,"Midland Credit Management, Inc.",2251CV000033,Civil,Open,20220124,20220124
34,82922391,"Midland Credit Management, Inc.",2023SC002599,Small Claims,Open,20201014,20201014
35,82923663,"Midland Credit Management, Inc.",2159SC001062,Small Claims,Open,20210817,20210817
36,82923974,"Midland Credit Management, Inc.",2043SC000572,Small Claims,Disposed (Statistical Purposes),20200928,20210310
37,82924460,"Midland Credit Management, Inc.",2159SC000213,Small Claims,Disposed (Statistical Purposes),20210303,20211029
38,82924807,"Midland Credit Management, Inc.",2159SC000212,Small Claims,Disposed (Statistical Purposes),20210303,20211029
39,82925272,"Midland Credit Management, Inc.",2043SC000573,Small Claims,Disposed (Statistical Purposes),20200928,20210310
40,82925474,"Midland Credit Management, Inc.",2159SC001064,Small Claims,Open,20210817,20210817
41,82925847,"Midland Credit Management, Inc.",2159SC001056,Small Claims,Open,20210816,20210816
42,82925904,"Midland Credit Management, Inc.",2159SC001065,Small Claims,Open,20210817,20210817
43,82926829,"Midland Credit Management, Inc.",2144CV000203,Civil,Open,20210826,20210826
44,82926972,"Midland Credit Management, Inc.",2027SC000259,Small Claims,Disposed (Statistical Purposes),20200323,20210901
45,82927346,"Midland Credit Management, Inc.",2043SC000571,Small Claims,Disposed (Statistical Purposes),20200928,20210310
46,82928111,"Midland Credit Management, Inc.",2057SC000729,Small Claims,Disposed (Statistical Purposes),20201228,20211022
47,82928646,"Midland Credit Management, Inc.",2133SC002357,Small Claims,Open,20211014,20211014
48,82930165,"Midland Credit Management, Inc.",2043SC000567,Small Claims,Disposed (Statistical Purposes),20200928,20210310
49,82930591,"Midland Credit Management, Inc.",2028SC000382EF,Small Claims,Disposed (Statistical Purposes),20201229,20210226
0,82930782,"Midland Credit Management, Inc.",2043SC000574,Small Claims,Disposed (Statistical Purposes),20200928,20210512
1,82930816,"Midland Credit Management, Inc.",2159SC000217,Small Claims,Disposed (Statistical Purposes),20210305,20211001
2,82931533,"Midland Credit Management, Inc.",2043SC000579,Small Claims,Open,20200928,20200928
3,82931603,"Midland Credit Management, Inc.",2159SC000231,Small Claims,Disposed (Statistical Purposes),20210305,20211207
4,82931705,"Midland Credit Management, Inc.",2133SC000706,Small Claims,Open,20210331,20210331
5,82931851,"Midland Credit Management, Inc.",2028SC000378,Small Claims,Disposed (Statistical Purposes),20201228,20210311
6,82932015,"Midland Credit Management, Inc.",2133SC000652,Small Claims,Open,20210331,20210331
7,82932401,"Midland Credit Management, Inc.",2043SC000565,Small Claims,Disposed (Statistical Purposes),20200928,20210310
8,82932511,"Midland Credit Management, Inc.",2028SC000374-EF,Small Claims,Disposed (Statistical Purposes),20201228,20210225
9,82933206,"Midland Credit Management, Inc.",2133SC000631,Small Claims,Disposed (Statistical Purposes),20210330,20210701
10,82933270,"Midland Credit Management, Inc.",2133SC000642,Small Claims,Open,20210330,20210330
11,82933313,"Midland Credit Management, Inc.",2133SC000708,Small Claims,Open,20210331,20210331
12,82933357,"Midland Credit Management, Inc.",2159SC000218,Small Claims,Disposed (Statistical Purposes),20210305,20211207
13,82933406,"Midland Credit Management, Inc.",2027SC000104,Small Claims,Suspended Covid 19 extended,20200203,20200903
14,82933454,"Midland Credit Management, Inc.",2133SC000705,Small Claims,Open,20210331,20210331
15,82933525,"Midland Credit Management, Inc.",2159SC001073,Small Claims,Open,20210819,20210819
16,82934002,"Midland Credit Management, Inc.",2133SC000717,Small Claims,Open,20210331,20210331
17,82934331,"Midland Credit Management, Inc.",2133SC000711,Small Claims,Open,20210331,20210331
18,82934710,"Midland Credit Management, Inc.",2159SC001067,Small Claims,Open,20210818,20210818
19,82934724,"Midland Credit Management, Inc.",2027SC000105,Small Claims,Disposed (Statistical Purposes),20200203,20200304
20,82935481,"Midland Credit Management, Inc.",2159SC001066,Small Claims,Open,20210818,20210818
21,82935673,"Midland Credit Management, Inc.",2159SC000232,Small Claims,Disposed (Statistical Purposes),20210305,20211207
22,82936030,"Midland Credit Management, Inc.",2057SC000742,Small Claims,Open,20201230,20201230
23,82936414,"Midland Credit Management, Inc.",2133SC000707,Small Claims,Open,20210331,20210331
24,82936766,"Midland Credit Management, Inc.",2057SC000732,Small Claims,Disposed (Statistical Purposes),20201230,20211022
25,82937012,"Midland Credit Management, Inc.",2133SC000714,Small Claims,Open,20210331,20210331
26,82937181,"Midland Credit Management, Inc.",2159SC000219,Small Claims,Disposed (Statistical Purposes),20210305,20211207
27,82937882,"Midland Credit Management, Inc.",2028SC000375-EF,Small Claims,Disposed (Statistical Purposes),20201228,20210226
28,82937931,"Midland Credit Management, Inc.",2133SC000716,Small Claims,Open,20210331,20210331
29,82938131,"Midland Credit Management, Inc.",2028SC000383EF,Small Claims,Disposed (Statistical Purposes),20201229,20210225
30,82939581,"Midland Credit Management, Inc.",2133SC000710,Small Claims,Open,20210331,20210331
31,82939947,"Midland Credit Management, Inc.",2159SC001076,Small Claims,Disposed (Statistical Purposes),20210819,20211022
32,82940171,"Midland Credit Management, Inc.",2056SC001042,Small Claims,Open,20200706,20200706
33,82940294,"Midland Credit Management, Inc.",2133SC000709,Small Claims,Open,20210331,20210331
34,82940451,"Midland Credit Management, Inc.",2056SC001041,Small Claims,Disposed (Statistical Purposes),20200706,20210924
35,82942555,"Midland Credit Management, Inc.",2133SC000715,Small Claims,Open,20210331,20210331
36,82943284,"Midland Credit Management, Inc.",2031SC000537,Small Claims,Covid 19 XXX Notice Issued,20200305,20210121
37,82943684,"Midland Credit Management, Inc.",2133SC000712,Small Claims,Open,20210331,20210331
38,82944448,"Midland Credit Management, Inc.",2133SC000632,Small Claims,Open,20210330,20210330
39,82945340,"Midland Credit Management, Inc.",2043SC000582,Small Claims,Disposed (Statistical Purposes),20200929,20210310
40,82946018,"Midland Credit Management, Inc.",2056SC001056,Small Claims,Disposed (Statistical Purposes),20200706,20220107
41,82946237,"Midland Credit Management, Inc.",2043SC000580,Small Claims,Disposed (Statistical Purposes),20200929,20210310
42,82946293,"Midland Credit Management, Inc.",2133SC000713,Small Claims,Open,20210331,20210331
43,82947041,"Midland Credit Management, Inc.",2043SC000583,Small Claims,Disposed (Statistical Purposes),20200930,20210310
44,82948218,"Midland Credit Management, Inc.",2133SC002355,Small Claims,Open,20211014,20211014
45,82950148,"Midland Credit Management, Inc.",2144SC000776,Small Claims,Open,20210902,20210902
46,82951131,"Midland Credit Management, Inc.",2062SC001689-EF,Small Claims,Disposed (Statistical Purposes),20200904,20210701
47,82951690,"Midland Credit Management, Inc.",2131SC001461,Small Claims,Disposed (Statistical Purposes),20210902,20220120
48,82953166,"Midland Credit Management, Inc.",2027SC000103,Small Claims,Disposed (Statistical Purposes),20200203,20220209
49,82954411,"Midland Credit Management, Inc.",2027SC000096,Small Claims,Disposed (Statistical Purposes),20200203,20200305
0,82955602,"Midland Credit Management, Inc.",2043SC000570,Small Claims,Disposed (Statistical Purposes),20201001,20210310
1,82955751,"Midland Credit Management, Inc.",2133SC002358,Small Claims,Open,20211014,20211014
2,82956862,"Midland Credit Management, Inc.",2159SC000227,Small Claims,Disposed (Statistical Purposes),20210308,20220112
3,82957381,"Midland Credit Management, Inc.",2043SC000566,Small Claims,Disposed (Statistical Purposes),20201001,20210310
4,82958614,"Midland Credit Management, Inc.",2133SC000719,Small Claims,Open,20210402,20210402
5,82958665,"Midland Credit Management, Inc.",2156SC003109,Small Claims,Open,20211129,20211129
6,82959083,"Midland Credit Management, Inc.",2156SC003111,Small Claims,Open,20211129,20211129
7,82959241,"Midland Credit Management, Inc.",2231SC000002,Small Claims,Open,20220103,20220103
8,82959345,"Midland Credit Management, Inc.",2133SC000655,Small Claims,Open,20210401,20210401
9,82959619,"Midland Credit Management, Inc.",2156SC000029,Small Claims,Open,20210108,20210108
10,82959745,"Midland Credit Management, Inc.",2133SC000657,Small Claims,Open,20210401,20210401
11,82960230,"Midland Credit Management, Inc.",2144SC000786,Small Claims,Open,20210903,20210903
12,82960308,"Midland Credit Management, Inc.",2186SC000650,Small Claims,Open,20210909,20210909
13,82960594,"Midland Credit Management, Inc.",2133SC000723,Small Claims,Open,20210402,20210402
14,82961346,"Midland Credit Management, Inc.",2133SC000718,Small Claims,Open,20210402,20210402
15,82961435,"Midland Credit Management, Inc.",2133SC000720,Small Claims,Disposed (Statistical Purposes),20210402,20210913
16,82961849,"Midland Credit Management, Inc.",2133SC000724,Small Claims,Open,20210402,20210402
17,82962124,"Midland Credit Management, Inc.",2133SC000722,Small Claims,Disposed (Statistical Purposes),20210402,20210621
18,82962625,"Midland Credit Management, Inc.",2159SC000226,Small Claims,Disposed (Statistical Purposes),20210308,20211207
19,82962822,"Midland Credit Management, Inc.",2167SC000256-EF,Small Claims,Disposed (Statistical Purposes),20210503,20211214
20,82966358,"Midland Credit Management, Inc.",2056SC001112,Small Claims,Disposed (Statistical Purposes),20200707,20211008
21,82967513,"Midland Credit Management, Inc.",2056SC001107,Small Claims,Disposed (Statistical Purposes),20200707,20211008
22,82968996,"Midland Credit Management, Inc.",2144SC000787,Small Claims,Open,20210906,20210906
23,82969772,"Midland Credit Management, Inc.",2123SC000689,Small Claims,Open,20210316,20210316
24,82970632,"Midland Credit Management, Inc.",2133SC000721,Small Claims,Open,20210402,20210402
25,82972501,"Midland Credit Management, Inc.",2057SC000132,Small Claims,Disposed (Statistical Purposes),20200206,20200529
26,82974120,"Midland Credit Management, Inc.",2056SC001105,Small Claims,Disposed (Statistical Purposes),20200707,20211008
27,82974773,"Midland Credit Management, Inc.",2056SC001113,Small Claims,Disposed (Statistical Purposes),20200707,20211008
28,82976219,"Midland Credit Management, Inc.",2156SC003116,Small Claims,Open,20211130,20211130
29,82977336,"Midland Credit Management, Inc.",2056SC001114,Small Claims,Disposed (Statistical Purposes),20200707,20211008
30,82979119,"Midland Credit Management, Inc.",2156SC003117,Small Claims,Open,20211130,20211130
31,82979910,"Midland Credit Management, Inc.",2056SC001091,Small Claims,Open,20200707,20200707
32,82981458,"Midland Credit Management, Inc.",2056SC001115,Small Claims,Disposed (Statistical Purposes),20200707,20210910
33,82983468,"Midland Credit Management, Inc.",2056SC001124,Small Claims,Disposed (Statistical Purposes),20200708,20210827
34,82984403,"Midland Credit Management, Inc.",2056SC001089,Small Claims,Disposed (Statistical Purposes),20200707,20211001
35,82984511,"Midland Credit Management, Inc.",2144SC000788,Small Claims,Open,20210907,20210907
36,82990860,"Midland Credit Management, Inc.",2128SC000010-EF,Small Claims,Disposed (Statistical Purposes),20210114,20210304
37,82991638,"Midland Credit Management, Inc.",2133SC002363,Small Claims,Open,20211015,20211015
38,82992108,"Midland Credit Management, Inc.",2056SC001106,Small Claims,Open,20200707,20200707
39,82992521,"Midland Credit Management, Inc.",2056SC001090,Small Claims,Disposed (Statistical Purposes),20200707,20211001
40,82994170,"Midland Credit Management, Inc.",2144SC000805,Small Claims,Open,20210909,20210909
41,82994173,"Midland Credit Management, Inc.",2056SC001111,Small Claims,Disposed (Statistical Purposes),20200707,20211008
42,82994328,"Midland Credit Management, Inc.",2056SC001070,Small Claims,Disposed (Statistical Purposes),20200707,20210924
43,82995024,"Midland Credit Management, Inc.",2056SC001123,Small Claims,Disposed (Statistical Purposes),20200708,20210827
44,82996577,"Midland Credit Management, Inc.",2133SC002362,Small Claims,Open,20211015,20211015
45,83001077,"Midland Credit Management, Inc.",2128SC000012EF,Small Claims,Disposed (Statistical Purposes),20210119,20210304
46,83002571,"Midland Credit Management, Inc.",2057SC000001,Small Claims,Disposed (Statistical Purposes),20200102,20201204
47,83006944,"Midland Credit Management, Inc.",2031SC000253,Small Claims,Covid 19 XXX Notice Issued,20200203,20210304
48,83007183,"Midland Credit Management, Inc.",2031SC000267,Small Claims,Disposed (Statistical Purposes),20200203,20200312
49,83009978,"Midland Credit Management, Inc.",2031SC000265,Small Claims,Disposed (Statistical Purposes),20200203,20200227
0,83011787,"Midland Credit Management, Inc.",2027SC000146,Small Claims,Disposed (Statistical Purposes),20200211,20210430
1,83011800,"Midland Credit Management, Inc.",2031SC000277,Small Claims,Disposed (Statistical Purposes),20200203,20210819
2,83012722,"Midland Credit Management, Inc.",2031SC000284,Small Claims,Disposed (Statistical Purposes),20200203,20210819
3,83013548,"Midland Credit Management, Inc.",2043SC000605,Small Claims,Disposed (Statistical Purposes),20201016,20210324
4,83013932,"Midland Credit Management, Inc.",2031SC000258,Small Claims,Disposed (Statistical Purposes),20200203,20210820
5,83015157,"Midland Credit Management, Inc.",2031SC000249,Small Claims,Disposed (Statistical Purposes),20200203,20210820
6,83015725,"Midland Credit Management, Inc.",2043SC000604,Small Claims,Disposed (Statistical Purposes),20201016,20210324
7,83016294,"Midland Credit Management, Inc.",2043SC000606,Small Claims,Disposed (Statistical Purposes),20201016,20210324
8,83017135,"Midland Credit Management, Inc.",2027SC000145,Small Claims,Disposed (Statistical Purposes),20200211,20200310
9,83017714,"Midland Credit Management, Inc.",2031SC000250,Small Claims,Disposed (Statistical Purposes),20200203,20210819
10,83017774,"Midland Credit Management, Inc.",2027SC000143,Small Claims,Suspended Covid 19 extended,20200211,20200626
11,83018320,"Midland Credit Management, Inc.",2031SC000269,Small Claims,Disposed (Statistical Purposes),20200203,20210820
12,83019845,"Midland Credit Management, Inc.",2031SC000266,Small Claims,Disposed (Statistical Purposes),20200203,20210812
13,83021238,"Midland Credit Management, Inc.",2031SC000260,Small Claims,Covid 19 XXX Notice Issued,20200203,20210401
14,83022949,"Midland Credit Management, Inc.",2031SC000257,Small Claims,Disposed (Statistical Purposes),20200203,20210820
15,83023144,"Midland Credit Management, Inc.",2031SC000286,Small Claims,Disposed (Statistical Purposes),20200203,20210225
16,83023477,"Midland Credit Management, Inc.",2031SC000256,Small Claims,Disposed (Statistical Purposes),20200203,20210820
17,83024845,"Midland Credit Management, Inc.",2031SC000283,Small Claims,Covid 19 XXX Notice Issued,20200203,20201222
18,83025194,"Midland Credit Management, Inc.",2031SC000270,Small Claims,Disposed (Statistical Purposes),20200203,20210812
19,83026329,"Midland Credit Management, Inc.",2031SC000251,Small Claims,Covid 19 XXX Notice Issued,20200203,20200930
20,83027588,"Midland Credit Management, Inc.",2133SC002528,Small Claims,Open,20211019,20211019
21,83028304,"Midland Credit Management, Inc.",2031SC000273,Small Claims,Covid 19 XXX Notice Issued,20200203,20210304
22,83028708,"Midland Credit Management, Inc.",2133SC002546,Small Claims,Open,20211020,20211020
23,83029064,"Midland Credit Management, Inc.",2031SC000274,Small Claims,Covid 19 XXX Notice Issued,20200203,20200702
24,83029990,"Midland Credit Management, Inc.",2031SC000285,Small Claims,Disposed (Statistical Purposes),20200203,20200302
25,83030547,"Midland Credit Management, Inc.",2031SC000262,Small Claims,Disposed (Statistical Purposes),20200203,20211025
26,83031035,"Midland Credit Management, Inc.",2023SC000587,Small Claims,Disposed (Statistical Purposes),20200207,20210331
27,83031176,"Midland Credit Management, Inc.",2133SC000849,Small Claims,Open,20210409,20210409
28,83031277,"Midland Credit Management, Inc.",2023SC000583,Small Claims,Disposed (Statistical Purposes),20200207,20210723
29,83031378,"Midland Credit Management, Inc.",2056SC001144,Small Claims,Open,20200713,20200713
30,83032738,"Midland Credit Management, Inc.",2133SC002527,Small Claims,Open,20211019,20211019
31,83032857,"Midland Credit Management, Inc.",2043SC000618,Small Claims,Disposed (Statistical Purposes),20201022,20210324
32,83032983,"Midland Credit Management, Inc.",2133SC002536,Small Claims,Open,20211020,20211020
33,83033024,"Midland Credit Management, Inc.",2043SC000619,Small Claims,Disposed (Statistical Purposes),20201022,20210324
34,83033361,"Midland Credit Management, Inc.",2031SC000282,Small Claims,Disposed (Statistical Purposes),20200203,20200302
35,83034347,"Midland Credit Management, Inc.",2031SC000268,Small Claims,Covid 19 XXX Notice Issued,20200203,20210401
36,83034436,"Midland Credit Management, Inc.",2128SC000021EF,Small Claims,Disposed (Statistical Purposes),20210202,20210401
37,83034727,"Midland Credit Management, Inc.",2133SC002529,Small Claims,Open,20211019,20211019
38,83035510,"Midland Credit Management, Inc.",2031SC000252,Small Claims,Disposed (Statistical Purposes),20200203,20210820
39,83035770,"Midland Credit Management, Inc.",2031SC000278,Small Claims,Disposed (Statistical Purposes),20200203,20200302
40,83035901,"Midland Credit Management, Inc.",2043CV000186,Civil,Disposed (Statistical Purposes),20201023,20210511
41,83036136,"Midland Credit Management, Inc.",2043SC000614,Small Claims,Open,20201023,20201023
42,83036145,"Midland Credit Management, Inc.",2031SC000248,Small Claims,Disposed (Statistical Purposes),20200203,20210812
43,83036318,"Midland Credit Management, Inc.",2043SC000615,Small Claims,Disposed (Statistical Purposes),20201023,20210324
44,83038409,"Midland Credit Management, Inc.",2133SC002588,Small Claims,Open,20211022,20211022
45,83038533,"Midland Credit Management, Inc.",2133SC002585,Small Claims,Open,20211022,20211022
46,83038603,"Midland Credit Management, Inc.",2133SC002586,Small Claims,Open,20211022,20211022
47,83041106,"Midland Credit Management, Inc.",2133SC002571,Small Claims,Open,20211021,20211021
48,83041278,"Midland Credit Management, Inc.",2133SC002589,Small Claims,Open,20211022,20211022
49,83043137,"Midland Credit Management, Inc.",2043SC000651,Small Claims,Disposed (Statistical Purposes),20201028,20210428
0,83043724,"Midland Credit Management, Inc.",2133SC002567,Small Claims,Open,20211021,20211021
1,83043928,"Midland Credit Management, Inc.",2133SC002587,Small Claims,Open,20211022,20211022
2,83047212,"Midland Credit Management, Inc.",2128SC000023,Small Claims,Disposed (Statistical Purposes),20210208,20210315
3,83047351,"Midland Credit Management, Inc.",2043SC000628,Small Claims,Disposed (Statistical Purposes),20201028,20210324
4,83052213,"Midland Credit Management, Inc.",2031SC000348,Small Claims,Disposed (Statistical Purposes),20200207,20210819
5,83054237,"Midland Credit Management, Inc.",1965SC000649,Small Claims,Disposed (Statistical Purposes),20191202,20210127
6,83057227,"Midland Credit Management, Inc.",2056SC001169,Small Claims,Open,20200722,20200722
7,83060504,"Midland Credit Management, Inc.",2043SC000636,Small Claims,Disposed (Statistical Purposes),20201030,20210324
8,83064391,"Midland Credit Management, Inc.",2031SC000343,Small Claims,Open,20200207,20200207
9,83065738,"Midland Credit Management, Inc.",2031SC000345,Small Claims,Disposed (Statistical Purposes),20200207,20200917
10,83069969,"Midland Credit Management, Inc.",2133SC002611,Small Claims,Open,20211025,20211025
11,83072220,"Midland Credit Management, Inc.",2133SC002615,Small Claims,Open,20211025,20211025
12,83072800,"Midland Credit Management, Inc.",2133SC002620,Small Claims,Open,20211025,20211025
13,83074111,"Midland Credit Management, Inc.",2133SC002607,Small Claims,Open,20211025,20211025
14,83074472,"Midland Credit Management, Inc.",2133SC002606,Small Claims,Open,20211025,20211025
15,83076003,"Midland Credit Management, Inc.",2133SC002610,Small Claims,Open,20211026,20211026
16,83077237,"Midland Credit Management, Inc.",2133SC002601,Small Claims,Open,20211025,20211025
17,83079689,"Midland Credit Management, Inc.",2031SC000357,Small Claims,Disposed (Statistical Purposes),20200210,20210824
18,83080124,"Midland Credit Management, Inc.",2031SC000361,Small Claims,Disposed (Statistical Purposes),20200210,20210826
19,83080683,"Midland Credit Management, Inc.",2133SC002608,Small Claims,Open,20211025,20211025
20,83084711,"Midland Credit Management, Inc.",2043SC000648,Small Claims,Disposed (Statistical Purposes),20201102,20210428
21,83084752,"Midland Credit Management, Inc.",2031SC000360,Small Claims,Disposed (Statistical Purposes),20200210,20210826
22,83085432,"Midland Credit Management, Inc.",2133SC002613,Small Claims,Open,20211025,20211025
23,83086819,"Midland Credit Management, Inc.",2133SC002609,Small Claims,Open,20211025,20211025
24,83092918,"Midland Credit Management, Inc.",2133SC002602,Small Claims,Open,20211025,20211025
25,83093673,"Midland Credit Management, Inc.",2133SC002626,Small Claims,Open,20211025,20211025
26,83093920,"Midland Credit Management, Inc.",2031SC000356,Small Claims,Disposed (Statistical Purposes),20200210,20210826
27,83094389,"Midland Credit Management, Inc.",2133SC002621,Small Claims,Open,20211025,20211025
28,83098333,"Midland Credit Management, Inc.",2133SC002622,Small Claims,Open,20211025,20211025
29,83100348,"Midland Credit Management, Inc.",2133SC002614,Small Claims,Open,20211025,20211025
30,83103408,"Midland Credit Management, Inc.",2059SC001073,Small Claims,Disposed (Statistical Purposes),20201201,20211116
31,83105352,"Midland Credit Management, Inc.",2059SC001075,Small Claims,Disposed (Statistical Purposes),20201201,20211116
32,83106200,"Midland Credit Management, Inc.",2133SC002612,Small Claims,Open,20211025,20211025
33,83107300,"Midland Credit Management, Inc.",2133SC002623,Small Claims,Open,20211025,20211025
34,83113505,"Midland Credit Management, Inc.",2043SC000641,Small Claims,Disposed (Statistical Purposes),20201105,20210324
35,83115646,"Midland Credit Management, Inc.",2123SC000978,Small Claims,Open,20210405,20210405
36,83115794,"Midland Credit Management, Inc.",2144SC000029,Small Claims,Open,20210119,20210119
37,83116681,"Midland Credit Management, Inc.",2131SC000510,Small Claims,Disposed (Statistical Purposes),20210401,20210604
38,83116825,"Midland Credit Management, Inc.",2131SC000522,Small Claims,Disposed (Statistical Purposes),20210402,20210610
39,83117406,"Midland Credit Management, Inc.",2131SC000512,Small Claims,Disposed (Statistical Purposes),20210401,20210604
40,83118191,"Midland Credit Management, Inc.",2133SC002629,Small Claims,Open,20211028,20211028
41,83118451,"Midland Credit Management, Inc.",2131SC000520,Small Claims,Disposed (Statistical Purposes),20210402,20210610
42,83118942,"Midland Credit Management, Inc.",2133SC002638,Small Claims,Open,20211027,20211027
43,83119139,"Midland Credit Management, Inc.",2133SC002628,Small Claims,Open,20211028,20211028
44,83119399,"Midland Credit Management, Inc.",2131SC000521,Small Claims,Disposed (Statistical Purposes),20210402,20210706
45,83119620,"Midland Credit Management, Inc.",2133SC002631,Small Claims,Open,20211028,20211028
46,83120542,"Midland Credit Management, Inc.",2133SC002630,Small Claims,Closed,20211028,20211116
47,83121045,"Midland Credit Management, Inc.",2133SC002651,Small Claims,Open,20211028,20211028
48,83122748,"Midland Credit Management, Inc.",2133SC000930,Small Claims,Closed,20210420,20210730
49,83124202,"Midland Credit Management, Inc.",2133SC002639,Small Claims,Open,20211027,20211027
0,83125620,"Midland Credit Management, Inc.",2133SC000924,Small Claims,Open,20210420,20210421
1,83128821,"Midland Credit Management, Inc.",2133SC000931,Small Claims,Open,20210420,20210420
2,83129302,"Midland Credit Management, Inc.",2133SC000932,Small Claims,Open,20210420,20210420
3,83146486,"Midland Credit Management, Inc.",2160SC000231,Small Claims,Open,20210329,20210329
4,83148426,"Midland Credit Management, Inc.",2162SC000046-EF,Small Claims,Disposed (Statistical Purposes),20210111,20210914
5,83150837,"Midland Credit Management, Inc.",2162SC000043-EF,Small Claims,Disposed (Statistical Purposes),20210111,20210914
6,83151665,"Midland Credit Management, Inc.",2133SC002682,Small Claims,Open,20211029,20211029
7,83153012,"Midland Credit Management, Inc.",2133SC000928,Small Claims,Open,20210421,20210421
8,83153588,"Midland Credit Management, Inc.",2133SC000915,Small Claims,Open,20210421,20210421
9,83154212,"Midland Credit Management, Inc.",2133SC000916,Small Claims,Closed,20210421,20210706
10,83154493,"Midland Credit Management, Inc.",2133SC000918,Small Claims,Open,20210421,20210421
11,83157410,"Midland Credit Management, Inc.",2133SC000917,Small Claims,Open,20210421,20210421
12,83160538,"Midland Credit Management, Inc.",2133SC000920,Small Claims,Open,20210421,20210421
13,83169408,"Midland Credit Management, Inc.",2043SC000653,Small Claims,Disposed (Statistical Purposes),20201112,20210414
14,83169943,"Midland Credit Management, Inc.",2043SC000652,Small Claims,Disposed (Statistical Purposes),20201112,20210414
15,83169970,"Midland Credit Management, Inc.",2133SC002697,Small Claims,Open,20211101,20211101
16,83171350,"Midland Credit Management, Inc.",2061SC000001,Small Claims,Disposed (Statistical Purposes),20200102,20201027
17,83172767,"Midland Credit Management, Inc.",2156SC003299,Small Claims,Open,20211221,20211221
18,83172906,"Midland Credit Management, Inc.",2133SC002662,Small Claims,Open,20211101,20211101
19,83173552,"Midland Credit Management, Inc.",2133SC002696,Small Claims,Open,20211101,20211101
20,83173759,"Midland Credit Management, Inc.",2133SC002661,Small Claims,Disposed (Statistical Purposes),20211101,20220204
21,83174796,"Midland Credit Management, Inc.",2133SC002698,Small Claims,Open,20211101,20211101
22,83175528,"Midland Credit Management, Inc.",2133SC002660,Small Claims,Open,20211101,20211101
23,83180845,"Midland Credit Management, Inc.",2056SC001257,Small Claims,Disposed (Statistical Purposes),20200729,20211015
24,83181349,"Midland Credit Management, Inc.",2133SC000953,Small Claims,Disposed (Statistical Purposes),20210426,20210510
25,83183338,"Midland Credit Management, Inc.",2133SC000954,Small Claims,Open,20210426,20210426
26,83183348,"Midland Credit Management, Inc.",2056SC001265,Small Claims,Open,20200729,20200729
27,83183507,"Midland Credit Management, Inc.",2133SC000952,Small Claims,Open,20210426,20210426
28,83183660,"Midland Credit Management, Inc.",2133SC000951,Small Claims,Open,20210426,20210426
29,83184091,"Midland Credit Management, Inc.",2156SC003325,Small Claims,Open,20211222,20211222
30,83184386,"Midland Credit Management, Inc.",2133SC000957,Small Claims,Open,20210426,20210426
31,83186034,"Midland Credit Management, Inc.",2056SC001266,Small Claims,Closed,20200729,20210910
32,83189753,"Midland Credit Management, Inc.",2133SC000962,Small Claims,Open,20210427,20210427
33,83189925,"Midland Credit Management, Inc.",2133SC000967,Small Claims,Open,20210427,20210427
34,83190777,"Midland Credit Management, Inc.",2133SC000963,Small Claims,Open,20210427,20210427
35,83191003,"Midland Credit Management, Inc.",2133SC000961,Small Claims,Open,20210427,20210427
36,83191274,"Midland Credit Management, Inc.",2042SC000238,Small Claims,Disposed (Statistical Purposes),20201209,20210427
37,83191856,"Midland Credit Management, Inc.",2133SC000968,Small Claims,Disposed (Statistical Purposes),20210427,20220110
38,83191876,"Midland Credit Management, Inc.",2133SC000966,Small Claims,Open,20210427,20210427
39,83192161,"Midland Credit Management, Inc.",2133SC000964,Small Claims,Open,20210427,20210427
40,83193909,"Midland Credit Management, Inc.",2042SC000241,Small Claims,Open,20201211,20201211
41,83194008,"Midland Credit Management, Inc.",2042SC000240,Small Claims,Open,20201211,20201211
42,83194214,"Midland Credit Management, Inc.",2042SC000239,Small Claims,Open,20201210,20201210
43,83194898,"Midland Credit Management, Inc.",2159SC000281,Small Claims,Disposed (Statistical Purposes),20210323,20211207
44,83195057,"Midland Credit Management, Inc.",2160SC001132,Small Claims,Open,20211126,20211126
45,83196434,"Midland Credit Management, Inc.",2159SC000306,Small Claims,Disposed (Statistical Purposes),20210322,20211207
46,83196666,"Midland Credit Management, Inc.",2159SC000302,Small Claims,Open,20210323,20210323
47,83197397,"Midland Credit Management, Inc.",2023SC002660,Small Claims,Open,20201030,20201030
48,83197942,"Midland Credit Management, Inc.",2133SC000981,Small Claims,Open,20210429,20210429
49,83198266,"Midland Credit Management, Inc.",2156SC003341,Small Claims,Open,20211227,20211227
0,83198667,"Midland Credit Management, Inc.",2133SC000994,Small Claims,Open,20210430,20210430
1,83199057,"Midland Credit Management, Inc.",2133SC000992,Small Claims,Open,20210430,20210430
2,83199191,"Midland Credit Management, Inc.",2059SC000356,Small Claims,Suspended-Notices sent Covid-19,20200302,20200401
3,83199561,"Midland Credit Management, Inc.",2042SC000242,Small Claims,Open,20201214,20201214
4,83199637,"Midland Credit Management, Inc.",2156SC003340,Small Claims,Open,20211227,20211227
5,83200034,"Midland Credit Management, Inc.",2131SC000612,Small Claims,Disposed (Statistical Purposes),20210426,20210610
6,83200496,"Midland Credit Management, Inc.",2131SC000619,Small Claims,Disposed (Statistical Purposes),20210426,20210610
7,83200988,"Midland Credit Management, Inc.",2156SC003344,Small Claims,Open,20211227,20211227
8,83201364,"Midland Credit Management, Inc.",2070SC000215,Small Claims,Disposed (Statistical Purposes),20201204,20211025
9,83201925,"Midland Credit Management, Inc.",2156SC003342,Small Claims,Open,20211227,20211227
10,83202514,"Midland Credit Management, Inc.",2156SC003346,Small Claims,Open,20211227,20211227
11,83202630,"Midland Credit Management, Inc.",2156SC003343,Small Claims,Open,20211227,20211227
12,83204551,"Midland Credit Management, Inc.",2133SC002775,Small Claims,Open,20211108,20211108
13,83211933,"Midland Credit Management, Inc.",2086SC000332,Small Claims,Disposed (Statistical Purposes),20200901,20211122
14,83213567,"Midland Credit Management, Inc.",2156SC003373,Small Claims,Open,20211230,20211230
15,83213777,"Midland Credit Management, Inc.",2086SC000341,Small Claims,Disposed (Statistical Purposes),20200904,20211129
16,83214961,"Midland Credit Management, Inc.",2156SC003372,Small Claims,Open,20211230,20211230
17,83216363,"Midland Credit Management, Inc.",2059SC000376,Small Claims,Suspended-Notices sent Covid-19,20200305,20200401
18,83216588,"Midland Credit Management, Inc.",2156SC003375,Small Claims,Open,20211230,20211230
19,83218889,"Midland Credit Management, Inc.",2156SC003374,Small Claims,Open,20211230,20211230
20,83219114,"Midland Credit Management, Inc.",2042SC000250,Small Claims,Open,20201230,20201230
21,83220085,"Midland Credit Management, Inc.",2059SC000398,Small Claims,Open,20200309,20200309
22,83220243,"Midland Credit Management, Inc.",2059SC000395,Small Claims,Open,20200309,20200309
23,83220844,"Midland Credit Management, Inc.",2059SC000400,Small Claims,Open,20200309,20200309
24,83224177,"Midland Credit Management, Inc.",2133SC002882,Small Claims,Open,20211115,20211115
25,83224610,"Midland Credit Management, Inc.",2142SC000001,Small Claims,Disposed (Statistical Purposes),20210105,20210408
26,83226056,"Midland Credit Management, Inc.",2059SC000406,Small Claims,Disposed (Statistical Purposes),20200309,20200804
27,83226830,"Midland Credit Management, Inc.",2059SC000407,Small Claims,Open,20200309,20200309
28,83227822,"Midland Credit Management, Inc.",2256SC000002,Small Claims,Open,20220103,20220103
29,83230299,"Midland Credit Management, Inc.",2062SC000009,Small Claims,Disposed (Statistical Purposes),20200102,20210422
30,83231344,"Midland Credit Management, Inc.",2062SC000011,Small Claims,Disposed (Statistical Purposes),20200102,20200623
31,83232073,"Midland Credit Management, Inc.",2133SC001070,Small Claims,Open,20210510,20210510
32,83232346,"Midland Credit Management, Inc.",2133SC001069,Small Claims,Open,20210510,20210510
33,83232724,"Midland Credit Management, Inc.",2133SC001068,Small Claims,Open,20210510,20210510
34,83233217,"Midland Credit Management, Inc.",2062SC000007,Small Claims,Suspended Covid 19 extended,20200102,20200628
35,83233264,"Midland Credit Management, Inc.",2133SC001067,Small Claims,Open,20210510,20210510
36,83233330,"Midland Credit Management, Inc.",2133SC001066,Small Claims,Open,20210510,20210510
37,83233451,"Midland Credit Management, Inc.",2062SC000008,Small Claims,Disposed (Statistical Purposes),20200102,20210422
38,83235463,"Midland Credit Management, Inc.",2086SC000350,Small Claims,Disposed (Statistical Purposes),20200915,20211129
39,83239008,"Midland Credit Management, Inc.",2256SC000030,Small Claims,Open,20220105,20220105
40,83240051,"Midland Credit Management, Inc.",2122SC000477EF,Small Claims,Open,20210816,20210816
41,83242556,"Midland Credit Management, Inc.",2122SC000478EF,Small Claims,Open,20210817,20210817
42,83243563,"Midland Credit Management, Inc.",2122SC000476EF,Small Claims,Open,20210816,20210816
43,83249222,"Midland Credit Management, Inc.",2133SC001102,Small Claims,Disposed (Statistical Purposes),20210514,20210603
44,83251016,"Midland Credit Management, Inc.",2059SC000436,Small Claims,Disposed (Statistical Purposes),20200313,20210917
45,83252533,"Midland Credit Management, Inc.",2133SC001100,Small Claims,Open,20210514,20210514
46,83255296,"Midland Credit Management, Inc.",2142SC000013,Small Claims,Disposed (Statistical Purposes),20210122,20210910
47,83255667,"Midland Credit Management, Inc.",2142SC000012,Small Claims,Open,20210121,20210121
48,83256522,"Midland Credit Management, Inc.",2142SC000011,Small Claims,Open,20210121,20210121
49,83258153,"Midland Credit Management, Inc.",2086SC000360,Small Claims,Disposed (Statistical Purposes),20200925,20211206
0,83266309,"Midland Credit Management, Inc.",2086SC000365,Small Claims,Disposed (Statistical Purposes),20200928,20211206
1,83266416,"Midland Credit Management, Inc.",2086SC000361,Small Claims,Disposed (Statistical Purposes),20200928,20211206
2,83270672,"Midland Credit Management, Inc.",2142SC000014,Small Claims,Open,20210127,20210127
3,83276163,"Midland Credit Management, Inc.",2122SC000482EF,Small Claims,Open,20210830,20210830
4,83277353,"Midland Credit Management, Inc.",2122SC000483EF,Small Claims,Open,20210830,20210830
5,83290892,"Midland Credit Management, Inc.",2060SC000834,Small Claims,Open,20201229,20201229
6,83292550,"Midland Credit Management, Inc.",2053SC000925,Small Claims,Disposed (Statistical Purposes),20201116,20210610
7,83297281,"Midland Credit Management, Inc.",2165CV000157,Civil,Open,20210921,20210921
8,83317342,"Midland Credit Management, Inc.",2159SC001256,Small Claims,Open,20211014,20211014
9,83324013,"Midland Credit Management, Inc.",2262SC000148-EF,Small Claims,Open,20220127,20220127
10,83328337,"Midland Credit Management, Inc.",1943SC001100,Small Claims,Disposed (Statistical Purposes),20191211,20201202
11,83328393,"Midland Credit Management, Inc.",2165SC000628-EF,Small Claims,Open,20211103,20211103
12,83328687,"Midland Credit Management, Inc.",2165SC000627-EF,Small Claims,Open,20211103,20211103
13,83330848,"Midland Credit Management, Inc.",2053SC001023,Small Claims,Disposed (Statistical Purposes),20201222,20210609
14,83338379,"Midland Credit Management, Inc.",2062SC000191,Small Claims,Disposed (Statistical Purposes),20200121,20210330
15,83364515,"Midland Credit Management, Inc.",2057SC000618,Small Claims,Disposed (Statistical Purposes),20201028,20210423
16,83369584,"Midland Credit Management, Inc.",2062SC000233,Small Claims,Disposed (Statistical Purposes),20200123,20210525
17,83401726,"Midland Credit Management, Inc.",2062SC000311,Small Claims,Disposed (Statistical Purposes),20200130,20210601
18,83411744,"Midland Credit Management, Inc.",2065SC000140,Small Claims,Disposed (Statistical Purposes),20200306,20210308
19,83415494,"Midland Credit Management, Inc.",2062SC000391,Small Claims,Disposed (Statistical Purposes),20200203,20210427
20,83419307,"Midland Credit Management, Inc.",2062SC000389,Small Claims,Disposed (Statistical Purposes),20200203,20210427
21,83419768,"Midland Credit Management, Inc.",2062SC000384,Small Claims,Disposed (Statistical Purposes),20200203,20210302
22,83424695,"Midland Credit Management, Inc.",2062SC000392,Small Claims,Disposed (Statistical Purposes),20200203,20210629
23,83426834,"Midland Credit Management, Inc.",2062SC000390,Small Claims,Disposed (Statistical Purposes),20200203,20211119
24,83429745,"Midland Credit Management, Inc.",2062SC000393,Small Claims,Disposed (Statistical Purposes),20200203,20210525
25,83468918,"Midland Credit Management, Inc.",2102SC000418,Small Claims,Open,20210611,20210611
26,83470064,"Midland Credit Management, Inc.",2102SC000387,Small Claims,Open,20210611,20210611
27,83470192,"Midland Credit Management, Inc.",2102SC000382,Small Claims,Open,20210611,20210611
28,83470329,"Midland Credit Management, Inc.",2102SC000421,Small Claims,Open,20210611,20210611
29,83470369,"Midland Credit Management, Inc.",2102SC000389,Small Claims,Open,20210611,20210611
30,83470635,"Midland Credit Management, Inc.",2102SC000395,Small Claims,Open,20210611,20210611
31,83470949,"Midland Credit Management, Inc.",2102SC000406,Small Claims,Open,20210611,20210611
32,83470973,"Midland Credit Management, Inc.",2102SC000388,Small Claims,Open,20210611,20210611
33,83471190,"Midland Credit Management, Inc.",2102SC000386,Small Claims,Open,20210611,20210611
34,83471464,"Midland Credit Management, Inc.",2102SC000394,Small Claims,Open,20210611,20210611
35,83472317,"Midland Credit Management, Inc.",2102SC000408,Small Claims,Open,20210611,20210611
36,83473080,"Midland Credit Management, Inc.",2102SC000383,Small Claims,Open,20210611,20210611
37,83473285,"Midland Credit Management, Inc.",2102SC000381,Small Claims,Open,20210611,20210611
38,83473629,"Midland Credit Management, Inc.",2102SC000422,Small Claims,Open,20210611,20210611
39,83473885,"Midland Credit Management, Inc.",2102SC000419,Small Claims,Open,20210611,20210611
40,83474089,"Midland Credit Management, Inc.",2102SC000420,Small Claims,Open,20210611,20210611
41,83474149,"Midland Credit Management, Inc.",2102SC000416,Small Claims,Open,20210611,20210611
42,83474197,"Midland Credit Management, Inc.",2102SC000397,Small Claims,Open,20210611,20210611
43,83474395,"Midland Credit Management, Inc.",2102SC000423,Small Claims,Open,20210611,20210611
44,83474457,"Midland Credit Management, Inc.",2102SC000417,Small Claims,Open,20210611,20210611
45,83474783,"Midland Credit Management, Inc.",2102SC000396,Small Claims,Open,20210611,20210611
46,83475439,"Midland Credit Management, Inc.",2102SC000384,Small Claims,Open,20210611,20210611
47,83476507,"Midland Credit Management, Inc.",2102SC000385,Small Claims,Disposed (Statistical Purposes),20210611,20210722
48,83481389,"Midland Credit Management, Inc.",2102SC000462,Small Claims,Open,20210614,20210614
49,83482398,"Midland Credit Management, Inc.",2102SC000473,Small Claims,Open,20210614,20210614
0,83484089,"Midland Credit Management, Inc.",2102SC000440,Small Claims,Disposed (Statistical Purposes),20210614,20210811
1,83484172,"Midland Credit Management, Inc.",2102SC000471,Small Claims,Open,20210614,20210614
2,83488428,"Midland Credit Management, Inc.",2102SC000457,Small Claims,Open,20210614,20210614
3,83488563,"Midland Credit Management, Inc.",2102SC000460,Small Claims,Open,20210614,20210614
4,83490465,"Midland Credit Management, Inc.",2102SC000472,Small Claims,Open,20210614,20210614
5,83493097,"Midland Credit Management, Inc.",2102SC000444,Small Claims,Open,20210614,20210614
6,83493357,"Midland Credit Management, Inc.",2102SC000476,Small Claims,Open,20210614,20210614
7,83496155,"Midland Credit Management, Inc.",2102SC000475,Small Claims,Open,20210614,20210614
8,83519253,"Midland Credit Management, Inc.",2023SC000439,Small Claims,Disposed (Statistical Purposes),20200203,20210709
9,83520068,"Midland Credit Management, Inc.",2023SC000372,Small Claims,Disposed (Statistical Purposes),20200203,20210702
10,83521877,"Midland Credit Management, Inc.",2023SC000376,Small Claims,Disposed (Statistical Purposes),20200203,20211216
11,83523415,"Midland Credit Management, Inc.",2023SC000397,Small Claims,Disposed (Statistical Purposes),20200203,20210805
12,83523598,"Midland Credit Management, Inc.",2023SC000380,Small Claims,Disposed (Statistical Purposes),20200203,20210709
13,83523686,"Midland Credit Management, Inc.",2023SC000427,Small Claims,Disposed (Statistical Purposes),20200203,20200316
14,83524241,"Midland Credit Management, Inc.",2023SC000438,Small Claims,Disposed (Statistical Purposes),20200203,20210709
15,83524805,"Midland Credit Management, Inc.",2023SC000374,Small Claims,Disposed (Statistical Purposes),20200203,20210702
16,83526456,"Midland Credit Management, Inc.",2023SC000401,Small Claims,Disposed (Statistical Purposes),20200203,20210409
17,83527471,"Midland Credit Management, Inc.",2023SC000394,Small Claims,Disposed (Statistical Purposes),20200203,20211119
18,83528159,"Midland Credit Management, Inc.",2023SC000384,Small Claims,Open,20200203,20200203
19,83530227,"Midland Credit Management, Inc.",2102SC000550EF,Small Claims,Open,20210628,20210628
20,83530435,"Midland Credit Management, Inc.",2102SC000551EF,Small Claims,Open,20210628,20210628
21,83530694,"Midland Credit Management, Inc.",2102SC000552EF,Small Claims,Open,20210628,20210628
22,83537925,"Midland Credit Management, Inc.",2102SC000557EF,Small Claims,Disposed (Statistical Purposes),20210630,20210910
23,83538522,"Midland Credit Management, Inc.",2102SC000567,Small Claims,Open,20210630,20210630
24,83538562,"Midland Credit Management, Inc.",2102SC000566,Small Claims,Open,20210630,20210630
25,83538728,"Midland Credit Management, Inc.",2102SC000568,Small Claims,Open,20210630,20210630
26,83538928,"Midland Credit Management, Inc.",2102SC000559,Small Claims,Open,20210630,20210630
27,83539124,"Midland Credit Management, Inc.",2102SC000561,Small Claims,Open,20210630,20210630
28,83539273,"Midland Credit Management, Inc.",2102SC000560,Small Claims,Open,20210630,20210630
29,83539439,"Midland Credit Management, Inc.",2102SC000565,Small Claims,Open,20210630,20210630
30,83549290,"Midland Credit Management, Inc.",2102SC000577,Small Claims,Open,20210706,20210706
31,83550133,"Midland Credit Management, Inc.",2102SC000579,Small Claims,Open,20210706,20210706
32,83550712,"Midland Credit Management, Inc.",2102SC000581,Small Claims,Open,20210706,20210706
33,83550961,"Midland Credit Management, Inc.",2102SC000580,Small Claims,Open,20210706,20210706
34,83554902,"Midland Credit Management, Inc.",2023SC000504,Small Claims,Disposed (Statistical Purposes),20200204,20200313
35,83558448,"Midland Credit Management, Inc.",2023SC000506,Small Claims,Disposed (Statistical Purposes),20200204,20210709
36,83564455,"Midland Credit Management, Inc.",2023SC000580,Small Claims,Disposed (Statistical Purposes),20200207,20210723
37,83576749,"Midland Credit Management, Inc.",2102SC000617EF,Small Claims,Open,20210716,20210716
38,83577062,"Midland Credit Management, Inc.",2102SC000618EF,Small Claims,Open,20210716,20210716
39,83583028,"Midland Credit Management, Inc.",2102SC000619EF,Small Claims,Disposed (Statistical Purposes),20210719,20220124
40,83597681,"Midland Credit Management, Inc.",2102SC000648,Small Claims,Open,20210727,20210727
41,83599808,"Midland Credit Management, Inc.",2102SC000664EF,Small Claims,Open,20210728,20210728
42,83600055,"Midland Credit Management, Inc.",2102SC000665EF,Small Claims,Open,20210728,20210728
43,83607483,"Midland Credit Management, Inc.",2102SC000670EF,Small Claims,Open,20210729,20210729
44,83624401,"Midland Credit Management, Inc.",2102SC000688EF,Small Claims,Open,20210809,20210809
45,83627603,"Midland Credit Management, Inc.",2102SC000697EF,Small Claims,Open,20210811,20210811
46,83627644,"Midland Credit Management, Inc.",2102SC000689EF,Small Claims,Disposed (Statistical Purposes),20210810,20211108
47,83627812,"Midland Credit Management, Inc.",2102SC000693EF,Small Claims,Open,20210811,20210811
48,83653412,"Midland Credit Management, Inc.",2103SC000106,Small Claims,Disposed (Statistical Purposes),20210525,20210706
49,83654514,"Midland Credit Management, Inc.",2103SC000107,Small Claims,Open,20210525,20210525
0,83676699,"Midland Credit Management, Inc.",2103SC000112,Small Claims,Disposed (Statistical Purposes),20210602,20211021
1,83709548,"Midland Credit Management, Inc.",2105SC000344,Small Claims,Open,20210623,20210623
2,83740885,"Midland Credit Management, Inc.",2105SC000356,Small Claims,Open,20210628,20210628
3,83778638,"Midland Credit Management, Inc.",2108SC000120,Small Claims,Open,20210517,20210517
4,83813807,"Midland Credit Management, Inc.",1962SC003505,Small Claims,Disposed (Statistical Purposes),20191230,20210414
5,83816318,"Midland Credit Management, Inc.",2062SC000010,Small Claims,Disposed (Statistical Purposes),20200102,20210422
6,83834898,"Midland Credit Management, Inc.",2105SC000399,Small Claims,Open,20210716,20210716
7,83866126,"Midland Credit Management, Inc.",2106SC000953EF,Small Claims,Open,20210729,20210729
8,83869586,"Midland Credit Management, Inc.",2105SC000420,Small Claims,Disposed (Statistical Purposes),20210723,20220208
9,83896466,"Midland Credit Management, Inc.",2105SC000421,Small Claims,Open,20210728,20210728
10,83899786,"Midland Credit Management, Inc.",2105SC000427,Small Claims,Open,20210728,20210728
11,83934050,"Midland Credit Management, Inc.",2105SC000435,Small Claims,Open,20210802,20210802
12,83985417,"Midland Credit Management, Inc.",2105SC000447,Small Claims,Open,20210810,20210810
13,84020952,"Midland Credit Management, Inc.",2103SC000155,Small Claims,Open,20210727,20210727
14,84025499,"Midland Credit Management, Inc.",2102SC000182EF,Small Claims,Open,20210518,20210518
15,84026088,"Midland Credit Management, Inc.",2102SC000181EF,Small Claims,Disposed (Statistical Purposes),20210518,20220119
16,84120287,"Midland Credit Management, Inc.",2106SC001019EF,Small Claims,Open,20210810,20210810
17,84131268,"Midland Credit Management, Inc.",2106SC001018EF,Small Claims,Open,20210810,20210810
18,84135998,"Midland Credit Management, Inc.",2102SC000234,Small Claims,Disposed (Statistical Purposes),20210604,20220202
19,84145370,"Midland Credit Management, Inc.",2102SC000248,Small Claims,Disposed (Statistical Purposes),20210604,20220209
20,84149789,"Midland Credit Management, Inc.",2102SC000236,Small Claims,Disposed (Statistical Purposes),20210604,20220210
21,84154019,"Midland Credit Management, Inc.",2102SC000252,Small Claims,Disposed (Statistical Purposes),20210604,20211105
22,84154875,"Midland Credit Management, Inc.",2102SC000237,Small Claims,Disposed (Statistical Purposes),20210604,20220209
23,84156540,"Midland Credit Management, Inc.",2102SC000249,Small Claims,Disposed (Statistical Purposes),20210604,20220209
24,84157860,"Midland Credit Management, Inc.",2102SC000235,Small Claims,Disposed (Statistical Purposes),20210604,20211112
25,84169301,"Midland Credit Management, Inc.",2102SC000287,Small Claims,Disposed (Statistical Purposes),20210608,20220216
26,84170465,"Midland Credit Management, Inc.",2102SC000260,Small Claims,Disposed (Statistical Purposes),20210607,20220209
27,84170792,"Midland Credit Management, Inc.",2158SC000781,Small Claims,Open,20211203,20211203
28,84171888,"Midland Credit Management, Inc.",2102SC000276,Small Claims,Disposed (Statistical Purposes),20210607,20220216
29,84174169,"Midland Credit Management, Inc.",2102SC000259,Small Claims,Disposed (Statistical Purposes),20210607,20220209
30,84174333,"Midland Credit Management, Inc.",2102SC000295,Small Claims,Open,20210608,20210608
31,84174584,"Midland Credit Management, Inc.",2102SC000296,Small Claims,Open,20210608,20210608
32,84176791,"Midland Credit Management, Inc.",2102SC000291,Small Claims,Open,20210608,20210608
33,84182082,"Midland Credit Management, Inc.",2102SC000288,Small Claims,Disposed (Statistical Purposes),20210608,20220216
34,84183248,"Midland Credit Management, Inc.",2102SC000268,Small Claims,Disposed (Statistical Purposes),20210607,20220216
35,84191631,"Midland Credit Management, Inc.",2102SC000338,Small Claims,Open,20210610,20210610
36,84192057,"Midland Credit Management, Inc.",2102SC000339,Small Claims,Open,20210610,20210610
37,84193425,"Midland Credit Management, Inc.",2102SC000368,Small Claims,Open,20210610,20210610
38,84193631,"Midland Credit Management, Inc.",2102SC000334,Small Claims,Open,20210610,20210610
39,84197130,"Midland Credit Management, Inc.",2102SC000347,Small Claims,Open,20210610,20210610
40,84198197,"Midland Credit Management, Inc.",2102SC000333,Small Claims,Open,20210610,20210610
41,84198397,"Midland Credit Management, Inc.",2102SC000355,Small Claims,Open,20210610,20210610
42,84201094,"Midland Credit Management, Inc.",2102SC000375,Small Claims,Open,20210610,20210610
43,84201972,"Midland Credit Management, Inc.",2106SC000574EF,Small Claims,Disposed (Statistical Purposes),20210518,20220131
44,84202378,"Midland Credit Management, Inc.",2161SC000636,Small Claims,Disposed (Statistical Purposes),20210827,20211214
45,84202650,"Midland Credit Management, Inc.",2102SC000359,Small Claims,Disposed (Statistical Purposes),20210610,20220113
46,84202936,"Midland Credit Management, Inc.",2161SC000635,Small Claims,Disposed (Statistical Purposes),20210827,20211214
47,84203096,"Midland Credit Management, Inc.",1949SC001193,Small Claims,Suspended Covid 19 extended,20191223,20200226
48,84203375,"Midland Credit Management, Inc.",2102SC000361,Small Claims,Open,20210610,20210610
49,84203508,"Midland Credit Management, Inc.",2102SC000364,Small Claims,Open,20210610,20210610
0,84203634,"Midland Credit Management, Inc.",2102SC000362,Small Claims,Open,20210610,20210610
1,84204043,"Midland Credit Management, Inc.",2102SC000357,Small Claims,Open,20210610,20210610
2,84204317,"Midland Credit Management, Inc.",2102SC000328,Small Claims,Disposed (Statistical Purposes),20210610,20211027
3,84205336,"Midland Credit Management, Inc.",2050SC001282,Small Claims,Disposed (Statistical Purposes),20200828,20210330
4,84205374,"Midland Credit Management, Inc.",1949SC001197,Small Claims,Closed,20191223,20200304
5,84205962,"Midland Credit Management, Inc.",2050SC001279,Small Claims,Disposed (Statistical Purposes),20200828,20210527
6,84206061,"Midland Credit Management, Inc.",2102SC000360,Small Claims,Open,20210610,20210610
7,84207026,"Midland Credit Management, Inc.",2102SC000356,Small Claims,Open,20210610,20210610
8,84207590,"Midland Credit Management, Inc.",2102SC000369,Small Claims,Open,20210610,20210610
9,84207953,"Midland Credit Management, Inc.",1949SC001198,Small Claims,Suspended Covid 19 extended,20191223,20200304
10,84209093,"Midland Credit Management, Inc.",1949SC001194,Small Claims,Suspended Covid 19 extended,20191223,20200226
11,84209490,"Midland Credit Management, Inc.",2106SC000564EF,Small Claims,Disposed (Statistical Purposes),20210518,20210614
12,84210137,"Midland Credit Management, Inc.",2106SC000565EF,Small Claims,Disposed (Statistical Purposes),20210518,20220131
13,84211370,"Midland Credit Management, Inc.",2266CV000010,Civil,Open,20220113,20220113
14,84212238,"Midland Credit Management, Inc.",2050SC000791,Small Claims,Disposed (Statistical Purposes),20200514,20210813
15,84213512,"Midland Credit Management, Inc.",2088SC000054,Small Claims,Disposed (Statistical Purposes),20200708,20200917
16,84228428,"Midland Credit Management, Inc.",2106SC000584EF,Small Claims,Disposed (Statistical Purposes),20210521,20210624
17,84256807,"Midland Credit Management, Inc.",2101SC000595,Small Claims,Closed,20210521,20210902
18,84257703,"Midland Credit Management, Inc.",2101SC000576EF,Small Claims,Closed,20210521,20210902
19,84267547,"Midland Credit Management, Inc.",2101SC000575EF,Small Claims,Closed,20210521,20210907
20,84271841,"Midland Credit Management, Inc.",2159SC000376,Small Claims,Disposed (Statistical Purposes),20210405,20210923
21,84272583,"Midland Credit Management, Inc.",2023SC002731,Small Claims,Open,20201112,20201112
22,84273525,"Midland Credit Management, Inc.",2023SC002734,Small Claims,Open,20201112,20201112
23,84284572,"Midland Credit Management, Inc.",2106SC000618EF,Small Claims,Open,20210527,20210527
24,84302819,"Midland Credit Management, Inc.",2106SC000629EF,Small Claims,Open,20210528,20210528
25,84305216,"Midland Credit Management, Inc.",2165SC000486-EF,Small Claims,Open,20210823,20210823
26,84305910,"Midland Credit Management, Inc.",2165SC000484-EF,Small Claims,Open,20210823,20210823
27,84306532,"Midland Credit Management, Inc.",2165SC000485-EF,Small Claims,Open,20210823,20210823
28,84311260,"Midland Credit Management, Inc.",2167SC000104-EF,Small Claims,Disposed (Statistical Purposes),20210218,20210511
29,84315559,"Midland Credit Management, Inc.",2167SC000575-EF,Small Claims,Open,20210916,20210916
30,84316622,"Midland Credit Management, Inc.",2167SC000106-EF,Small Claims,Disposed (Statistical Purposes),20210222,20210511
31,84317322,"Midland Credit Management, Inc.",2101SC000596,Small Claims,Closed,20210524,20210816
32,84328502,"Midland Credit Management, Inc.",2101SC000597,Small Claims,Closed,20210524,20220126
33,84329046,"Midland Credit Management, Inc.",2101SC000600EF,Small Claims,Open,20210525,20210525
34,84332535,"Midland Credit Management, Inc.",2101CV000589,Civil,Open,20210524,20210524
35,84355089,"Midland Credit Management, Inc.",2101SC000612EF,Small Claims,Closed,20210527,20211018
36,84377924,"Midland Credit Management, Inc.",2101SC000635,Small Claims,Closed,20210601,20210922
37,84481562,"Midland Credit Management, Inc.",2101CV000898,Civil,Open,20210805,20210805
38,84483799,"Midland Credit Management, Inc.",2101SC000903,Small Claims,Closed,20210804,20211202
39,84486840,"Midland Credit Management, Inc.",2101SC000902,Small Claims,Closed,20210804,20211215
40,84487356,"Midland Credit Management, Inc.",2101SC000905,Small Claims,Closed,20210804,20211202
41,84501107,"Midland Credit Management, Inc.",2101SC000932,Small Claims,Open,20210809,20210809
42,84501498,"Midland Credit Management, Inc.",2101SC000933,Small Claims,Closed,20210809,20211216
43,84523369,"Midland Credit Management, Inc.",2134SC000320,Small Claims,Open,20210518,20210518
44,84523915,"Midland Credit Management, Inc.",2134SC000321,Small Claims,Open,20210518,20210518
45,84525096,"Midland Credit Management, Inc.",2148SC000367,Small Claims,Disposed (Statistical Purposes),20210629,20220110
46,84526283,"Midland Credit Management, Inc.",2148SC000369,Small Claims,Open,20210630,20210630
47,84526596,"Midland Credit Management, Inc.",2148SC000365,Small Claims,Disposed (Statistical Purposes),20210629,20211216
48,84531840,"Midland Credit Management, Inc.",2148SC000373,Small Claims,Disposed (Statistical Purposes),20210702,20211004
49,84533020,"Midland Credit Management, Inc.",2134SC000330,Small Claims,Open,20210521,20210521
0,84542498,"Midland Credit Management, Inc.",2148SC000377,Small Claims,Open,20210706,20210706
1,84542844,"Midland Credit Management, Inc.",2148SC000374,Small Claims,Open,20210706,20210706
2,84543672,"Midland Credit Management, Inc.",2148SC000378,Small Claims,Disposed (Statistical Purposes),20210706,20210825
3,84556647,"Midland Credit Management, Inc.",2148SC000386,Small Claims,Disposed (Statistical Purposes),20210712,20220110
4,84556683,"Midland Credit Management, Inc.",2134SC000339,Small Claims,Open,20210525,20210525
5,84556871,"Midland Credit Management, Inc.",2148SC000393,Small Claims,Disposed (Statistical Purposes),20210712,20220118
6,84557047,"Midland Credit Management, Inc.",2134SC000336,Small Claims,Open,20210524,20210524
7,84557107,"Midland Credit Management, Inc.",2134SC000340,Small Claims,Open,20210525,20210525
8,84557123,"Midland Credit Management, Inc.",2148SC000387,Small Claims,Disposed (Statistical Purposes),20210712,20220110
9,84557592,"Midland Credit Management, Inc.",2148CV000172,Civil,Open,20210712,20210712
10,84558086,"Midland Credit Management, Inc.",2148SC000389,Small Claims,Disposed (Statistical Purposes),20210712,20220110
11,84563118,"Midland Credit Management, Inc.",2134SC000347,Small Claims,Open,20210527,20210527
12,84564761,"Midland Credit Management, Inc.",2148SC000443,Small Claims,Open,20210728,20210728
13,84564838,"Midland Credit Management, Inc.",2148SC000437,Small Claims,Disposed (Statistical Purposes),20210728,20220127
14,84565260,"Midland Credit Management, Inc.",2148SC000441,Small Claims,Disposed (Statistical Purposes),20210728,20211025
15,84565520,"Midland Credit Management, Inc.",2134SC000349,Small Claims,Open,20210527,20210527
16,84566118,"Midland Credit Management, Inc.",2148SC000442,Small Claims,Disposed (Statistical Purposes),20210728,20220202
17,84566343,"Midland Credit Management, Inc.",2148SC000440,Small Claims,Disposed (Statistical Purposes),20210728,20220127
18,84566756,"Midland Credit Management, Inc.",2148SC000439,Small Claims,Disposed (Statistical Purposes),20210728,20220127
19,84592723,"Midland Credit Management, Inc.",2134SC000396,Small Claims,Open,20210602,20210602
20,84604410,"Midland Credit Management, Inc.",2148SC000401,Small Claims,Disposed (Statistical Purposes),20210719,20220118
21,84607983,"Midland Credit Management, Inc.",2134SC000438,Small Claims,Open,20210608,20210608
22,84613688,"Midland Credit Management, Inc.",2148SC000408,Small Claims,Open,20210722,20210722
23,84614207,"Midland Credit Management, Inc.",2148SC000406,Small Claims,Open,20210722,20210722
24,84614319,"Midland Credit Management, Inc.",2148SC000409,Small Claims,Open,20210722,20210722
25,84614425,"Midland Credit Management, Inc.",2148SC000411,Small Claims,Disposed (Statistical Purposes),20210722,20220118
26,84614556,"Midland Credit Management, Inc.",2148SC000407,Small Claims,Open,20210722,20210722
27,84622947,"Midland Credit Management, Inc.",2148SC000425,Small Claims,Open,20210726,20210726
28,84655812,"Midland Credit Management, Inc.",2134SC000688,Small Claims,Open,20210623,20210623
29,84660293,"Midland Credit Management, Inc.",2134SC000708,Small Claims,Open,20210625,20210625
30,84668826,"Midland Credit Management, Inc.",2134SC000709,Small Claims,Open,20210628,20210628
31,84670653,"Midland Credit Management, Inc.",2125SC000635,Small Claims,Open,20210616,20210616
32,84672239,"Midland Credit Management, Inc.",2134SC000710,Small Claims,Open,20210628,20210628
33,84678524,"Midland Credit Management, Inc.",2134SC000717,Small Claims,Open,20210630,20210630
34,84679804,"Midland Credit Management, Inc.",2134SC000716,Small Claims,Open,20210630,20210630
35,84680352,"Midland Credit Management, Inc.",2134SC000718,Small Claims,Open,20210630,20210630
36,84699064,"Midland Credit Management, Inc.",2125SC000666,Small Claims,Disposed (Statistical Purposes),20210623,20220111
37,84703313,"Midland Credit Management, Inc.",2125SC000667,Small Claims,Disposed (Statistical Purposes),20210623,20220111
38,84712597,"Midland Credit Management, Inc.",2125SC000677,Small Claims,Disposed (Statistical Purposes),20210625,20220111
39,84723982,"Midland Credit Management, Inc.",2125SC000684,Small Claims,Disposed (Statistical Purposes),20210628,20220125
40,84724361,"Midland Credit Management, Inc.",2125SC000680,Small Claims,Disposed (Statistical Purposes),20210628,20220111
41,84727219,"Midland Credit Management, Inc.",2125SC000681,Small Claims,Disposed (Statistical Purposes),20210628,20220111
42,84737522,"Midland Credit Management, Inc.",2134SC000789,Small Claims,Open,20210712,20210712
43,84743796,"Midland Credit Management, Inc.",2148SC000460,Small Claims,Disposed (Statistical Purposes),20210810,20220128
44,84753090,"Midland Credit Management, Inc.",2125SC000819,Small Claims,Open,20210722,20210722
45,84754892,"Midland Credit Management, Inc.",2134SC000803,Small Claims,Open,20210714,20210714
46,84755053,"Midland Credit Management, Inc.",2125SC000812,Small Claims,Disposed (Statistical Purposes),20210721,20220215
47,84775984,"Midland Credit Management, Inc.",2125SC000834,Small Claims,Open,20210726,20210726
48,84800354,"Midland Credit Management, Inc.",2125SC000515,Small Claims,Open,20210518,20210518
49,84819641,"Midland Credit Management, Inc.",2125SC000518,Small Claims,Disposed (Statistical Purposes),20210520,20210810
0,84822263,"Midland Credit Management, Inc.",2125SC000522,Small Claims,Disposed (Statistical Purposes),20210520,20210824
1,84845271,"Midland Credit Management, Inc.",2125SC000874,Small Claims,Open,20210802,20210802
2,84858138,"Midland Credit Management, Inc.",2125SC000537,Small Claims,Disposed (Statistical Purposes),20210524,20210817
3,84873934,"Midland Credit Management, Inc.",2134SC000860,Small Claims,Open,20210726,20210726
4,84875590,"Midland Credit Management, Inc.",2125SC000553,Small Claims,Disposed (Statistical Purposes),20210527,20210921
5,84894242,"Midland Credit Management, Inc.",2125SC000565,Small Claims,Disposed (Statistical Purposes),20210528,20211214
6,84894757,"Midland Credit Management, Inc.",2125SC000564,Small Claims,Disposed (Statistical Purposes),20210528,20211214
7,84938481,"Midland Credit Management, Inc.",2125SC000757,Small Claims,Disposed (Statistical Purposes),20210712,20220208
8,84944422,"Midland Credit Management, Inc.",2134SC000889,Small Claims,Open,20210802,20210802
9,84949224,"Midland Credit Management, Inc.",2134SC000888,Small Claims,Open,20210802,20210802
10,84957595,"Midland Credit Management, Inc.",2125SC000773,Small Claims,Disposed (Statistical Purposes),20210714,20220208
11,84957759,"Midland Credit Management, Inc.",2115SC001455,Small Claims,Open,20210621,20210621
12,84958338,"Midland Credit Management, Inc.",2125SC000760,Small Claims,Disposed (Statistical Purposes),20210713,20220208
13,84965455,"Midland Credit Management, Inc.",2115SC001403,Small Claims,Open,20210616,20210616
14,84965982,"Midland Credit Management, Inc.",2125SC000772,Small Claims,Disposed (Statistical Purposes),20210714,20220208
15,84967238,"Midland Credit Management, Inc.",2115SC001402,Small Claims,Open,20210616,20210616
16,84979831,"Midland Credit Management, Inc.",2115SC001400,Small Claims,Open,20210616,20210616
17,84999526,"Midland Credit Management, Inc.",2125SC000617,Small Claims,Disposed (Statistical Purposes),20210608,20220104
18,85021493,"Midland Credit Management, Inc.",2134SC000922,Small Claims,Open,20210809,20210809
19,85039537,"Midland Credit Management, Inc.",2134SC000924,Small Claims,Open,20210810,20210810
20,85040127,"Midland Credit Management, Inc.",2134SC000928,Small Claims,Open,20210810,20210810
21,85043309,"Midland Credit Management, Inc.",2134SC000927,Small Claims,Open,20210810,20210810
22,85047140,"Midland Credit Management, Inc.",2125SC000787,Small Claims,Open,20210719,20210719
23,85058490,"Midland Credit Management, Inc.",2125SC000789,Small Claims,Disposed (Statistical Purposes),20210719,20220215
24,85088271,"Midland Credit Management, Inc.",2115SC001522,Small Claims,Open,20210625,20210625
25,85090193,"Midland Credit Management, Inc.",2115SC001520,Small Claims,Open,20210625,20210625
26,85090425,"Midland Credit Management, Inc.",2115SC001523,Small Claims,Open,20210625,20210625
27,85090792,"Midland Credit Management, Inc.",2115SC001521,Small Claims,Open,20210625,20210625
28,85099561,"Midland Credit Management, Inc.",2115SC001557,Small Claims,Open,20210628,20210628
29,85101372,"Midland Credit Management, Inc.",2147SC000286,Small Claims,Open,20210809,20210809
30,85102375,"Midland Credit Management, Inc.",2115SC001535,Small Claims,Open,20210628,20210628
31,85104263,"Midland Credit Management, Inc.",2115SC001554,Small Claims,Open,20210628,20210628
32,85104690,"Midland Credit Management, Inc.",2147SC000294,Small Claims,Open,20210810,20210810
33,85105222,"Midland Credit Management, Inc.",2115SC001550,Small Claims,Open,20210628,20210628
34,85105831,"Midland Credit Management, Inc.",2115SC001556,Small Claims,Open,20210628,20210628
35,85106637,"Midland Credit Management, Inc.",2115SC001533,Small Claims,Open,20210628,20210628
36,85107069,"Midland Credit Management, Inc.",2147SC000289,Small Claims,Open,20210811,20210811
37,85107401,"Midland Credit Management, Inc.",2115SC001549,Small Claims,Open,20210628,20210628
38,85108003,"Midland Credit Management, Inc.",2115SC001534,Small Claims,Open,20210628,20210628
39,85108304,"Midland Credit Management, Inc.",2115SC001538,Small Claims,Open,20210628,20210628
40,85112131,"Midland Credit Management, Inc.",2115SC001553,Small Claims,Open,20210628,20210628
41,85112428,"Midland Credit Management, Inc.",2115SC001552,Small Claims,Open,20210628,20210628
42,85112946,"Midland Credit Management, Inc.",2148SC000291,Small Claims,Disposed (Statistical Purposes),20210524,20211119
43,85113757,"Midland Credit Management, Inc.",2148SC000294,Small Claims,Disposed (Statistical Purposes),20210524,20211119
44,85116488,"Midland Credit Management, Inc.",2115SC001555,Small Claims,Open,20210628,20210628
45,85117675,"Midland Credit Management, Inc.",2148SC000293,Small Claims,Disposed (Statistical Purposes),20210524,20211119
46,85117818,"Midland Credit Management, Inc.",2148SC000287,Small Claims,Open,20210524,20210524
47,85119157,"Midland Credit Management, Inc.",2148SC000288,Small Claims,Disposed (Statistical Purposes),20210524,20211119
48,85119654,"Midland Credit Management, Inc.",2148SC000292,Small Claims,Disposed (Statistical Purposes),20210524,20210917
49,85131186,"Midland Credit Management, Inc.",2115SC001573,Small Claims,Open,20210630,20210630
0,85132485,"Midland Credit Management, Inc.",2115SC001584,Small Claims,Disposed (Statistical Purposes),20210630,20220214
1,85141572,"Midland Credit Management, Inc.",2115SC001592,Small Claims,Open,20210630,20210630
2,85144603,"Midland Credit Management, Inc.",2115SC001576,Small Claims,Disposed (Statistical Purposes),20210630,20220214
3,85149568,"Midland Credit Management, Inc.",2115SC001575,Small Claims,Open,20210630,20210630
4,85149857,"Midland Credit Management, Inc.",2115SC001585,Small Claims,Open,20210630,20210630
5,85153675,"Midland Credit Management, Inc.",2115SC001586,Small Claims,Open,20210630,20210630
6,85156440,"Midland Credit Management, Inc.",2115SC001591,Small Claims,Open,20210630,20210630
7,85161145,"Midland Credit Management, Inc.",2115SC001577,Small Claims,Open,20210630,20210630
8,85167740,"Midland Credit Management, Inc.",2148SC000304,Small Claims,Disposed (Statistical Purposes),20210601,20211119
9,85168675,"Midland Credit Management, Inc.",2148SC000303,Small Claims,Disposed (Statistical Purposes),20210601,20211119
10,85175774,"Midland Credit Management, Inc.",2148SC000317,Small Claims,Disposed (Statistical Purposes),20210603,20211202
11,85178181,"Midland Credit Management, Inc.",2154SC000449,Small Claims,Open,20210623,20210623
12,85183858,"Midland Credit Management, Inc.",2154SC000459,Small Claims,Disposed (Statistical Purposes),20210628,20220215
13,85184677,"Midland Credit Management, Inc.",2154SC000463,Small Claims,Open,20210628,20210628
14,85185110,"Midland Credit Management, Inc.",2154SC000458,Small Claims,Open,20210628,20210628
15,85190318,"Midland Credit Management, Inc.",2154SC000467,Small Claims,Open,20210630,20210630
16,85191502,"Midland Credit Management, Inc.",2152SC000447,Small Claims,Disposed (Statistical Purposes),20210701,20220210
17,85191933,"Midland Credit Management, Inc.",2152SC000442,Small Claims,Open,20210630,20210630
18,85194412,"Midland Credit Management, Inc.",2154SC000465,Small Claims,Open,20210630,20210630
19,85194733,"Midland Credit Management, Inc.",2154SC000466,Small Claims,Open,20210630,20210630
20,85202256,"Midland Credit Management, Inc.",2164SC000543EF,Small Claims,Open,20210625,20210625
21,85206967,"Midland Credit Management, Inc.",2164SC000545EF,Small Claims,Open,20210628,20210628
22,85208865,"Midland Credit Management, Inc.",2164SC000547EF,Small Claims,Open,20210628,20210628
23,85209525,"Midland Credit Management, Inc.",2164SC000544EF,Small Claims,Open,20210628,20210628
24,85215209,"Midland Credit Management, Inc.",2148SC000327,Small Claims,Disposed (Statistical Purposes),20210614,20211209
25,85218495,"Midland Credit Management, Inc.",2154SC000503,Small Claims,Open,20210712,20210712
26,85220728,"Midland Credit Management, Inc.",2148SC000328,Small Claims,Open,20210614,20210614
27,85221679,"Midland Credit Management, Inc.",2154SC000512,Small Claims,Open,20210714,20210714
28,85222267,"Midland Credit Management, Inc.",2154SC000514,Small Claims,Open,20210714,20210714
29,85224811,"Midland Credit Management, Inc.",2164SC000693,Small Claims,Open,20210706,20210706
30,85226091,"Midland Credit Management, Inc.",2164SC000700,Small Claims,Open,20210706,20210706
31,85226253,"Midland Credit Management, Inc.",2164SC000524EF,Small Claims,Open,20210616,20210616
32,85226555,"Midland Credit Management, Inc.",2154SC000518,Small Claims,Open,20210719,20210719
33,85226861,"Midland Credit Management, Inc.",2164SC000686,Small Claims,Open,20210706,20210706
34,85227273,"Midland Credit Management, Inc.",2164SC000690,Small Claims,Open,20210706,20210706
35,85227357,"Midland Credit Management, Inc.",2164SC000689,Small Claims,Open,20210706,20210706
36,85227460,"Midland Credit Management, Inc.",2164SC000696,Small Claims,Open,20210706,20210706
37,85227709,"Midland Credit Management, Inc.",2164SC000695,Small Claims,Open,20210706,20210706
38,85228404,"Midland Credit Management, Inc.",2164SC000685,Small Claims,Open,20210706,20210706
39,85228455,"Midland Credit Management, Inc.",2164SC000688,Small Claims,Open,20210706,20210706
40,85229509,"Midland Credit Management, Inc.",2164SC000702,Small Claims,Open,20210706,20210706
41,85229944,"Midland Credit Management, Inc.",2164SC000692,Small Claims,Open,20210706,20210706
42,85230109,"Midland Credit Management, Inc.",2164SC000699,Small Claims,Open,20210706,20210706
43,85230141,"Midland Credit Management, Inc.",2164SC000697,Small Claims,Open,20210706,20210706
44,85230266,"Midland Credit Management, Inc.",2164SC000687,Small Claims,Open,20210706,20210706
45,85230738,"Midland Credit Management, Inc.",2164SC000682,Small Claims,Open,20210706,20210706
46,85230774,"Midland Credit Management, Inc.",2164SC000691,Small Claims,Open,20210706,20210706
47,85230866,"Midland Credit Management, Inc.",2164SC000684,Small Claims,Open,20210706,20210706
48,85230892,"Midland Credit Management, Inc.",2164SC000683,Small Claims,Open,20210706,20210706
49,85230920,"Midland Credit Management, Inc.",2164SC000701,Small Claims,Open,20210706,20210706
0,85231021,"Midland Credit Management, Inc.",2164SC000698,Small Claims,Open,20210706,20210706
1,85231163,"Midland Credit Management, Inc.",2164SC000681,Small Claims,Open,20210706,20210706
2,85231205,"Midland Credit Management, Inc.",2164SC000694,Small Claims,Open,20210706,20210706
3,85233792,"Midland Credit Management, Inc.",2164SC000705,Small Claims,Open,20210708,20210708
4,85234410,"Midland Credit Management, Inc.",2164SC000704,Small Claims,Open,20210708,20210708
5,85235039,"Midland Credit Management, Inc.",2154SC000537,Small Claims,Open,20210723,20210723
6,85237075,"Midland Credit Management, Inc.",2154SC000540,Small Claims,Open,20210726,20210726
7,85238590,"Midland Credit Management, Inc.",2154SC000541,Small Claims,Open,20210726,20210726
8,85242725,"Midland Credit Management, Inc.",2164SC000709,Small Claims,Open,20210713,20210713
9,85242961,"Midland Credit Management, Inc.",2164SC000710,Small Claims,Open,20210713,20210713
10,85243712,"Midland Credit Management, Inc.",2164SC000708,Small Claims,Open,20210713,20210713
11,85244052,"Midland Credit Management, Inc.",2164SC000654EF,Small Claims,Open,20210712,20210712
12,85244209,"Midland Credit Management, Inc.",2164SC000535EF,Small Claims,Open,20210621,20210621
13,85244962,"Midland Credit Management, Inc.",2164SC000707,Small Claims,Open,20210713,20210713
14,85246679,"Midland Credit Management, Inc.",2164SC000536EF,Small Claims,Open,20210621,20210621
15,85247638,"Midland Credit Management, Inc.",2154SC000553,Small Claims,Open,20210729,20210729
16,85257743,"Midland Credit Management, Inc.",2169SC000439,Small Claims,Open,20210713,20210713
17,85257950,"Midland Credit Management, Inc.",2169SC000437,Small Claims,Open,20210713,20210713
18,85264245,"Midland Credit Management, Inc.",2169SC000445,Small Claims,Open,20210714,20210714
19,85270592,"Midland Credit Management, Inc.",2164SC000676EF,Small Claims,Open,20210726,20210726
20,85274926,"Midland Credit Management, Inc.",2164SC000835,Small Claims,Open,20210728,20210728
21,85275287,"Midland Credit Management, Inc.",2169SC000457,Small Claims,Open,20210719,20210719
22,85275304,"Midland Credit Management, Inc.",2169SC000459,Small Claims,Open,20210719,20210719
23,85276004,"Midland Credit Management, Inc.",2164SC000833,Small Claims,Open,20210728,20210728
24,85276196,"Midland Credit Management, Inc.",2164SC000819,Small Claims,Open,20210728,20210728
25,85276708,"Midland Credit Management, Inc.",2164SC000827,Small Claims,Open,20210728,20210728
26,85277357,"Midland Credit Management, Inc.",2164CV000151,Civil,Disposed (Statistical Purposes),20210517,20220201
27,85277864,"Midland Credit Management, Inc.",2164SC000823,Small Claims,Open,20210728,20210728
28,85277906,"Midland Credit Management, Inc.",2164SC000820,Small Claims,Open,20210728,20210728
29,85277963,"Midland Credit Management, Inc.",2164SC000723EF,Small Claims,Open,20210728,20210728
30,85278129,"Midland Credit Management, Inc.",2164SC000821,Small Claims,Open,20210728,20210728
31,85278505,"Midland Credit Management, Inc.",2164SC000817,Small Claims,Open,20210728,20210728
32,85278643,"Midland Credit Management, Inc.",2198SC000278EF,Small Claims,Disposed (Statistical Purposes),20210521,20210723
33,85278764,"Midland Credit Management, Inc.",2164SC000834,Small Claims,Open,20210728,20210728
34,85279224,"Midland Credit Management, Inc.",2164SC000816,Small Claims,Open,20210728,20210728
35,85280007,"Midland Credit Management, Inc.",2164SC000818,Small Claims,Open,20210728,20210728
36,85280167,"Midland Credit Management, Inc.",2164SC000448EF,Small Claims,Disposed (Statistical Purposes),20210518,20220121
37,85280350,"Midland Credit Management, Inc.",2164SC000826,Small Claims,Open,20210728,20210728
38,85285445,"Midland Credit Management, Inc.",2164SC000725EF,Small Claims,Open,20210729,20210729
39,85286243,"Midland Credit Management, Inc.",2169SC000463,Small Claims,Open,20210723,20210723
40,85287395,"Midland Credit Management, Inc.",2169SC000464,Small Claims,Open,20210723,20210723
41,85294475,"Midland Credit Management, Inc.",2198SC000283EF,Small Claims,Disposed (Statistical Purposes),20210527,20210723
42,85294680,"Midland Credit Management, Inc.",2198SC000293EF,Small Claims,Disposed (Statistical Purposes),20210528,20210917
43,85294963,"Midland Credit Management, Inc.",2169SC000466,Small Claims,Open,20210726,20210726
44,85298765,"Midland Credit Management, Inc.",2164SC000489,Small Claims,Open,20210524,20210524
45,85298823,"Midland Credit Management, Inc.",2164SC000486,Small Claims,Open,20210524,20210524
46,85299045,"Midland Credit Management, Inc.",2164SC000490,Small Claims,Open,20210524,20210524
47,85299359,"Midland Credit Management, Inc.",2164SC000491,Small Claims,Open,20210524,20210524
48,85300068,"Midland Credit Management, Inc.",2164SC000492,Small Claims,Open,20210524,20210524
49,85300208,"Midland Credit Management, Inc.",2164SC000488,Small Claims,Open,20210524,20210524
0,85312718,"Midland Credit Management, Inc.",2164SC000503EF,Small Claims,Open,20210527,20210527
1,85313390,"Midland Credit Management, Inc.",2164SC000504EF,Small Claims,Open,20210527,20210527
2,85315418,"Midland Credit Management, Inc.",2164SC000739EF,Small Claims,Open,20210810,20210810
3,85316373,"Midland Credit Management, Inc.",2164SC000740EF,Small Claims,Open,20210810,20210810
4,85316502,"Midland Credit Management, Inc.",2164SC000737EF,Small Claims,Open,20210810,20210810
5,85316826,"Midland Credit Management, Inc.",2164SC000863,Small Claims,Open,20210810,20210810
6,85323444,"Midland Credit Management, Inc.",2169SC000501,Small Claims,Open,20210809,20210809
7,85324029,"Midland Credit Management, Inc.",2169SC000498,Small Claims,Open,20210809,20210809
8,85327544,"Midland Credit Management, Inc.",2148SC000364,Small Claims,Disposed (Statistical Purposes),20210628,20211216
9,85328878,"Midland Credit Management, Inc.",2148SC000363,Small Claims,Open,20210628,20210628
10,85329697,"Midland Credit Management, Inc.",2169SC000512,Small Claims,Open,20210811,20210811
11,85329755,"Midland Credit Management, Inc.",2169SC000513,Small Claims,Open,20210811,20210811
12,85329895,"Midland Credit Management, Inc.",2169CV000170,Civil,Open,20210810,20210810
13,85336922,"Midland Credit Management, Inc.",2169SC000272EF,Small Claims,Open,20210518,20210518
14,85336946,"Midland Credit Management, Inc.",2169SC000275EF,Small Claims,Open,20210518,20210518
15,85350013,"Midland Credit Management, Inc.",2198SC000345EF,Small Claims,Disposed (Statistical Purposes),20210621,20210921
16,85353729,"Midland Credit Management, Inc.",2169SC000310EF,Small Claims,Open,20210527,20210527
17,85362836,"Midland Credit Management, Inc.",2120SC000704,Small Claims,Open,20210809,20210809
18,85362949,"Midland Credit Management, Inc.",2120SC000705,Small Claims,Open,20210809,20210809
19,85363591,"Midland Credit Management, Inc.",2120SC000703,Small Claims,Open,20210809,20210809
20,85366649,"Midland Credit Management, Inc.",2198SC000361EF,Small Claims,Open,20210628,20210628
21,85367239,"Midland Credit Management, Inc.",2198SC000363EF,Small Claims,Disposed (Statistical Purposes),20210629,20210820
22,85368788,"Midland Credit Management, Inc.",2169SC000316EF,Small Claims,Open,20210602,20210602
23,85391389,"Midland Credit Management, Inc.",2169SC000367EF,Small Claims,Open,20210616,20210616
24,85391779,"Midland Credit Management, Inc.",2198SC000413EF,Small Claims,Disposed (Statistical Purposes),20210712,20210924
25,85400961,"Midland Credit Management, Inc.",2168SC000183,Small Claims,Disposed (Statistical Purposes),20210525,20210809
26,85403150,"Midland Credit Management, Inc.",2168SC000181EF,Small Claims,Disposed (Statistical Purposes),20210525,20210809
27,85407668,"Midland Credit Management, Inc.",2168SC000184,Small Claims,Disposed (Statistical Purposes),20210525,20211101
28,85408939,"Midland Credit Management, Inc.",2168SC000182EF,Small Claims,Disposed (Statistical Purposes),20210525,20211101
29,85411107,"Midland Credit Management, Inc.",2198SC000428EF,Small Claims,Disposed (Statistical Purposes),20210723,20210730
30,85411649,"Midland Credit Management, Inc.",2198SC000427EF,Small Claims,Disposed (Statistical Purposes),20210723,20210924
31,85413322,"Midland Credit Management, Inc.",2169SC000400,Small Claims,Open,20210625,20210625
32,85415996,"Midland Credit Management, Inc.",2169SC000405,Small Claims,Open,20210628,20210628
33,85416382,"Midland Credit Management, Inc.",2168SC000195,Small Claims,Disposed (Statistical Purposes),20210602,20210830
34,85417325,"Midland Credit Management, Inc.",2169SC000404,Small Claims,Open,20210628,20210628
35,85418001,"Midland Credit Management, Inc.",2168SC000197,Small Claims,Open,20210602,20210602
36,85418382,"Midland Credit Management, Inc.",2168SC000198,Small Claims,Disposed (Statistical Purposes),20210602,20210830
37,85419231,"Midland Credit Management, Inc.",2168SC000196,Small Claims,Disposed (Statistical Purposes),20210602,20211115
38,85424205,"Midland Credit Management, Inc.",2198SC000446EF,Small Claims,Disposed (Statistical Purposes),20210729,20211001
39,85424581,"Midland Credit Management, Inc.",2169SC000409,Small Claims,Open,20210630,20210630
40,85424898,"Midland Credit Management, Inc.",2168CV000100,Civil,Open,20210601,20210601
41,85432373,"Midland Credit Management, Inc.",2198SC000467EF,Small Claims,Disposed (Statistical Purposes),20210802,20211015
42,85443093,"Midland Credit Management, Inc.",2168SC000210EF,Small Claims,Disposed (Statistical Purposes),20210610,20210830
43,85444151,"Midland Credit Management, Inc.",2198SC000487EF,Small Claims,Open,20210810,20210810
44,85473927,"Midland Credit Management, Inc.",2168CV000121,Civil,Open,20210706,20210706
45,85477741,"Midland Credit Management, Inc.",2168SC000247,Small Claims,Disposed (Statistical Purposes),20210702,20210823
46,85491033,"Midland Credit Management, Inc.",2168SC000266,Small Claims,Disposed (Statistical Purposes),20210715,20211018
47,85492143,"Midland Credit Management, Inc.",2135SC000057,Small Claims,Disposed (Statistical Purposes),20210625,20211110
48,85492189,"Midland Credit Management, Inc.",2168SC000267,Small Claims,Disposed (Statistical Purposes),20210715,20211018
49,85503081,"Midland Credit Management, Inc.",2168SC000282,Small Claims,Disposed (Statistical Purposes),20210723,20211001
0,85503850,"Midland Credit Management, Inc.",2168SC000276,Small Claims,Disposed (Statistical Purposes),20210722,20211025
1,85504320,"Midland Credit Management, Inc.",2168SC000281,Small Claims,Open,20210723,20210723
2,85505628,"Midland Credit Management, Inc.",2168SC000272,Small Claims,Disposed (Statistical Purposes),20210722,20220214
3,85507973,"Midland Credit Management, Inc.",2168SC000285,Small Claims,Disposed (Statistical Purposes),20210727,20211026
4,85509541,"Midland Credit Management, Inc.",2168SC000286,Small Claims,Disposed (Statistical Purposes),20210727,20211025
5,85514449,"Midland Credit Management, Inc.",2168SC000292,Small Claims,Disposed (Statistical Purposes),20210729,20211101
6,85522700,"Midland Credit Management, Inc.",2168SC000297,Small Claims,Disposed (Statistical Purposes),20210803,20211025
7,85522873,"Midland Credit Management, Inc.",2168SC000294EF,Small Claims,Disposed (Statistical Purposes),20210802,20220216
8,85527354,"Midland Credit Management, Inc.",2168SC000303EF,Small Claims,Disposed (Statistical Purposes),20210809,20220216
9,85527421,"Midland Credit Management, Inc.",2168SC000302EF,Small Claims,Disposed (Statistical Purposes),20210809,20211101
10,85535094,"Midland Credit Management, Inc.",2135SC000068,Small Claims,Closed,20210810,20211110
11,85535271,"Midland Credit Management, Inc.",2135SC000067,Small Claims,Disposed (Statistical Purposes),20210809,20211110
12,85541253,"Midland Credit Management, Inc.",2132SC001056,Small Claims,Disposed (Statistical Purposes),20210517,20210824
13,85541623,"Midland Credit Management, Inc.",2132SC001055,Small Claims,Disposed (Statistical Purposes),20210517,20210824
14,85543130,"Midland Credit Management, Inc.",2132SC001057,Small Claims,Disposed (Statistical Purposes),20210517,20210824
15,85544689,"Midland Credit Management, Inc.",2132SC000576,Small Claims,Disposed (Statistical Purposes),20210518,20210809
16,85545929,"Midland Credit Management, Inc.",2147SC000164,Small Claims,Disposed (Statistical Purposes),20210517,20211117
17,85554081,"Midland Credit Management, Inc.",2132SC001090,Small Claims,Disposed (Statistical Purposes),20210521,20210825
18,85554457,"Midland Credit Management, Inc.",2132SC001091,Small Claims,Disposed (Statistical Purposes),20210521,20210824
19,85555106,"Midland Credit Management, Inc.",2132SC000645,Small Claims,Disposed (Statistical Purposes),20210521,20211004
20,85558028,"Midland Credit Management, Inc.",2147SC000189,Small Claims,Disposed (Statistical Purposes),20210525,20211228
21,85558563,"Midland Credit Management, Inc.",2147SC000190,Small Claims,Disposed (Statistical Purposes),20210525,20211228
22,85558999,"Midland Credit Management, Inc.",2132SC001089,Small Claims,Disposed (Statistical Purposes),20210521,20210825
23,85559876,"Midland Credit Management, Inc.",2132SC001082,Small Claims,Disposed (Statistical Purposes),20210521,20210825
24,85562226,"Midland Credit Management, Inc.",2132SC000627,Small Claims,Disposed (Statistical Purposes),20210520,20210721
25,85562339,"Midland Credit Management, Inc.",2132SC001088,Small Claims,Disposed (Statistical Purposes),20210521,20210825
26,85562400,"Midland Credit Management, Inc.",2132SC001087,Small Claims,Disposed (Statistical Purposes),20210521,20210825
27,85562770,"Midland Credit Management, Inc.",2147SC000194,Small Claims,Covid 19 XXX Notice Issued,20210601,20220104
28,85563951,"Midland Credit Management, Inc.",2147SC000196,Small Claims,Covid 19 XXX Notice Issued,20210601,20220104
29,85564218,"Midland Credit Management, Inc.",2147SC000193,Small Claims,Covid 19 XXX Notice Issued,20210601,20220104
30,85564246,"Midland Credit Management, Inc.",2132SC000644,Small Claims,Disposed (Statistical Purposes),20210521,20210810
31,85568450,"Midland Credit Management, Inc.",2132SC001108,Small Claims,Disposed (Statistical Purposes),20210524,20210825
32,85569270,"Midland Credit Management, Inc.",2132SC001099,Small Claims,Disposed (Statistical Purposes),20210524,20210825
33,85569320,"Midland Credit Management, Inc.",2132SC001098,Small Claims,Disposed (Statistical Purposes),20210524,20210825
34,85569546,"Midland Credit Management, Inc.",2132SC000658,Small Claims,Disposed (Statistical Purposes),20210525,20210817
35,85569654,"Midland Credit Management, Inc.",2132SC001100,Small Claims,Disposed (Statistical Purposes),20210524,20210825
36,85569738,"Midland Credit Management, Inc.",2132SC001104,Small Claims,Disposed (Statistical Purposes),20210524,20210825
37,85569783,"Midland Credit Management, Inc.",2132SC001106,Small Claims,Disposed (Statistical Purposes),20210524,20210825
38,85569829,"Midland Credit Management, Inc.",2132SC000664,Small Claims,Disposed (Statistical Purposes),20210524,20210809
39,85569882,"Midland Credit Management, Inc.",2132SC001103,Small Claims,Disposed (Statistical Purposes),20210524,20210825
40,85570083,"Midland Credit Management, Inc.",2132SC001101,Small Claims,Disposed (Statistical Purposes),20210524,20210825
41,85570858,"Midland Credit Management, Inc.",2147SC000231,Small Claims,Disposed (Statistical Purposes),20210602,20220215
42,85575646,"Midland Credit Management, Inc.",2132SC000674,Small Claims,Disposed (Statistical Purposes),20210527,20210811
43,85575712,"Midland Credit Management, Inc.",2132SC000679,Small Claims,Disposed (Statistical Purposes),20210528,20210811
44,85575840,"Midland Credit Management, Inc.",2147SC000234,Small Claims,Disposed (Statistical Purposes),20210604,20220215
45,85576193,"Midland Credit Management, Inc.",2132SC000676,Small Claims,Open,20210527,20210527
46,85577487,"Midland Credit Management, Inc.",2132SC001124,Small Claims,Disposed (Statistical Purposes),20210527,20210825
47,85585398,"Midland Credit Management, Inc.",2132SC001122,Small Claims,Disposed (Statistical Purposes),20210527,20210825
48,85585996,"Midland Credit Management, Inc.",2132SC001125,Small Claims,Disposed (Statistical Purposes),20210527,20210825
49,85587760,"Midland Credit Management, Inc.",2132SC001123,Small Claims,Disposed (Statistical Purposes),20210527,20210825
0,85588165,"Midland Credit Management, Inc.",2132SC000675,Small Claims,Disposed (Statistical Purposes),20210527,20210817
1,85597312,"Midland Credit Management, Inc.",2132SC001210,Small Claims,Disposed (Statistical Purposes),20210601,20210827
2,85597893,"Midland Credit Management, Inc.",2132SC001176,Small Claims,Disposed (Statistical Purposes),20210601,20210901
3,85598060,"Midland Credit Management, Inc.",2132SC001212,Small Claims,Disposed (Statistical Purposes),20210601,20210827
4,85598289,"Midland Credit Management, Inc.",2132SC001189,Small Claims,Disposed (Statistical Purposes),20210601,20211129
5,85601940,"Midland Credit Management, Inc.",2132SC001208,Small Claims,Disposed (Statistical Purposes),20210601,20210827
6,85602510,"Midland Credit Management, Inc.",2132SC001177,Small Claims,Disposed (Statistical Purposes),20210601,20210909
7,85602624,"Midland Credit Management, Inc.",2132SC001175,Small Claims,Disposed (Statistical Purposes),20210601,20210826
8,85602952,"Midland Credit Management, Inc.",2132SC001187,Small Claims,Disposed (Statistical Purposes),20210601,20210827
9,85603321,"Midland Credit Management, Inc.",2132SC001211,Small Claims,Disposed (Statistical Purposes),20210601,20210827
10,85603850,"Midland Credit Management, Inc.",2132SC001180,Small Claims,Disposed (Statistical Purposes),20210601,20210901
11,85604766,"Midland Credit Management, Inc.",2132SC001193,Small Claims,Disposed (Statistical Purposes),20210601,20210827
12,85605081,"Midland Credit Management, Inc.",2132SC001178,Small Claims,Disposed (Statistical Purposes),20210601,20210901
13,85605298,"Midland Credit Management, Inc.",2132SC001204,Small Claims,Disposed (Statistical Purposes),20210601,20210827
14,85605926,"Midland Credit Management, Inc.",2147SC000244,Small Claims,Disposed (Statistical Purposes),20210623,20211202
15,85606516,"Midland Credit Management, Inc.",2132SC001209,Small Claims,Disposed (Statistical Purposes),20210601,20210827
16,85607065,"Midland Credit Management, Inc.",2132SC001191,Small Claims,Disposed (Statistical Purposes),20210601,20210827
17,85608561,"Midland Credit Management, Inc.",2132SC001203,Small Claims,Disposed (Statistical Purposes),20210601,20210827
18,85608844,"Midland Credit Management, Inc.",2132SC001186,Small Claims,Disposed (Statistical Purposes),20210601,20210827
19,85609070,"Midland Credit Management, Inc.",2132SC001206,Small Claims,Disposed (Statistical Purposes),20210601,20210826
20,85609244,"Midland Credit Management, Inc.",2132SC001183,Small Claims,Disposed (Statistical Purposes),20210601,20210901
21,85609340,"Midland Credit Management, Inc.",2132SC001190,Small Claims,Disposed (Statistical Purposes),20210601,20210827
22,85609416,"Midland Credit Management, Inc.",2132SC001179,Small Claims,Disposed (Statistical Purposes),20210601,20210827
23,85609565,"Midland Credit Management, Inc.",2132SC001205,Small Claims,Disposed (Statistical Purposes),20210601,20210827
24,85610038,"Midland Credit Management, Inc.",2132SC001181,Small Claims,Disposed (Statistical Purposes),20210601,20210901
25,85610287,"Midland Credit Management, Inc.",2132SC001207,Small Claims,Disposed (Statistical Purposes),20210601,20210914
26,85611689,"Midland Credit Management, Inc.",2147SC000219,Small Claims,Open,20210702,20210702
27,85612127,"Midland Credit Management, Inc.",2132SC001182,Small Claims,Open,20210601,20210601
28,85616142,"Midland Credit Management, Inc.",2132SC001232,Small Claims,Disposed (Statistical Purposes),20210603,20210903
29,85616917,"Midland Credit Management, Inc.",2147CV000143,Civil,Disposed (Statistical Purposes),20210706,20220107
30,85617143,"Midland Credit Management, Inc.",2147SC000220,Small Claims,Open,20210706,20210706
31,85617736,"Midland Credit Management, Inc.",2132SC001231,Small Claims,Disposed (Statistical Purposes),20210603,20210830
32,85619080,"Midland Credit Management, Inc.",2132SC001228,Small Claims,Disposed (Statistical Purposes),20210603,20210830
33,85621921,"Midland Credit Management, Inc.",2147SC000252,Small Claims,Disposed (Statistical Purposes),20210709,20220215
34,85621965,"Midland Credit Management, Inc.",2132SC000795,Small Claims,Disposed (Statistical Purposes),20210608,20210818
35,85629164,"Midland Credit Management, Inc.",2147SC000253,Small Claims,Disposed (Statistical Purposes),20210712,20220215
36,85634791,"Midland Credit Management, Inc.",2147SC000266,Small Claims,Open,20210721,20210721
37,85639122,"Midland Credit Management, Inc.",2147SC000274,Small Claims,Open,20210728,20210728
38,85655560,"Midland Credit Management, Inc.",2132SC000955,Small Claims,Disposed (Statistical Purposes),20210616,20210823
39,85665094,"Midland Credit Management, Inc.",2132CV000438,Civil,Open,20210621,20210621
40,85666014,"Midland Credit Management, Inc.",2132SC001073,Small Claims,Disposed (Statistical Purposes),20210623,20210824
41,85666204,"Midland Credit Management, Inc.",2132SC001072,Small Claims,Disposed (Statistical Purposes),20210623,20210824
42,85667887,"Midland Credit Management, Inc.",2132SC001114,Small Claims,Disposed (Statistical Purposes),20210625,20210825
43,85668616,"Midland Credit Management, Inc.",2132SC001157,Small Claims,Disposed (Statistical Purposes),20210628,20210826
44,85669202,"Midland Credit Management, Inc.",2132SC001113,Small Claims,Disposed (Statistical Purposes),20210625,20210825
45,85669310,"Midland Credit Management, Inc.",2132SC001112,Small Claims,Disposed (Statistical Purposes),20210625,20210825
46,85673822,"Midland Credit Management, Inc.",2150SC001534,Small Claims,Open,20210811,20210811
47,85686778,"Midland Credit Management, Inc.",2121SC000198,Small Claims,Open,20210603,20210603
48,85686887,"Midland Credit Management, Inc.",2121SC000197,Small Claims,Disposed (Statistical Purposes),20210603,20211005
49,85696406,"Midland Credit Management, Inc.",2121SC000276EF,Small Claims,Disposed (Statistical Purposes),20210623,20211019
0,85699354,"Midland Credit Management, Inc.",2121SC000279EF,Small Claims,Disposed (Statistical Purposes),20210628,20211019
1,85701003,"Midland Credit Management, Inc.",2121SC000320EF,Small Claims,Disposed (Statistical Purposes),20210629,20211102
2,85723063,"Midland Credit Management, Inc.",2188SC000061,Small Claims,Disposed (Statistical Purposes),20210708,20210826
3,85723064,"Midland Credit Management, Inc.",2188SC000061,Small Claims,Disposed (Statistical Purposes),20210708,20210826
4,85723280,"Midland Credit Management, Inc.",2188SC000062,Small Claims,Disposed (Statistical Purposes),20210708,20210826
5,85725180,"Midland Credit Management, Inc.",2112SC000220,Small Claims,Open,20210723,20210723
6,85725209,"Midland Credit Management, Inc.",2112SC000219,Small Claims,Open,20210723,20210723
7,85729257,"Midland Credit Management, Inc.",2188SC000068,Small Claims,Disposed (Statistical Purposes),20210719,20211116
8,85729692,"Midland Credit Management, Inc.",2188SC000067,Small Claims,Disposed (Statistical Purposes),20210719,20210909
9,85731503,"Midland Credit Management, Inc.",2112SC000238,Small Claims,Open,20210802,20210802
10,85732562,"Midland Credit Management, Inc.",2188SC000073,Small Claims,Disposed (Statistical Purposes),20210726,20211025
11,85737917,"Midland Credit Management, Inc.",2145SC000192,Small Claims,Disposed (Statistical Purposes),20210517,20211110
12,85739495,"Midland Credit Management, Inc.",2145SC000196,Small Claims,Disposed (Statistical Purposes),20210520,20211124
13,85739707,"Midland Credit Management, Inc.",2145SC000195,Small Claims,Disposed (Statistical Purposes),20210520,20211124
14,85743126,"Midland Credit Management, Inc.",2187SC000079,Small Claims,Disposed (Statistical Purposes),20210518,20210803
15,85743408,"Midland Credit Management, Inc.",2145SC000197,Small Claims,Disposed (Statistical Purposes),20210525,20211110
16,85743559,"Midland Credit Management, Inc.",2145SC000199,Small Claims,Open,20210525,20210525
17,85746126,"Midland Credit Management, Inc.",2145SC000209,Small Claims,Disposed (Statistical Purposes),20210602,20210716
18,85746600,"Midland Credit Management, Inc.",2145SC000204,Small Claims,Disposed (Statistical Purposes),20210602,20211124
19,85747475,"Midland Credit Management, Inc.",2187SC000089,Small Claims,Disposed (Statistical Purposes),20210521,20210825
20,85747590,"Midland Credit Management, Inc.",2187SC000091,Small Claims,Disposed (Statistical Purposes),20210521,20210825
21,85749553,"Midland Credit Management, Inc.",2187SC000094,Small Claims,Disposed (Statistical Purposes),20210526,20210825
22,85754357,"Midland Credit Management, Inc.",2145SC000235,Small Claims,Open,20210616,20210616
23,85757301,"Midland Credit Management, Inc.",2145SC000249,Small Claims,Disposed (Statistical Purposes),20210623,20211020
24,85757745,"Midland Credit Management, Inc.",2187SC000101,Small Claims,Open,20210608,20210608
25,85760996,"Midland Credit Management, Inc.",2145SC000261,Small Claims,Disposed (Statistical Purposes),20210629,20211229
26,85766251,"Midland Credit Management, Inc.",2128SC000235-EF,Small Claims,Disposed (Statistical Purposes),20210604,20210805
27,85766458,"Midland Credit Management, Inc.",2128SC000236-EF,Small Claims,Disposed (Statistical Purposes),20210604,20210805
28,85766689,"Midland Credit Management, Inc.",2128SC000237EF,Small Claims,Disposed (Statistical Purposes),20210604,20210805
29,85768109,"Midland Credit Management, Inc.",2128SC000234-EF,Small Claims,Disposed (Statistical Purposes),20210604,20210805
30,85770710,"Midland Credit Management, Inc.",2145SC000288,Small Claims,Disposed (Statistical Purposes),20210716,20220126
31,85772135,"Midland Credit Management, Inc.",2187SC000112EF,Small Claims,Disposed (Statistical Purposes),20210628,20210803
32,85773717,"Midland Credit Management, Inc.",2145SC000294,Small Claims,Disposed (Statistical Purposes),20210720,20211013
33,85778396,"Midland Credit Management, Inc.",2145SC000310,Small Claims,Disposed (Statistical Purposes),20210723,20211027
34,85781177,"Midland Credit Management, Inc.",2145SC000317,Small Claims,Open,20210726,20210726
35,85781500,"Midland Credit Management, Inc.",2145SC000314,Small Claims,Disposed (Statistical Purposes),20210726,20211027
36,85781759,"Midland Credit Management, Inc.",2145SC000313,Small Claims,Disposed (Statistical Purposes),20210726,20211027
37,85782463,"Midland Credit Management, Inc.",2145SC000319,Small Claims,Disposed (Statistical Purposes),20210727,20211110
38,85785116,"Midland Credit Management, Inc.",2128SC000266,Small Claims,Disposed (Statistical Purposes),20210624,20210819
39,85785631,"Midland Credit Management, Inc.",2145SC000324,Small Claims,Disposed (Statistical Purposes),20210728,20211108
40,85786490,"Midland Credit Management, Inc.",2145SC000330,Small Claims,Disposed (Statistical Purposes),20210729,20211117
41,85789051,"Midland Credit Management, Inc.",2145SC000341,Small Claims,Disposed (Statistical Purposes),20210802,20211117
42,85789147,"Midland Credit Management, Inc.",2145SC000340,Small Claims,Disposed (Statistical Purposes),20210802,20211117
43,85792430,"Midland Credit Management, Inc.",2128CV000061,Civil,Open,20210628,20210628
44,85796045,"Midland Credit Management, Inc.",2128SC000274-EF,Small Claims,Disposed (Statistical Purposes),20210630,20210902
45,85796273,"Midland Credit Management, Inc.",2128SC000271-EF,Small Claims,Disposed (Statistical Purposes),20210629,20210805
46,85797050,"Midland Credit Management, Inc.",2187SC000130,Small Claims,Disposed (Statistical Purposes),20210728,20220124
47,85797634,"Midland Credit Management, Inc.",2128SC000279,Small Claims,Disposed (Statistical Purposes),20210702,20210819
48,85797710,"Midland Credit Management, Inc.",2128SC000280,Small Claims,Disposed (Statistical Purposes),20210702,20210819
49,85797955,"Midland Credit Management, Inc.",2187SC000135,Small Claims,Closed,20210729,20220218
0,85802292,"Midland Credit Management, Inc.",2128SC000282,Small Claims,Disposed (Statistical Purposes),20210706,20210802
1,85802519,"Midland Credit Management, Inc.",2128SC000283,Small Claims,Disposed (Statistical Purposes),20210706,20210819
2,85802886,"Midland Credit Management, Inc.",2145SC000366,Small Claims,Disposed (Statistical Purposes),20210810,20211103
3,85811098,"Midland Credit Management, Inc.",2128SC000298,Small Claims,Disposed (Statistical Purposes),20210713,20210930
4,85811280,"Midland Credit Management, Inc.",2128SC000292,Small Claims,Disposed (Statistical Purposes),20210712,20210820
5,85816356,"Midland Credit Management, Inc.",2133SC001113,Small Claims,Open,20210517,20210517
6,85816460,"Midland Credit Management, Inc.",2128SC000208,Small Claims,Disposed (Statistical Purposes),20210524,20210715
7,85816570,"Midland Credit Management, Inc.",2133SC001125,Small Claims,Open,20210517,20210517
8,85817590,"Midland Credit Management, Inc.",2128SC000206,Small Claims,Disposed (Statistical Purposes),20210524,20210715
9,85817676,"Midland Credit Management, Inc.",2128SC000204,Small Claims,Disposed (Statistical Purposes),20210524,20210715
10,85818698,"Midland Credit Management, Inc.",2133SC001118,Small Claims,Open,20210517,20210517
11,85819506,"Midland Credit Management, Inc.",2128SC000215,Small Claims,Disposed (Statistical Purposes),20210526,20210722
12,85822321,"Midland Credit Management, Inc.",2133SC001138,Small Claims,Open,20210518,20210518
13,85822612,"Midland Credit Management, Inc.",2133SC001140,Small Claims,Open,20210518,20210518
14,85822795,"Midland Credit Management, Inc.",2133SC001139,Small Claims,Open,20210518,20210518
15,85823254,"Midland Credit Management, Inc.",2133SC001121,Small Claims,Open,20210518,20210518
16,85827311,"Midland Credit Management, Inc.",2128SC000330-EF,Small Claims,Disposed (Statistical Purposes),20210726,20210902
17,85828906,"Midland Credit Management, Inc.",2133SC001169,Small Claims,Open,20210521,20210521
18,85829025,"Midland Credit Management, Inc.",2128SC000338-EF,Small Claims,Disposed (Statistical Purposes),20210728,20210902
19,85829681,"Midland Credit Management, Inc.",2133SC001174,Small Claims,Open,20210521,20210521
20,85829697,"Midland Credit Management, Inc.",2128SC000336,Small Claims,Disposed (Statistical Purposes),20210728,20210902
21,85829900,"Midland Credit Management, Inc.",2133SC001155,Small Claims,Open,20210520,20210520
22,85830012,"Midland Credit Management, Inc.",2133SC001171,Small Claims,Open,20210521,20210521
23,85830112,"Midland Credit Management, Inc.",2133SC001162,Small Claims,Open,20210521,20210521
24,85830308,"Midland Credit Management, Inc.",2133SC001161,Small Claims,Open,20210521,20210521
25,85830805,"Midland Credit Management, Inc.",2133SC001170,Small Claims,Open,20210521,20210521
26,85832751,"Midland Credit Management, Inc.",2128SC000344-EF,Small Claims,Disposed (Statistical Purposes),20210802,20210902
27,85834342,"Midland Credit Management, Inc.",2133SC001179,Small Claims,Open,20210524,20210524
28,85834587,"Midland Credit Management, Inc.",2133SC001216,Small Claims,Open,20210524,20210524
29,85834734,"Midland Credit Management, Inc.",2133SC001184,Small Claims,Open,20210524,20210524
30,85835021,"Midland Credit Management, Inc.",2133SC001214,Small Claims,Open,20210524,20210524
31,85835096,"Midland Credit Management, Inc.",2133SC001187,Small Claims,Open,20210524,20210524
32,85835291,"Midland Credit Management, Inc.",2133SC001197,Small Claims,Open,20210525,20210525
33,85835394,"Midland Credit Management, Inc.",2133SC001218,Small Claims,Open,20210524,20210524
34,85835488,"Midland Credit Management, Inc.",2133SC001188,Small Claims,Open,20210524,20210524
35,85835554,"Midland Credit Management, Inc.",2133SC001191,Small Claims,Open,20210525,20210525
36,85835817,"Midland Credit Management, Inc.",2133SC001196,Small Claims,Open,20210525,20210525
37,85835858,"Midland Credit Management, Inc.",2133SC001193,Small Claims,Open,20210525,20210525
38,85835866,"Midland Credit Management, Inc.",2133SC001176,Small Claims,Open,20210524,20210524
39,85836012,"Midland Credit Management, Inc.",2133SC001183,Small Claims,Open,20210524,20210524
40,85836468,"Midland Credit Management, Inc.",2133SC001213,Small Claims,Open,20210524,20210524
41,85836522,"Midland Credit Management, Inc.",2133SC001177,Small Claims,Open,20210524,20210524
42,85836616,"Midland Credit Management, Inc.",2133SC001219,Small Claims,Open,20210524,20210524
43,85836672,"Midland Credit Management, Inc.",2133SC001195,Small Claims,Open,20210525,20210525
44,85836766,"Midland Credit Management, Inc.",2133SC001180,Small Claims,Open,20210524,20210524
45,85836881,"Midland Credit Management, Inc.",2133SC001217,Small Claims,Open,20210524,20210524
46,85836936,"Midland Credit Management, Inc.",2133SC001185,Small Claims,Open,20210524,20210524
47,85837800,"Midland Credit Management, Inc.",2133SC001192,Small Claims,Open,20210525,20210525
48,85837988,"Midland Credit Management, Inc.",2133SC001207,Small Claims,Open,20210526,20210526
49,85838791,"Midland Credit Management, Inc.",2128SC000359-EF,Small Claims,Disposed (Statistical Purposes),20210811,20211007
0,85838858,"Midland Credit Management, Inc.",2133SC001206,Small Claims,Disposed (Statistical Purposes),20210526,20211222
1,85840052,"Midland Credit Management, Inc.",2128SC000361,Small Claims,Disposed (Statistical Purposes),20210813,20211021
2,85841553,"Midland Credit Management, Inc.",2133SC001239,Small Claims,Open,20210528,20210528
3,85842287,"Midland Credit Management, Inc.",2133SC001240,Small Claims,Open,20210528,20210528
4,85842371,"Midland Credit Management, Inc.",2133SC001227,Small Claims,Open,20210527,20210527
5,85842945,"Midland Credit Management, Inc.",2133SC001235,Small Claims,Open,20210528,20210528
6,85842999,"Midland Credit Management, Inc.",2133SC001229,Small Claims,Disposed (Statistical Purposes),20210527,20210922
7,85846274,"Midland Credit Management, Inc.",2133SC001255,Small Claims,Open,20210601,20210601
8,85846521,"Midland Credit Management, Inc.",2142SC000136,Small Claims,Open,20210524,20210524
9,85846679,"Midland Credit Management, Inc.",2133SC001251,Small Claims,Open,20210601,20210601
10,85846801,"Midland Credit Management, Inc.",2133SC001252,Small Claims,Open,20210601,20210601
11,85847503,"Midland Credit Management, Inc.",2133SC001250,Small Claims,Open,20210601,20210601
12,85847554,"Midland Credit Management, Inc.",2133SC001248,Small Claims,Open,20210601,20210601
13,85849086,"Midland Credit Management, Inc.",2142SC000143,Small Claims,Disposed (Statistical Purposes),20210528,20210830
14,85849779,"Midland Credit Management, Inc.",2133SC001268,Small Claims,Open,20210602,20210602
15,85849878,"Midland Credit Management, Inc.",2133SC001279,Small Claims,Open,20210602,20210602
16,85850257,"Midland Credit Management, Inc.",2133SC001261,Small Claims,Open,20210602,20210602
17,85850494,"Midland Credit Management, Inc.",2133SC001277,Small Claims,Open,20210602,20210602
18,85850564,"Midland Credit Management, Inc.",2133SC001257,Small Claims,Open,20210602,20210602
19,85850694,"Midland Credit Management, Inc.",2133SC001262,Small Claims,Open,20210602,20210602
20,85850752,"Midland Credit Management, Inc.",2133SC001281,Small Claims,Open,20210602,20210602
21,85850782,"Midland Credit Management, Inc.",2133SC001276,Small Claims,Open,20210602,20210602
22,85850812,"Midland Credit Management, Inc.",2133SC001264,Small Claims,Open,20210602,20210602
23,85851097,"Midland Credit Management, Inc.",2133SC001278,Small Claims,Open,20210602,20210602
24,85851348,"Midland Credit Management, Inc.",2133SC001259,Small Claims,Open,20210602,20210602
25,85851699,"Midland Credit Management, Inc.",2142SC000153,Small Claims,Open,20210601,20210601
26,85851830,"Midland Credit Management, Inc.",2133SC001274,Small Claims,Open,20210602,20210602
27,85852097,"Midland Credit Management, Inc.",2133SC001269,Small Claims,Open,20210602,20210602
28,85852397,"Midland Credit Management, Inc.",2133SC001272,Small Claims,Open,20210602,20210602
29,85852569,"Midland Credit Management, Inc.",2133SC001260,Small Claims,Open,20210602,20210602
30,85853286,"Midland Credit Management, Inc.",2133SC001273,Small Claims,Open,20210602,20210602
31,85853323,"Midland Credit Management, Inc.",2133SC001282,Small Claims,Open,20210602,20210602
32,85853453,"Midland Credit Management, Inc.",2133SC001270,Small Claims,Open,20210602,20210602
33,85853555,"Midland Credit Management, Inc.",2133SC001280,Small Claims,Open,20210602,20210602
34,85853584,"Midland Credit Management, Inc.",2133SC001267,Small Claims,Open,20210602,20210602
35,85853724,"Midland Credit Management, Inc.",2133SC001271,Small Claims,Open,20210602,20210602
36,85853745,"Midland Credit Management, Inc.",2133SC001266,Small Claims,Open,20210602,20210602
37,85856328,"Midland Credit Management, Inc.",2133SC001299,Small Claims,Open,20210604,20210604
38,85865803,"Midland Credit Management, Inc.",2142SC000183,Small Claims,Open,20210624,20210624
39,85871379,"Midland Credit Management, Inc.",2133SC001392,Small Claims,Open,20210616,20210616
40,85872244,"Midland Credit Management, Inc.",2133SC001391,Small Claims,Disposed (Statistical Purposes),20210616,20211214
41,85873916,"Midland Credit Management, Inc.",2142SC000208,Small Claims,Open,20210714,20210714
42,85877564,"Midland Credit Management, Inc.",2142SC000224,Small Claims,Open,20210723,20210723
43,85878441,"Midland Credit Management, Inc.",2142SC000225,Small Claims,Open,20210726,20210726
44,85879357,"Midland Credit Management, Inc.",2142SC000229,Small Claims,Open,20210728,20210728
45,85880360,"Midland Credit Management, Inc.",2142SC000231,Small Claims,Open,20210729,20210729
46,85880518,"Midland Credit Management, Inc.",2142SC000230,Small Claims,Open,20210729,20210729
47,85882308,"Midland Credit Management, Inc.",2142SC000241,Small Claims,Open,20210802,20210802
48,85886710,"Midland Credit Management, Inc.",2143SC000602,Small Claims,Disposed (Statistical Purposes),20210803,20220112
49,85886977,"Midland Credit Management, Inc.",2133SC001438,Small Claims,Open,20210621,20210621
0,85890453,"Midland Credit Management, Inc.",2142SC000265,Small Claims,Open,20210810,20210810
1,85890511,"Midland Credit Management, Inc.",2133SC001462,Small Claims,Open,20210623,20210623
2,85898213,"Midland Credit Management, Inc.",2133SC001478,Small Claims,Open,20210625,20210625
3,85900385,"Midland Credit Management, Inc.",2133SC001466,Small Claims,Open,20210624,20210624
4,85900986,"Midland Credit Management, Inc.",2143SC000627,Small Claims,Open,20210810,20210810
5,85908742,"Midland Credit Management, Inc.",2133SC001504,Small Claims,Disposed (Statistical Purposes),20210629,20210816
6,85908823,"Midland Credit Management, Inc.",2126SC000210,Small Claims,Open,20210602,20210602
7,85909381,"Midland Credit Management, Inc.",2186SC000301,Small Claims,Open,20210521,20210521
8,85910044,"Midland Credit Management, Inc.",2133SC001494,Small Claims,Open,20210628,20210628
9,85910368,"Midland Credit Management, Inc.",2186SC000300,Small Claims,Open,20210521,20210521
10,85910517,"Midland Credit Management, Inc.",2133SC001508,Small Claims,Open,20210629,20210629
11,85910749,"Midland Credit Management, Inc.",2186SC000299,Small Claims,Open,20210521,20210521
12,85911345,"Midland Credit Management, Inc.",2133SC001505,Small Claims,Open,20210629,20210629
13,85911595,"Midland Credit Management, Inc.",2133SC001497,Small Claims,Open,20210628,20210628
14,85913652,"Midland Credit Management, Inc.",2186SC000303,Small Claims,Open,20210524,20210524
15,85915178,"Midland Credit Management, Inc.",2133SC001518,Small Claims,Open,20210630,20210630
16,85915343,"Midland Credit Management, Inc.",2133SC001534,Small Claims,Open,20210701,20210701
17,85916325,"Midland Credit Management, Inc.",2133SC001535,Small Claims,Disposed (Statistical Purposes),20210701,20211129
18,85916359,"Midland Credit Management, Inc.",2133SC001538,Small Claims,Open,20210701,20210701
19,85917842,"Midland Credit Management, Inc.",2133SC001517,Small Claims,Open,20210630,20210630
20,85918010,"Midland Credit Management, Inc.",2133SC001536,Small Claims,Open,20210701,20210701
21,85918221,"Midland Credit Management, Inc.",2133SC001537,Small Claims,Open,20210701,20210701
22,85921969,"Midland Credit Management, Inc.",2186SC000343,Small Claims,Disposed (Statistical Purposes),20210602,20211108
23,85922619,"Midland Credit Management, Inc.",2133SC001561,Small Claims,Open,20210702,20210702
24,85922770,"Midland Credit Management, Inc.",2186SC000340,Small Claims,Disposed (Statistical Purposes),20210602,20210914
25,85922759,"Midland Credit Management, Inc.",2133SC001552,Small Claims,Open,20210702,20210702
26,85923042,"Midland Credit Management, Inc.",2133SC001554,Small Claims,Open,20210702,20210702
27,85923537,"Midland Credit Management, Inc.",2133SC001553,Small Claims,Open,20210702,20210702
28,85924025,"Midland Credit Management, Inc.",2133SC001549,Small Claims,Open,20210702,20210702
29,85924595,"Midland Credit Management, Inc.",2133SC001550,Small Claims,Open,20210702,20210702
30,85925065,"Midland Credit Management, Inc.",2133SC001546,Small Claims,Open,20210702,20210702
31,85925186,"Midland Credit Management, Inc.",2133SC001551,Small Claims,Open,20210702,20210702
32,85925263,"Midland Credit Management, Inc.",2133SC001560,Small Claims,Open,20210702,20210702
33,85925661,"Midland Credit Management, Inc.",2133SC001545,Small Claims,Open,20210702,20210702
34,85926832,"Midland Credit Management, Inc.",2133SC001559,Small Claims,Open,20210702,20210702
35,85927021,"Midland Credit Management, Inc.",2186SC000347,Small Claims,Open,20210604,20210604
36,85931387,"Midland Credit Management, Inc.",2133SC001572,Small Claims,Open,20210706,20210706
37,85931673,"Midland Credit Management, Inc.",2133SC001573,Small Claims,Open,20210706,20210706
38,85931808,"Midland Credit Management, Inc.",2133SC001574,Small Claims,Disposed (Statistical Purposes),20210706,20211028
39,85932895,"Midland Credit Management, Inc.",2126SC000254,Small Claims,Open,20210625,20210625
40,85933105,"Midland Credit Management, Inc.",2133SC001575,Small Claims,Open,20210706,20210706
41,85938490,"Midland Credit Management, Inc.",2126SC000293,Small Claims,Open,20210629,20210629
42,85939187,"Midland Credit Management, Inc.",2126SC000285,Small Claims,Open,20210629,20210629
43,85940001,"Midland Credit Management, Inc.",2186SC000372,Small Claims,Open,20210616,20210616
44,85941543,"Midland Credit Management, Inc.",2133SC001596,Small Claims,Closed,20210709,20210910
45,85943163,"Midland Credit Management, Inc.",2133SC001606,Small Claims,Open,20210712,20210712
46,85945602,"Midland Credit Management, Inc.",2133SC001613,Small Claims,Open,20210712,20210712
47,85948197,"Midland Credit Management, Inc.",2133SC001609,Small Claims,Open,20210712,20210712
48,85948207,"Midland Credit Management, Inc.",2133SC001618,Small Claims,Open,20210712,20210712
49,85950828,"Midland Credit Management, Inc.",2133SC001631,Small Claims,Open,20210714,20210714
0,85951249,"Midland Credit Management, Inc.",2186SC000399,Small Claims,Open,20210624,20210624
1,85952001,"Midland Credit Management, Inc.",2133SC001630,Small Claims,Open,20210714,20210714
2,85952357,"Midland Credit Management, Inc.",2133SC001632,Small Claims,Open,20210714,20210714
3,85954938,"Midland Credit Management, Inc.",2133SC001645,Small Claims,Open,20210716,20210716
4,85961841,"Midland Credit Management, Inc.",2133SC001654,Small Claims,Open,20210720,20210720
5,85962084,"Midland Credit Management, Inc.",2133SC001672,Small Claims,Open,20210720,20210720
6,85962561,"Midland Credit Management, Inc.",2133SC001647,Small Claims,Open,20210719,20210719
7,85962604,"Midland Credit Management, Inc.",2133SC001655,Small Claims,Open,20210720,20210720
8,85963439,"Midland Credit Management, Inc.",2133SC001669,Small Claims,Open,20210720,20210720
9,85963730,"Midland Credit Management, Inc.",2126SC000379,Small Claims,Open,20210726,20210726
10,85964208,"Midland Credit Management, Inc.",2133SC001648,Small Claims,Open,20210719,20210719
11,85965569,"Midland Credit Management, Inc.",2126SC000383,Small Claims,Open,20210727,20210727
12,85966286,"Midland Credit Management, Inc.",2133SC001683,Small Claims,Open,20210721,20210721
13,85966467,"Midland Credit Management, Inc.",2133SC001680,Small Claims,Disposed (Statistical Purposes),20210721,20220203
14,85966693,"Midland Credit Management, Inc.",2133SC001681,Small Claims,Closed,20210721,20210811
15,85967100,"Midland Credit Management, Inc.",2133SC001676,Small Claims,Open,20210721,20210721
16,85967400,"Midland Credit Management, Inc.",2133SC001682,Small Claims,Open,20210721,20210721
17,85967704,"Midland Credit Management, Inc.",2126SC000392,Small Claims,Open,20210729,20210729
18,85972554,"Midland Credit Management, Inc.",2126SC000402,Small Claims,Open,20210802,20210802
19,85974386,"Midland Credit Management, Inc.",2133SC001689,Small Claims,Open,20210723,20210723
20,85974607,"Midland Credit Management, Inc.",2133SC001698,Small Claims,Open,20210723,20210723
21,85974624,"Midland Credit Management, Inc.",2133SC001690,Small Claims,Disposed (Statistical Purposes),20210723,20220107
22,85974781,"Midland Credit Management, Inc.",2133SC001700,Small Claims,Open,20210723,20210723
23,85975139,"Midland Credit Management, Inc.",2133SC001699,Small Claims,Open,20210723,20210723
24,85980141,"Midland Credit Management, Inc.",2186SC000460,Small Claims,Open,20210716,20210716
25,85980229,"Midland Credit Management, Inc.",2133SC001709,Small Claims,Open,20210726,20210726
26,85980416,"Midland Credit Management, Inc.",2133SC001729,Small Claims,Open,20210726,20210726
27,85980727,"Midland Credit Management, Inc.",2133SC001718,Small Claims,Open,20210726,20210726
28,85980899,"Midland Credit Management, Inc.",2133SC001711,Small Claims,Open,20210726,20210726
29,85981344,"Midland Credit Management, Inc.",2133SC001737,Small Claims,Open,20210726,20210726
30,85981906,"Midland Credit Management, Inc.",2126SC000416,Small Claims,Open,20210810,20210810
31,85982478,"Midland Credit Management, Inc.",2133SC001734,Small Claims,Open,20210726,20210726
32,85982681,"Midland Credit Management, Inc.",2133SC001716,Small Claims,Open,20210726,20210726
33,85982701,"Midland Credit Management, Inc.",2133SC001727,Small Claims,Open,20210726,20210726
34,85983365,"Midland Credit Management, Inc.",2133SC001751,Small Claims,Open,20210727,20210727
35,85983595,"Midland Credit Management, Inc.",2133SC001708,Small Claims,Open,20210726,20210726
36,85983654,"Midland Credit Management, Inc.",2133SC001713,Small Claims,Open,20210726,20210726
37,85983982,"Midland Credit Management, Inc.",2133SC001735,Small Claims,Open,20210726,20210726
38,85984057,"Midland Credit Management, Inc.",2133SC001752,Small Claims,Open,20210727,20210727
39,85984557,"Midland Credit Management, Inc.",2133SC001721,Small Claims,Open,20210726,20210726
40,85984627,"Midland Credit Management, Inc.",2133SC001728,Small Claims,Open,20210726,20210726
41,85984739,"Midland Credit Management, Inc.",2133SC001717,Small Claims,Open,20210726,20210726
42,85984864,"Midland Credit Management, Inc.",2133SC001710,Small Claims,Open,20210726,20210726
43,85984996,"Midland Credit Management, Inc.",2133SC001730,Small Claims,Open,20210726,20210726
44,85985158,"Midland Credit Management, Inc.",2133SC001753,Small Claims,Open,20210727,20210727
45,85985201,"Midland Credit Management, Inc.",2133SC001706,Small Claims,Open,20210726,20210726
46,85985351,"Midland Credit Management, Inc.",2133SC001732,Small Claims,Open,20210726,20210726
47,85985355,"Midland Credit Management, Inc.",2143SC000329,Small Claims,Disposed (Statistical Purposes),20210517,20210825
48,85985421,"Midland Credit Management, Inc.",2133SC001719,Small Claims,Open,20210726,20210726
49,85985604,"Midland Credit Management, Inc.",2133SC001749,Small Claims,Closed,20210727,20210819
0,85985888,"Midland Credit Management, Inc.",2133SC001750,Small Claims,Open,20210727,20210727
1,85986006,"Midland Credit Management, Inc.",2133SC001720,Small Claims,Open,20210726,20210726
2,85986415,"Midland Credit Management, Inc.",2143SC000326,Small Claims,Disposed (Statistical Purposes),20210517,20210825
3,85986805,"Midland Credit Management, Inc.",2133SC001707,Small Claims,Disposed (Statistical Purposes),20210726,20220207
4,85987122,"Midland Credit Management, Inc.",2133SC001712,Small Claims,Open,20210726,20210726
5,85989272,"Midland Credit Management, Inc.",2133SC001733,Small Claims,Open,20210726,20210726
6,85989635,"Midland Credit Management, Inc.",2133SC001715,Small Claims,Open,20210726,20210726
7,85989638,"Midland Credit Management, Inc.",2143SC000338,Small Claims,Disposed (Statistical Purposes),20210520,20210922
8,85989701,"Midland Credit Management, Inc.",2133SC001731,Small Claims,Open,20210726,20210726
9,85990058,"Midland Credit Management, Inc.",2133SC001714,Small Claims,Open,20210726,20210726
10,85990809,"Midland Credit Management, Inc.",2143SC000337,Small Claims,Disposed (Statistical Purposes),20210520,20210922
11,85990984,"Midland Credit Management, Inc.",2143SC000341,Small Claims,Disposed (Statistical Purposes),20210521,20210922
12,85992963,"Midland Credit Management, Inc.",2186SC000497,Small Claims,Open,20210726,20210726
13,85993430,"Midland Credit Management, Inc.",2186SC000496,Small Claims,Open,20210726,20210726
14,85993529,"Midland Credit Management, Inc.",2133SC001766,Small Claims,Open,20210728,20210728
15,85994121,"Midland Credit Management, Inc.",2186SC000504,Small Claims,Open,20210726,20210726
16,85994609,"Midland Credit Management, Inc.",2143SC000344,Small Claims,Disposed (Statistical Purposes),20210524,20210922
17,85994893,"Midland Credit Management, Inc.",2143SC000351,Small Claims,Disposed (Statistical Purposes),20210524,20210922
18,85994921,"Midland Credit Management, Inc.",2133SC001761,Small Claims,Open,20210728,20210728
19,85995130,"Midland Credit Management, Inc.",2186SC000503,Small Claims,Open,20210726,20210726
20,85995359,"Midland Credit Management, Inc.",2143SC000345,Small Claims,Disposed (Statistical Purposes),20210524,20210922
21,85995684,"Midland Credit Management, Inc.",2143SC000349,Small Claims,Disposed (Statistical Purposes),20210524,20210922
22,85995973,"Midland Credit Management, Inc.",2143SC000352,Small Claims,Disposed (Statistical Purposes),20210524,20210922
23,85996024,"Midland Credit Management, Inc.",2133SC001788,Small Claims,Open,20210729,20210729
24,85996317,"Midland Credit Management, Inc.",2143SC000350,Small Claims,Disposed (Statistical Purposes),20210524,20210922
25,85996423,"Midland Credit Management, Inc.",2133SC001789,Small Claims,Open,20210729,20210729
26,85996686,"Midland Credit Management, Inc.",2133SC001778,Small Claims,Open,20210728,20210728
27,85997331,"Midland Credit Management, Inc.",2133SC001790,Small Claims,Open,20210729,20210729
28,85997475,"Midland Credit Management, Inc.",2133SC001762,Small Claims,Open,20210728,20210728
29,85997711,"Midland Credit Management, Inc.",2133SC001764,Small Claims,Open,20210728,20210728
30,85997770,"Midland Credit Management, Inc.",2133SC001786,Small Claims,Open,20210729,20210729
31,85997822,"Midland Credit Management, Inc.",2186SC000519,Small Claims,Open,20210729,20210729
32,85998005,"Midland Credit Management, Inc.",2143SC000386,Small Claims,Disposed (Statistical Purposes),20210526,20210929
33,85998622,"Midland Credit Management, Inc.",2143SC000361,Small Claims,Disposed (Statistical Purposes),20210527,20210922
34,85998872,"Midland Credit Management, Inc.",2133SC001791,Small Claims,Open,20210729,20210729
35,85998950,"Midland Credit Management, Inc.",2143SC000360,Small Claims,Disposed (Statistical Purposes),20210527,20210922
36,85999110,"Midland Credit Management, Inc.",2143SC000387,Small Claims,Disposed (Statistical Purposes),20210526,20211012
37,85999733,"Midland Credit Management, Inc.",2133SC001794,Small Claims,Open,20210729,20210729
38,86000152,"Midland Credit Management, Inc.",2133SC001767,Small Claims,Open,20210728,20210728
39,86000263,"Midland Credit Management, Inc.",2133SC001765,Small Claims,Disposed (Statistical Purposes),20210728,20211028
40,86006412,"Midland Credit Management, Inc.",2143SC000383,Small Claims,Disposed (Statistical Purposes),20210601,20210929
41,86007302,"Midland Credit Management, Inc.",2143SC000373,Small Claims,Disposed (Statistical Purposes),20210601,20210923
42,86008253,"Midland Credit Management, Inc.",2143SC000377,Small Claims,Disposed (Statistical Purposes),20210601,20210825
43,86009116,"Midland Credit Management, Inc.",2143SC000374,Small Claims,Disposed (Statistical Purposes),20210601,20210929
44,86009265,"Midland Credit Management, Inc.",2143SC000375,Small Claims,Disposed (Statistical Purposes),20210601,20210831
45,86009677,"Midland Credit Management, Inc.",2143SC000385,Small Claims,Disposed (Statistical Purposes),20210601,20210929
46,86014639,"Midland Credit Management, Inc.",2133SC001827,Small Claims,Open,20210802,20210802
47,86018263,"Midland Credit Management, Inc.",2133CV000513,Civil,Open,20210805,20210805
48,86026160,"Midland Credit Management, Inc.",2133SC001909,Small Claims,Open,20210809,20210809
49,86027249,"Midland Credit Management, Inc.",2143SC000425,Small Claims,Disposed (Statistical Purposes),20210621,20211027
0,86032323,"Midland Credit Management, Inc.",2127SC000380,Small Claims,Disposed (Statistical Purposes),20210521,20211124
1,86032465,"Midland Credit Management, Inc.",2127SC000379,Small Claims,Disposed (Statistical Purposes),20210520,20220214
2,86032629,"Midland Credit Management, Inc.",2127SC000375,Small Claims,Disposed (Statistical Purposes),20210520,20211124
3,86032979,"Midland Credit Management, Inc.",2127SC000382,Small Claims,Disposed (Statistical Purposes),20210520,20211124
4,86033601,"Midland Credit Management, Inc.",2133SC001941,Small Claims,Open,20210810,20210810
5,86033755,"Midland Credit Management, Inc.",2133SC001942,Small Claims,Open,20210810,20210810
6,86034123,"Midland Credit Management, Inc.",2133SC001932,Small Claims,Open,20210810,20210810
7,86034633,"Midland Credit Management, Inc.",2133SC001931,Small Claims,Open,20210810,20210810
8,86037862,"Midland Credit Management, Inc.",2133SC001961,Small Claims,Open,20210811,20210811
9,86038511,"Midland Credit Management, Inc.",2133SC001958,Small Claims,Open,20210811,20210811
10,86039197,"Midland Credit Management, Inc.",2133SC001959,Small Claims,Open,20210811,20210811
11,86039880,"Midland Credit Management, Inc.",2127SC000399,Small Claims,Open,20210525,20210525
12,86042442,"Midland Credit Management, Inc.",2133SC001973,Small Claims,Open,20210813,20210813
13,86043557,"Midland Credit Management, Inc.",2133SC001972,Small Claims,Open,20210813,20210813
14,86043758,"Midland Credit Management, Inc.",2127SC000408,Small Claims,Disposed (Statistical Purposes),20210527,20211118
15,86044018,"Midland Credit Management, Inc.",2143SC000470,Small Claims,Disposed (Statistical Purposes),20210629,20211027
16,86044240,"Midland Credit Management, Inc.",2127SC000404,Small Claims,Disposed (Statistical Purposes),20210527,20211201
17,86044475,"Midland Credit Management, Inc.",2143SC000467,Small Claims,Disposed (Statistical Purposes),20210629,20211027
18,86044850,"Midland Credit Management, Inc.",2143SC000471,Small Claims,Disposed (Statistical Purposes),20210629,20211027
19,86044898,"Midland Credit Management, Inc.",2127SC000411,Small Claims,Disposed (Statistical Purposes),20210527,20211201
20,86046784,"Midland Credit Management, Inc.",2143SC000478,Small Claims,Disposed (Statistical Purposes),20210702,20211117
21,86046858,"Midland Credit Management, Inc.",2143SC000481,Small Claims,Disposed (Statistical Purposes),20210702,20211117
22,86047057,"Midland Credit Management, Inc.",2143SC000480,Small Claims,Disposed (Statistical Purposes),20210702,20210910
23,86047141,"Midland Credit Management, Inc.",2143SC000485,Small Claims,Disposed (Statistical Purposes),20210702,20211117
24,86047334,"Midland Credit Management, Inc.",2143SC000479,Small Claims,Disposed (Statistical Purposes),20210702,20211129
25,86048707,"Midland Credit Management, Inc.",2143SC000482,Small Claims,Disposed (Statistical Purposes),20210702,20211117
26,86052484,"Midland Credit Management, Inc.",2122SC000239,Small Claims,Disposed (Statistical Purposes),20210518,20211216
27,86053261,"Midland Credit Management, Inc.",2143SC000497,Small Claims,Disposed (Statistical Purposes),20210706,20211112
28,86053280,"Midland Credit Management, Inc.",2122SC000238,Small Claims,Disposed (Statistical Purposes),20210518,20211216
29,86053509,"Midland Credit Management, Inc.",2143SC000498,Small Claims,Disposed (Statistical Purposes),20210706,20211117
30,86055807,"Midland Credit Management, Inc.",2143SC000502,Small Claims,Disposed (Statistical Purposes),20210708,20211117
31,86057096,"Midland Credit Management, Inc.",2127SC000449,Small Claims,Disposed (Statistical Purposes),20210604,20211208
32,86057337,"Midland Credit Management, Inc.",2127SC000447,Small Claims,Open,20210604,20210604
33,86058065,"Midland Credit Management, Inc.",2127SC000448,Small Claims,Disposed (Statistical Purposes),20210604,20211208
34,86058223,"Midland Credit Management, Inc.",2127SC000446,Small Claims,Open,20210604,20210604
35,86058665,"Midland Credit Management, Inc.",2127SC000445,Small Claims,Disposed (Statistical Purposes),20210604,20210910
36,86063053,"Midland Credit Management, Inc.",2122SC000257,Small Claims,Disposed (Statistical Purposes),20210525,20220124
37,86063606,"Midland Credit Management, Inc.",2122SC000255,Small Claims,Open,20210525,20210525
38,86064283,"Midland Credit Management, Inc.",2127SC000457,Small Claims,Disposed (Statistical Purposes),20210608,20211208
39,86069527,"Midland Credit Management, Inc.",2156SC001290,Small Claims,Open,20210614,20210614
40,86069617,"Midland Credit Management, Inc.",2122SC000315EF,Small Claims,Open,20210528,20210528
41,86073549,"Midland Credit Management, Inc.",2156SC001102,Small Claims,Open,20210609,20210609
42,86074933,"Midland Credit Management, Inc.",2143SC000543,Small Claims,Disposed (Statistical Purposes),20210719,20211215
43,86076018,"Midland Credit Management, Inc.",2156SC001148,Small Claims,Open,20210609,20210609
44,86076172,"Midland Credit Management, Inc.",2143SC000532,Small Claims,Disposed (Statistical Purposes),20210719,20211201
45,86077377,"Midland Credit Management, Inc.",2156SC001124,Small Claims,Open,20210609,20210609
46,86077658,"Midland Credit Management, Inc.",2156SC001129,Small Claims,Open,20210609,20210609
47,86077871,"Midland Credit Management, Inc.",2156SC001109,Small Claims,Open,20210609,20210609
48,86078174,"Midland Credit Management, Inc.",2156SC001132,Small Claims,Open,20210609,20210609
49,86078523,"Midland Credit Management, Inc.",2156SC001133,Small Claims,Open,20210609,20210609
0,86079011,"Midland Credit Management, Inc.",2156SC001127,Small Claims,Open,20210609,20210609
1,86079037,"Midland Credit Management, Inc.",2122SC000275,Small Claims,Disposed (Statistical Purposes),20210602,20211129
2,86079389,"Midland Credit Management, Inc.",2156SC001130,Small Claims,Open,20210609,20210609
3,86080018,"Midland Credit Management, Inc.",2156SC001144,Small Claims,Open,20210609,20210609
4,86080641,"Midland Credit Management, Inc.",2156SC001097,Small Claims,Disposed (Statistical Purposes),20210609,20211108
5,86081909,"Midland Credit Management, Inc.",2156SC001100,Small Claims,Closed,20210609,20211222
6,86081978,"Midland Credit Management, Inc.",2122SC000273,Small Claims,Open,20210602,20210602
7,86082178,"Midland Credit Management, Inc.",2122SC000274,Small Claims,Disposed (Statistical Purposes),20210602,20211130
8,86082315,"Midland Credit Management, Inc.",2122SC000276,Small Claims,Open,20210602,20210602
9,86082588,"Midland Credit Management, Inc.",2156SC001122,Small Claims,Closed,20210609,20211012
10,86082675,"Midland Credit Management, Inc.",2156SC001121,Small Claims,Open,20210609,20210609
11,86082979,"Midland Credit Management, Inc.",2156SC001131,Small Claims,Open,20210609,20210609
12,86083547,"Midland Credit Management, Inc.",2156SC001101,Small Claims,Open,20210609,20210609
13,86083761,"Midland Credit Management, Inc.",2143SC000554,Small Claims,Disposed (Statistical Purposes),20210723,20211202
14,86084130,"Midland Credit Management, Inc.",2143SC000562,Small Claims,Disposed (Statistical Purposes),20210723,20211215
15,86084789,"Midland Credit Management, Inc.",2143SC000555,Small Claims,Disposed (Statistical Purposes),20210723,20211201
16,86085117,"Midland Credit Management, Inc.",2143SC000546,Small Claims,Disposed (Statistical Purposes),20210723,20211215
17,86085470,"Midland Credit Management, Inc.",2156SC001104,Small Claims,Open,20210609,20210609
18,86085695,"Midland Credit Management, Inc.",2143SC000537,Small Claims,Disposed (Statistical Purposes),20210722,20211201
19,86086055,"Midland Credit Management, Inc.",2143SC000561,Small Claims,Disposed (Statistical Purposes),20210723,20211215
20,86087994,"Midland Credit Management, Inc.",2156SC001292,Small Claims,Open,20210614,20210614
21,86088292,"Midland Credit Management, Inc.",2156SC001146,Small Claims,Open,20210609,20210609
22,86089373,"Midland Credit Management, Inc.",2156SC001123,Small Claims,Open,20210609,20210609
23,86089646,"Midland Credit Management, Inc.",2156SC001099,Small Claims,Open,20210609,20210609
24,86090761,"Midland Credit Management, Inc.",2143SC000556,Small Claims,Disposed (Statistical Purposes),20210726,20211201
25,86091149,"Midland Credit Management, Inc.",2143SC000559,Small Claims,Disposed (Statistical Purposes),20210726,20211201
26,86091404,"Midland Credit Management, Inc.",2143SC000557,Small Claims,Disposed (Statistical Purposes),20210726,20211201
27,86091671,"Midland Credit Management, Inc.",2143SC000558,Small Claims,Disposed (Statistical Purposes),20210726,20211201
28,86094126,"Midland Credit Management, Inc.",2156SC001128,Small Claims,Open,20210609,20210609
29,86097093,"Midland Credit Management, Inc.",2143SC000568,Small Claims,Disposed (Statistical Purposes),20210728,20211215
30,86098806,"Midland Credit Management, Inc.",2143SC000567,Small Claims,Disposed (Statistical Purposes),20210728,20211215
31,86098973,"Midland Credit Management, Inc.",2156SC001167,Small Claims,Disposed (Statistical Purposes),20210610,20210813
32,86100067,"Midland Credit Management, Inc.",2156SC001402,Small Claims,Open,20210616,20210616
33,86115106,"Midland Credit Management, Inc.",2127SC000531,Small Claims,Open,20210628,20210628
34,86115508,"Midland Credit Management, Inc.",2127SC000530,Small Claims,Disposed (Statistical Purposes),20210628,20211230
35,86115617,"Midland Credit Management, Inc.",2127SC000538,Small Claims,Open,20210629,20210629
36,86117080,"Midland Credit Management, Inc.",2127SC000532,Small Claims,Open,20210628,20210628
37,86123802,"Midland Credit Management, Inc.",2156SC001497,Small Claims,Open,20210624,20210624
38,86126695,"Midland Credit Management, Inc.",2156SC001499,Small Claims,Open,20210624,20210624
39,86128587,"Midland Credit Management, Inc.",2156SC001486,Small Claims,Open,20210623,20210623
40,86128753,"Midland Credit Management, Inc.",2122SC000326EF,Small Claims,Open,20210621,20210621
41,86129413,"Midland Credit Management, Inc.",2122SC000325EF,Small Claims,Open,20210621,20210621
42,86130987,"Midland Credit Management, Inc.",2156SC001498,Small Claims,Open,20210624,20210624
43,86131059,"Midland Credit Management, Inc.",2122SC000348EF,Small Claims,Open,20210624,20210624
44,86131927,"Midland Credit Management, Inc.",2122SC000346EF,Small Claims,Open,20210624,20210624
45,86134074,"Midland Credit Management, Inc.",2127SC000585,Small Claims,Open,20210712,20210712
46,86137198,"Midland Credit Management, Inc.",2122SC000351EF,Small Claims,Open,20210628,20210628
47,86138763,"Midland Credit Management, Inc.",2127SC000593,Small Claims,Open,20210714,20210714
48,86139141,"Midland Credit Management, Inc.",2127SC000595,Small Claims,Open,20210714,20210714
49,86139264,"Midland Credit Management, Inc.",2122SC000373EF,Small Claims,Open,20210630,20210630
0,86140292,"Midland Credit Management, Inc.",2122SC000366,Small Claims,Open,20210701,20210701
1,86140591,"Midland Credit Management, Inc.",2122SC000364,Small Claims,Disposed (Statistical Purposes),20210701,20211027
2,86142911,"Midland Credit Management, Inc.",2156SC001556,Small Claims,Open,20210629,20210629
3,86143887,"Midland Credit Management, Inc.",2127SC000596,Small Claims,Open,20210719,20210719
4,86146007,"Midland Credit Management, Inc.",2156SC001553,Small Claims,Open,20210629,20210629
5,86146425,"Midland Credit Management, Inc.",2156SC001557,Small Claims,Open,20210629,20210629
6,86147725,"Midland Credit Management, Inc.",2127SC000615,Small Claims,Open,20210722,20210722
7,86148633,"Midland Credit Management, Inc.",2156SC001544,Small Claims,Open,20210628,20210628
8,86149561,"Midland Credit Management, Inc.",2156SC001558,Small Claims,Open,20210629,20210629
9,86150670,"Midland Credit Management, Inc.",2156SC001545,Small Claims,Open,20210628,20210628
10,86154228,"Midland Credit Management, Inc.",2127SC000621,Small Claims,Open,20210726,20210726
11,86155277,"Midland Credit Management, Inc.",2156SC001571,Small Claims,Open,20210701,20210701
12,86155549,"Midland Credit Management, Inc.",2156SC001565,Small Claims,Open,20210630,20210630
13,86155868,"Midland Credit Management, Inc.",2156SC001573,Small Claims,Open,20210701,20210701
14,86156007,"Midland Credit Management, Inc.",2127SC000622,Small Claims,Open,20210726,20210726
15,86156438,"Midland Credit Management, Inc.",2156SC001564,Small Claims,Open,20210630,20210630
16,86157944,"Midland Credit Management, Inc.",2156SC001570,Small Claims,Open,20210701,20210701
17,86158790,"Midland Credit Management, Inc.",2127SC000636,Small Claims,Open,20210728,20210728
18,86159751,"Midland Credit Management, Inc.",2122SC000406,Small Claims,Open,20210723,20210723
19,86159911,"Midland Credit Management, Inc.",2122SC000405,Small Claims,Open,20210723,20210723
20,86162396,"Midland Credit Management, Inc.",2127SC000653,Small Claims,Open,20210729,20210729
21,86162776,"Midland Credit Management, Inc.",2122SC000419EF,Small Claims,Open,20210726,20210726
22,86165844,"Midland Credit Management, Inc.",2127SC000657,Small Claims,Open,20210802,20210802
23,86167104,"Midland Credit Management, Inc.",2127SC000658,Small Claims,Open,20210802,20210802
24,86170184,"Midland Credit Management, Inc.",2122SC000429,Small Claims,Open,20210803,20210803
25,86170644,"Midland Credit Management, Inc.",2122SC000428,Small Claims,Open,20210803,20210803
26,86178266,"Midland Credit Management, Inc.",2127CV000175,Civil,Closed,20210809,20210929
27,86185716,"Midland Credit Management, Inc.",2127SC000706,Small Claims,Disposed (Statistical Purposes),20210811,20220105
28,86186033,"Midland Credit Management, Inc.",2136SC000793,Small Claims,Disposed (Statistical Purposes),20210726,20220210
29,86186689,"Midland Credit Management, Inc.",2136SC000792,Small Claims,Disposed (Statistical Purposes),20210726,20220210
30,86187841,"Midland Credit Management, Inc.",2136SC000734,Small Claims,Open,20210709,20210709
31,86187917,"Midland Credit Management, Inc.",2136SC000733,Small Claims,Open,20210709,20210709
32,86188013,"Midland Credit Management, Inc.",2136SC000732,Small Claims,Open,20210709,20210709
33,86188401,"Midland Credit Management, Inc.",2136SC000748,Small Claims,Open,20210709,20210709
34,86191523,"Midland Credit Management, Inc.",2136SC000735,Small Claims,Open,20210712,20210712
35,86191819,"Midland Credit Management, Inc.",2159SC000537,Small Claims,Disposed (Statistical Purposes),20210517,20210928
36,86192708,"Midland Credit Management, Inc.",2159SC000536,Small Claims,Disposed (Statistical Purposes),20210517,20210917
37,86194520,"Midland Credit Management, Inc.",2136SC000858,Small Claims,Disposed (Statistical Purposes),20210729,20211216
38,86197147,"Midland Credit Management, Inc.",2159SC000543,Small Claims,Disposed (Statistical Purposes),20210518,20210928
39,86199608,"Midland Credit Management, Inc.",2156SC001680,Small Claims,Open,20210712,20210712
40,86202081,"Midland Credit Management, Inc.",2112SC000147,Small Claims,Open,20210527,20210527
41,86203402,"Midland Credit Management, Inc.",2159SC000564,Small Claims,Disposed (Statistical Purposes),20210521,20211221
42,86203977,"Midland Credit Management, Inc.",2136SC000751,Small Claims,Open,20210720,20210720
43,86205201,"Midland Credit Management, Inc.",2159SC000563,Small Claims,Open,20210521,20210521
44,86205415,"Midland Credit Management, Inc.",2156SC001712,Small Claims,Open,20210714,20210714
45,86206055,"Midland Credit Management, Inc.",2136SC000753,Small Claims,Open,20210720,20210720
46,86207088,"Midland Credit Management, Inc.",2136SC000752,Small Claims,Open,20210720,20210720
47,86207207,"Midland Credit Management, Inc.",2159SC000556,Small Claims,Disposed (Statistical Purposes),20210521,20210928
48,86208451,"Midland Credit Management, Inc.",2159SC000555,Small Claims,Disposed (Statistical Purposes),20210520,20210928
49,86208882,"Midland Credit Management, Inc.",2159SC000566,Small Claims,Open,20210521,20210521
0,86209947,"Midland Credit Management, Inc.",2159SC000559,Small Claims,Disposed (Statistical Purposes),20210521,20210928
1,86210162,"Midland Credit Management, Inc.",2159SC000567,Small Claims,Disposed (Statistical Purposes),20210521,20210928
2,86210422,"Midland Credit Management, Inc.",2136SC000750,Small Claims,Disposed (Statistical Purposes),20210720,20220208
3,86210913,"Midland Credit Management, Inc.",2136SC000778,Small Claims,Disposed (Statistical Purposes),20210719,20220210
4,86211005,"Midland Credit Management, Inc.",2136SC000757,Small Claims,Open,20210720,20210720
5,86211080,"Midland Credit Management, Inc.",2136SC000749,Small Claims,Open,20210720,20210720
6,86212065,"Midland Credit Management, Inc.",2159SC000565,Small Claims,Disposed (Statistical Purposes),20210521,20210928
7,86214110,"Midland Credit Management, Inc.",2136SC000756,Small Claims,Open,20210720,20210720
8,86214335,"Midland Credit Management, Inc.",2136SC000754,Small Claims,Open,20210720,20210720
9,86214766,"Midland Credit Management, Inc.",2136SC000868,Small Claims,Disposed (Statistical Purposes),20210810,20211216
10,86214925,"Midland Credit Management, Inc.",2156SC001729,Small Claims,Open,20210716,20210716
11,86215065,"Midland Credit Management, Inc.",2136SC000755,Small Claims,Open,20210720,20210720
12,86221000,"Midland Credit Management, Inc.",2136SC000910,Small Claims,Open,20210811,20210811
13,86222747,"Midland Credit Management, Inc.",2136SC000867,Small Claims,Disposed (Statistical Purposes),20210810,20211216
14,86224563,"Midland Credit Management, Inc.",2156SC001744,Small Claims,Open,20210719,20210719
15,86224670,"Midland Credit Management, Inc.",2159SC000597,Small Claims,Disposed (Statistical Purposes),20210527,20211119
16,86226753,"Midland Credit Management, Inc.",2156SC001753,Small Claims,Open,20210719,20210719
17,86228431,"Midland Credit Management, Inc.",2156SC001760,Small Claims,Open,20210719,20210719
18,86229399,"Midland Credit Management, Inc.",2156SC001750,Small Claims,Open,20210719,20210719
19,86229476,"Midland Credit Management, Inc.",2159SC000612,Small Claims,Disposed (Statistical Purposes),20210601,20210923
20,86229646,"Midland Credit Management, Inc.",2159SC000610,Small Claims,Disposed (Statistical Purposes),20210601,20211206
21,86229926,"Midland Credit Management, Inc.",2159SC000617,Small Claims,Disposed (Statistical Purposes),20210601,20211119
22,86230364,"Midland Credit Management, Inc.",2159SC000615,Small Claims,Disposed (Statistical Purposes),20210601,20211118
23,86232277,"Midland Credit Management, Inc.",2159SC000614,Small Claims,Disposed (Statistical Purposes),20210601,20211029
24,86233056,"Midland Credit Management, Inc.",2159SC000622,Small Claims,Disposed (Statistical Purposes),20210601,20211119
25,86233450,"Midland Credit Management, Inc.",2159SC000618,Small Claims,Open,20210601,20210601
26,86234145,"Midland Credit Management, Inc.",2159SC000623,Small Claims,Disposed (Statistical Purposes),20210601,20211119
27,86234206,"Midland Credit Management, Inc.",2159SC000616,Small Claims,Disposed (Statistical Purposes),20210601,20211119
28,86235477,"Midland Credit Management, Inc.",2159SC000624,Small Claims,Open,20210602,20210602
29,86239547,"Midland Credit Management, Inc.",2159SC000641,Small Claims,Disposed (Statistical Purposes),20210603,20210923
30,86240695,"Midland Credit Management, Inc.",2159SC000625,Small Claims,Disposed (Statistical Purposes),20210602,20211014
31,86241091,"Midland Credit Management, Inc.",2159SC000639,Small Claims,Disposed (Statistical Purposes),20210603,20211119
32,86241261,"Midland Credit Management, Inc.",2159SC000640,Small Claims,Disposed (Statistical Purposes),20210603,20211115
33,86249622,"Midland Credit Management, Inc.",2110SC000390,Small Claims,Disposed (Statistical Purposes),20210524,20211028
34,86250368,"Midland Credit Management, Inc.",2110SC000392,Small Claims,Disposed (Statistical Purposes),20210524,20211028
35,86250947,"Midland Credit Management, Inc.",2110SC000389,Small Claims,Disposed (Statistical Purposes),20210524,20210920
36,86251389,"Midland Credit Management, Inc.",2110SC000391,Small Claims,Disposed (Statistical Purposes),20210524,20211028
37,86251786,"Midland Credit Management, Inc.",2110SC000394,Small Claims,Disposed (Statistical Purposes),20210524,20210920
38,86254872,"Midland Credit Management, Inc.",2156SC001832,Small Claims,Open,20210723,20210723
39,86262114,"Midland Credit Management, Inc.",2155SC000545,Small Claims,Disposed (Statistical Purposes),20210810,20220112
40,86264846,"Midland Credit Management, Inc.",2155SC000544,Small Claims,Open,20210810,20210810
41,86270387,"Midland Credit Management, Inc.",2110SC000418,Small Claims,Disposed (Statistical Purposes),20210601,20220120
42,86270557,"Midland Credit Management, Inc.",2110SC000412,Small Claims,Disposed (Statistical Purposes),20210601,20211209
43,86272408,"Midland Credit Management, Inc.",2110SC000417,Small Claims,Disposed (Statistical Purposes),20210601,20210823
44,86273549,"Midland Credit Management, Inc.",2110SC000416,Small Claims,Disposed (Statistical Purposes),20210601,20220120
45,86275780,"Midland Credit Management, Inc.",2156SC001852,Small Claims,Open,20210726,20210726
46,86277591,"Midland Credit Management, Inc.",2156SC001855,Small Claims,Open,20210726,20210726
47,86278635,"Midland Credit Management, Inc.",2159SC000694,Small Claims,Closed,20210616,20220110
48,86278992,"Midland Credit Management, Inc.",2131SC000729,Small Claims,Disposed (Statistical Purposes),20210517,20210624
49,86279521,"Midland Credit Management, Inc.",2156SC001854,Small Claims,Open,20210726,20210726
0,86279557,"Midland Credit Management, Inc.",2156SC001853,Small Claims,Open,20210726,20210726
1,86286224,"Midland Credit Management, Inc.",2110SC000437,Small Claims,Disposed (Statistical Purposes),20210609,20220210
2,86291724,"Midland Credit Management, Inc.",2131SC000738,Small Claims,Disposed (Statistical Purposes),20210518,20210927
3,86297193,"Midland Credit Management, Inc.",2156SC001913,Small Claims,Open,20210729,20210729
4,86298455,"Midland Credit Management, Inc.",2156SC001912,Small Claims,Open,20210729,20210729
5,86301075,"Midland Credit Management, Inc.",2110SC000464,Small Claims,Open,20210616,20210616
6,86301417,"Midland Credit Management, Inc.",2159SC000738,Small Claims,Disposed (Statistical Purposes),20210623,20211021
7,86305009,"Midland Credit Management, Inc.",2131SC000977,Small Claims,Disposed (Statistical Purposes),20210630,20210823
8,86305692,"Midland Credit Management, Inc.",2131SC000751,Small Claims,Disposed (Statistical Purposes),20210521,20210923
9,86307173,"Midland Credit Management, Inc.",2131SC000793,Small Claims,Disposed (Statistical Purposes),20210521,20220106
10,86309373,"Midland Credit Management, Inc.",2131SC000974,Small Claims,Disposed (Statistical Purposes),20210630,20210823
11,86309521,"Midland Credit Management, Inc.",2131SC000754,Small Claims,Disposed (Statistical Purposes),20210521,20210624
12,86311124,"Midland Credit Management, Inc.",2131SC000752,Small Claims,Disposed (Statistical Purposes),20210521,20210923
13,86312807,"Midland Credit Management, Inc.",2159SC000750,Small Claims,Disposed (Statistical Purposes),20210624,20211210
14,86315130,"Midland Credit Management, Inc.",2131SC000776,Small Claims,Disposed (Statistical Purposes),20210524,20210624
15,86315288,"Midland Credit Management, Inc.",2131SC000778,Small Claims,Disposed (Statistical Purposes),20210524,20210624
16,86315655,"Midland Credit Management, Inc.",2131SC000769,Small Claims,Disposed (Statistical Purposes),20210524,20210923
17,86316327,"Midland Credit Management, Inc.",2131SC000767,Small Claims,Disposed (Statistical Purposes),20210524,20210923
18,86317074,"Midland Credit Management, Inc.",2131SC001019,Small Claims,Disposed (Statistical Purposes),20210702,20210920
19,86317771,"Midland Credit Management, Inc.",2131SC001015,Small Claims,Disposed (Statistical Purposes),20210702,20210920
20,86318419,"Midland Credit Management, Inc.",2131SC001018,Small Claims,Open,20210702,20210702
21,86319181,"Midland Credit Management, Inc.",2131SC000796,Small Claims,Disposed (Statistical Purposes),20210524,20210624
22,86321826,"Midland Credit Management, Inc.",2167SC000381-EF,Small Claims,Disposed (Statistical Purposes),20210624,20220215
23,86321945,"Midland Credit Management, Inc.",2131SC000771,Small Claims,Disposed (Statistical Purposes),20210524,20210624
24,86322055,"Midland Credit Management, Inc.",2131SC001099,Small Claims,Disposed (Statistical Purposes),20210702,20210914
25,86323747,"Midland Credit Management, Inc.",2131CV000274,Civil,Open,20210524,20210524
26,86323893,"Midland Credit Management, Inc.",2131SC001020,Small Claims,Open,20210702,20210702
27,86324246,"Midland Credit Management, Inc.",2131SC000774,Small Claims,Disposed (Statistical Purposes),20210524,20211209
28,86324406,"Midland Credit Management, Inc.",2131SC001101,Small Claims,Open,20210702,20210702
29,86324449,"Midland Credit Management, Inc.",2167SC000382-EF,Small Claims,Open,20210624,20210624
30,86324887,"Midland Credit Management, Inc.",2131SC001097,Small Claims,Disposed (Statistical Purposes),20210702,20210916
31,86324966,"Midland Credit Management, Inc.",2131SC000773,Small Claims,Disposed (Statistical Purposes),20210524,20210624
32,86325457,"Midland Credit Management, Inc.",2131SC000780,Small Claims,Disposed (Statistical Purposes),20210524,20210624
33,86325606,"Midland Credit Management, Inc.",2131SC001100,Small Claims,Disposed (Statistical Purposes),20210702,20210916
34,86326251,"Midland Credit Management, Inc.",2131SC000781,Small Claims,Disposed (Statistical Purposes),20210524,20210624
35,86326417,"Midland Credit Management, Inc.",2110CV000232,Civil,Open,20210624,20210624
36,86326550,"Midland Credit Management, Inc.",2131SC000779,Small Claims,Disposed (Statistical Purposes),20210524,20210624
37,86326654,"Midland Credit Management, Inc.",2131SC000775,Small Claims,Disposed (Statistical Purposes),20210524,20210624
38,86326865,"Midland Credit Management, Inc.",2131SC001016,Small Claims,Disposed (Statistical Purposes),20210702,20211206
39,86327180,"Midland Credit Management, Inc.",2131SC000777,Small Claims,Disposed (Statistical Purposes),20210524,20210923
40,86327444,"Midland Credit Management, Inc.",2110SC000489,Small Claims,Open,20210624,20210624
41,86327842,"Midland Credit Management, Inc.",2110SC000492,Small Claims,Disposed (Statistical Purposes),20210624,20210804
42,86328300,"Midland Credit Management, Inc.",2131SC000772,Small Claims,Disposed (Statistical Purposes),20210524,20210624
43,86329041,"Midland Credit Management, Inc.",2131SC000768,Small Claims,Disposed (Statistical Purposes),20210524,20210624
44,86329188,"Midland Credit Management, Inc.",2131SC001096,Small Claims,Open,20210702,20210702
45,86329538,"Midland Credit Management, Inc.",2131SC000782,Small Claims,Disposed (Statistical Purposes),20210524,20210624
46,86329947,"Midland Credit Management, Inc.",2159SC000760,Small Claims,Disposed (Statistical Purposes),20210628,20211210
47,86331911,"Midland Credit Management, Inc.",2159SC000762,Small Claims,Disposed (Statistical Purposes),20210628,20211210
48,86333433,"Midland Credit Management, Inc.",2167SC000387-EF,Small Claims,Open,20210628,20210628
49,86336911,"Midland Credit Management, Inc.",2110SC000496,Small Claims,Open,20210625,20210625
0,86337035,"Midland Credit Management, Inc.",2159SC000759,Small Claims,Disposed (Statistical Purposes),20210628,20211210
1,86338736,"Midland Credit Management, Inc.",2159SC000763,Small Claims,Disposed (Statistical Purposes),20210628,20211210
2,86339860,"Midland Credit Management, Inc.",2131SC000798,Small Claims,Disposed (Statistical Purposes),20210525,20210624
3,86342363,"Midland Credit Management, Inc.",2167SC000393-EF,Small Claims,Disposed (Statistical Purposes),20210630,20211108
4,86344302,"Midland Credit Management, Inc.",2167SC000392-EF,Small Claims,Open,20210630,20210630
5,86345149,"Midland Credit Management, Inc.",2131SC001081,Small Claims,Disposed (Statistical Purposes),20210706,20210930
6,86345324,"Midland Credit Management, Inc.",2159SC000782,Small Claims,Disposed (Statistical Purposes),20210701,20211018
7,86345575,"Midland Credit Management, Inc.",2131SC001079,Small Claims,Open,20210706,20210706
8,86346078,"Midland Credit Management, Inc.",2131SC001078,Small Claims,Disposed (Statistical Purposes),20210706,20210916
9,86346425,"Midland Credit Management, Inc.",2159SC000783,Small Claims,Disposed (Statistical Purposes),20210701,20211210
10,86346914,"Midland Credit Management, Inc.",2110SC000501,Small Claims,Open,20210630,20210630
11,86347397,"Midland Credit Management, Inc.",2159SC000775,Small Claims,Disposed (Statistical Purposes),20210630,20211210
12,86347504,"Midland Credit Management, Inc.",2159SC000776,Small Claims,Disposed (Statistical Purposes),20210630,20211210
13,86347916,"Midland Credit Management, Inc.",2159SC000774,Small Claims,Disposed (Statistical Purposes),20210630,20211210
14,86348597,"Midland Credit Management, Inc.",2131SC000806,Small Claims,Disposed (Statistical Purposes),20210527,20210927
15,86349080,"Midland Credit Management, Inc.",2131SC000861,Small Claims,Disposed (Statistical Purposes),20210527,20210913
16,86349757,"Midland Credit Management, Inc.",2159SC000773,Small Claims,Disposed (Statistical Purposes),20210630,20211210
17,86352029,"Midland Credit Management, Inc.",2110CV000245,Civil,Open,20210701,20210701
18,86354117,"Midland Credit Management, Inc.",2131SC000860,Small Claims,Disposed (Statistical Purposes),20210527,20210913
19,86357268,"Midland Credit Management, Inc.",2110CV000246,Civil,Open,20210701,20210701
20,86358582,"Midland Credit Management, Inc.",2144SC000442,Small Claims,Open,20210616,20210616
21,86359661,"Midland Credit Management, Inc.",2159SC000799,Small Claims,Open,20210706,20210706
22,86359779,"Midland Credit Management, Inc.",2144SC000443,Small Claims,Open,20210616,20210616
23,86360270,"Midland Credit Management, Inc.",2159SC000800,Small Claims,Disposed (Statistical Purposes),20210706,20211210
24,86362657,"Midland Credit Management, Inc.",2159SC000803,Small Claims,Disposed (Statistical Purposes),20210706,20211210
25,86362900,"Midland Credit Management, Inc.",2159SC000798,Small Claims,Disposed (Statistical Purposes),20210706,20211210
26,86365994,"Midland Credit Management, Inc.",2159SC000796,Small Claims,Disposed (Statistical Purposes),20210706,20211110
27,86367108,"Midland Credit Management, Inc.",2156SC002032,Small Claims,Open,20210809,20210809
28,86367217,"Midland Credit Management, Inc.",2159SC000795,Small Claims,Disposed (Statistical Purposes),20210706,20211210
29,86368444,"Midland Credit Management, Inc.",2159SC000797,Small Claims,Disposed (Statistical Purposes),20210706,20211210
30,86369387,"Midland Credit Management, Inc.",2159SC000794,Small Claims,Disposed (Statistical Purposes),20210706,20211210
31,86370505,"Midland Credit Management, Inc.",2131SC000850,Small Claims,Disposed (Statistical Purposes),20210601,20211028
32,86370789,"Midland Credit Management, Inc.",2156SC002076,Small Claims,Open,20210810,20210810
33,86372099,"Midland Credit Management, Inc.",2131SC001075,Small Claims,Open,20210712,20210712
34,86372834,"Midland Credit Management, Inc.",2110SC000527,Small Claims,Open,20210707,20210707
35,86373015,"Midland Credit Management, Inc.",2131SC000871,Small Claims,Disposed (Statistical Purposes),20210601,20211213
36,86375654,"Midland Credit Management, Inc.",2131SC001076,Small Claims,Disposed (Statistical Purposes),20210712,20210916
37,86375929,"Midland Credit Management, Inc.",2110SC000529,Small Claims,Disposed (Statistical Purposes),20210707,20210722
38,86376101,"Midland Credit Management, Inc.",2131SC000863,Small Claims,Disposed (Statistical Purposes),20210601,20210913
39,86376503,"Midland Credit Management, Inc.",2110SC000523,Small Claims,Open,20210707,20210707
40,86377895,"Midland Credit Management, Inc.",2156SC002038,Small Claims,Open,20210809,20210809
41,86378465,"Midland Credit Management, Inc.",2131SC000845,Small Claims,Disposed (Statistical Purposes),20210601,20210913
42,86378877,"Midland Credit Management, Inc.",2131SC001065,Small Claims,Open,20210712,20210712
43,86378887,"Midland Credit Management, Inc.",2131SC000843,Small Claims,Disposed (Statistical Purposes),20210601,20210708
44,86378889,"Midland Credit Management, Inc.",2159SC000824,Small Claims,Disposed (Statistical Purposes),20210709,20211217
45,86379324,"Midland Credit Management, Inc.",2156SC002063,Small Claims,Open,20210810,20210810
46,86379371,"Midland Credit Management, Inc.",2156SC002064,Small Claims,Open,20210810,20210810
47,86379499,"Midland Credit Management, Inc.",2131SC000819,Small Claims,Disposed (Statistical Purposes),20210602,20210909
48,86380318,"Midland Credit Management, Inc.",2131SC001058,Small Claims,Disposed (Statistical Purposes),20210712,20210916
49,86381479,"Midland Credit Management, Inc.",2131SC000864,Small Claims,Disposed (Statistical Purposes),20210601,20210913
0,86381575,"Midland Credit Management, Inc.",2131SC001006,Small Claims,Disposed (Statistical Purposes),20210713,20210909
1,86381995,"Midland Credit Management, Inc.",2131SC000846,Small Claims,Open,20210601,20210601
2,86382571,"Midland Credit Management, Inc.",2131SC000870,Small Claims,Disposed (Statistical Purposes),20210601,20210913
3,86385905,"Midland Credit Management, Inc.",2131SC001005,Small Claims,Disposed (Statistical Purposes),20210713,20220204
4,86387396,"Midland Credit Management, Inc.",2131SC001007,Small Claims,Open,20210713,20210713
5,86389108,"Midland Credit Management, Inc.",2131SC000865,Small Claims,Disposed (Statistical Purposes),20210601,20210913
6,86389564,"Midland Credit Management, Inc.",2144SC000471,Small Claims,Open,20210628,20210628
7,86389638,"Midland Credit Management, Inc.",2131SC000848,Small Claims,Open,20210601,20210601
8,86389932,"Midland Credit Management, Inc.",2131SC001066,Small Claims,Open,20210712,20210712
9,86390278,"Midland Credit Management, Inc.",2159SC000836,Small Claims,Disposed (Statistical Purposes),20210713,20211217
10,86390449,"Midland Credit Management, Inc.",2144SC000462,Small Claims,Open,20210628,20210628
11,86391202,"Midland Credit Management, Inc.",2131SC001059,Small Claims,Disposed (Statistical Purposes),20210712,20210916
12,86392425,"Midland Credit Management, Inc.",2159SC000834,Small Claims,Disposed (Statistical Purposes),20210713,20211217
13,86392924,"Midland Credit Management, Inc.",2159SC000835,Small Claims,Open,20210713,20210713
14,86394088,"Midland Credit Management, Inc.",2144SC000513,Small Claims,Open,20210630,20210630
15,86394512,"Midland Credit Management, Inc.",2131SC001055,Small Claims,Open,20210712,20210712
16,86394947,"Midland Credit Management, Inc.",2159SC000851,Small Claims,Disposed (Statistical Purposes),20210714,20211217
17,86395312,"Midland Credit Management, Inc.",2159SC000846,Small Claims,Disposed (Statistical Purposes),20210714,20211217
18,86395393,"Midland Credit Management, Inc.",2144SC000516,Small Claims,Open,20210630,20210630
19,86395536,"Midland Credit Management, Inc.",2144SC000514,Small Claims,Open,20210630,20210630
20,86395860,"Midland Credit Management, Inc.",2131SC000851,Small Claims,Open,20210604,20210604
21,86397796,"Midland Credit Management, Inc.",2159SC000850,Small Claims,Open,20210714,20210714
22,86398066,"Midland Credit Management, Inc.",2159SC000845,Small Claims,Disposed (Statistical Purposes),20210714,20211217
23,86398697,"Midland Credit Management, Inc.",2110SC000555,Small Claims,Open,20210713,20210713
24,86398954,"Midland Credit Management, Inc.",2159SC000837,Small Claims,Open,20210713,20210713
25,86399009,"Midland Credit Management, Inc.",2131SC001029,Small Claims,Disposed (Statistical Purposes),20210714,20210909
26,86399793,"Midland Credit Management, Inc.",2159SC000847,Small Claims,Disposed (Statistical Purposes),20210714,20211217
27,86400419,"Midland Credit Management, Inc.",2131SC000854,Small Claims,Disposed (Statistical Purposes),20210603,20210913
28,86403176,"Midland Credit Management, Inc.",2167SC000447,Small Claims,Open,20210719,20210719
29,86405362,"Midland Credit Management, Inc.",2159SC000874,Small Claims,Disposed (Statistical Purposes),20210716,20211108
30,86405494,"Midland Credit Management, Inc.",2159SC000864,Small Claims,Disposed (Statistical Purposes),20210716,20211115
31,86406089,"Midland Credit Management, Inc.",2159SC000873,Small Claims,Disposed (Statistical Purposes),20210716,20211217
32,86406329,"Midland Credit Management, Inc.",2159SC000872,Small Claims,Disposed (Statistical Purposes),20210716,20211229
33,86414537,"Midland Credit Management, Inc.",2131SC001125,Small Claims,Open,20210716,20210716
34,86416387,"Midland Credit Management, Inc.",2110SC000564,Small Claims,Open,20210719,20210719
35,86416395,"Midland Credit Management, Inc.",2131SC001126,Small Claims,Open,20210716,20210716
36,86416492,"Midland Credit Management, Inc.",2110SC000565,Small Claims,Open,20210719,20210719
37,86418247,"Midland Credit Management, Inc.",2131SC001127,Small Claims,Disposed (Statistical Purposes),20210716,20210927
38,86418356,"Midland Credit Management, Inc.",2110SC000563,Small Claims,Open,20210719,20210719
39,86418923,"Midland Credit Management, Inc.",2110SC000567,Small Claims,Open,20210719,20210719
40,86419707,"Midland Credit Management, Inc.",2159SC000882,Small Claims,Disposed (Statistical Purposes),20210719,20211217
41,86419800,"Midland Credit Management, Inc.",2131SC001051,Small Claims,Disposed (Statistical Purposes),20210716,20210909
42,86420371,"Midland Credit Management, Inc.",2131SC001124,Small Claims,Open,20210716,20210716
43,86420657,"Midland Credit Management, Inc.",2159SC000880,Small Claims,Disposed (Statistical Purposes),20210719,20211101
44,86421619,"Midland Credit Management, Inc.",2167SC000461-EF,Small Claims,Open,20210726,20210726
45,86421706,"Midland Credit Management, Inc.",2159SC000885,Small Claims,Open,20210719,20210719
46,86422821,"Midland Credit Management, Inc.",2159SC000878,Small Claims,Disposed (Statistical Purposes),20210719,20211217
47,86422958,"Midland Credit Management, Inc.",2159SC000886,Small Claims,Disposed (Statistical Purposes),20210719,20211217
48,86423810,"Midland Credit Management, Inc.",2131SC001151,Small Claims,Disposed (Statistical Purposes),20210719,20210927
49,86427103,"Midland Credit Management, Inc.",2131SC001149,Small Claims,Open,20210719,20210719
0,86428218,"Midland Credit Management, Inc.",2110SC000581,Small Claims,Disposed (Statistical Purposes),20210721,20211109
1,86428584,"Midland Credit Management, Inc.",2159SC000893,Small Claims,Disposed (Statistical Purposes),20210721,20211217
2,86428804,"Midland Credit Management, Inc.",2131SC001147,Small Claims,Disposed (Statistical Purposes),20210719,20210927
3,86429594,"Midland Credit Management, Inc.",2167SC000468-EF,Small Claims,Disposed (Statistical Purposes),20210728,20211108
4,86430124,"Midland Credit Management, Inc.",2131SC001142,Small Claims,Disposed (Statistical Purposes),20210719,20210927
5,86430406,"Midland Credit Management, Inc.",2136SC000507,Small Claims,Open,20210518,20210518
6,86433500,"Midland Credit Management, Inc.",2131SC001148,Small Claims,Disposed (Statistical Purposes),20210719,20210927
7,86433576,"Midland Credit Management, Inc.",2136SC000509,Small Claims,Disposed (Statistical Purposes),20210518,20211202
8,86435397,"Midland Credit Management, Inc.",2131SC001150,Small Claims,Disposed (Statistical Purposes),20210719,20210927
9,86440079,"Midland Credit Management, Inc.",2131SC001159,Small Claims,Disposed (Statistical Purposes),20210721,20210927
10,86440736,"Midland Credit Management, Inc.",2136SC000518,Small Claims,Open,20210521,20210521
11,86441288,"Midland Credit Management, Inc.",2131SC001155,Small Claims,Disposed (Statistical Purposes),20210721,20211008
12,86441581,"Midland Credit Management, Inc.",2136SC000515,Small Claims,Disposed (Statistical Purposes),20210520,20211202
13,86441745,"Midland Credit Management, Inc.",2110SC000585,Small Claims,Open,20210723,20210723
14,86441811,"Midland Credit Management, Inc.",2131SC001156,Small Claims,Disposed (Statistical Purposes),20210721,20210927
15,86442959,"Midland Credit Management, Inc.",2110SC000587,Small Claims,Open,20210723,20210723
16,86444458,"Midland Credit Management, Inc.",2159SC000905,Small Claims,Disposed (Statistical Purposes),20210723,20211029
17,86444576,"Midland Credit Management, Inc.",2159SC000907,Small Claims,Disposed (Statistical Purposes),20210723,20211217
18,86444757,"Midland Credit Management, Inc.",2159SC000904,Small Claims,Disposed (Statistical Purposes),20210723,20211217
19,86445193,"Midland Credit Management, Inc.",2144SC000553,Small Claims,Open,20210712,20210712
20,86445689,"Midland Credit Management, Inc.",2159SC000902,Small Claims,Disposed (Statistical Purposes),20210723,20211118
21,86445835,"Midland Credit Management, Inc.",2144SC000573,Small Claims,Disposed (Statistical Purposes),20210713,20211115
22,86446152,"Midland Credit Management, Inc.",2159SC000908,Small Claims,Disposed (Statistical Purposes),20210723,20211217
23,86446259,"Midland Credit Management, Inc.",2159SC000903,Small Claims,Disposed (Statistical Purposes),20210723,20211008
24,86446660,"Midland Credit Management, Inc.",2159SC000906,Small Claims,Disposed (Statistical Purposes),20210723,20211217
25,86446779,"Midland Credit Management, Inc.",2159SC000901,Small Claims,Closed,20210723,20211215
26,86448115,"Midland Credit Management, Inc.",2144SC000569,Small Claims,Open,20210713,20210713
27,86449811,"Midland Credit Management, Inc.",2144SC000574,Small Claims,Open,20210713,20210713
28,86450349,"Midland Credit Management, Inc.",2159SC000916,Small Claims,Open,20210726,20210726
29,86450460,"Midland Credit Management, Inc.",2144SC000559,Small Claims,Open,20210713,20210713
30,86450522,"Midland Credit Management, Inc.",2110SC000592,Small Claims,Open,20210726,20210726
31,86450914,"Midland Credit Management, Inc.",2159SC000911,Small Claims,Disposed (Statistical Purposes),20210726,20211217
32,86452440,"Midland Credit Management, Inc.",2144SC000570,Small Claims,Open,20210713,20210713
33,86452771,"Midland Credit Management, Inc.",2131SC001162,Small Claims,Disposed (Statistical Purposes),20210722,20211025
34,86453451,"Midland Credit Management, Inc.",2131SC001169,Small Claims,Open,20210722,20210722
35,86453650,"Midland Credit Management, Inc.",2144SC000572,Small Claims,Open,20210713,20210713
36,86454506,"Midland Credit Management, Inc.",2159SC000913,Small Claims,Disposed (Statistical Purposes),20210726,20211001
37,86454781,"Midland Credit Management, Inc.",2159SC000912,Small Claims,Disposed (Statistical Purposes),20210726,20211217
38,86455110,"Midland Credit Management, Inc.",2136SC000520,Small Claims,Disposed (Statistical Purposes),20210524,20211202
39,86455261,"Midland Credit Management, Inc.",2159SC000910,Small Claims,Disposed (Statistical Purposes),20210726,20211217
40,86455415,"Midland Credit Management, Inc.",2159SC000919,Small Claims,Disposed (Statistical Purposes),20210726,20211217
41,86455683,"Midland Credit Management, Inc.",2159SC000920,Small Claims,Disposed (Statistical Purposes),20210726,20211217
42,86456090,"Midland Credit Management, Inc.",2131SC001167,Small Claims,Disposed (Statistical Purposes),20210722,20210930
43,86456325,"Midland Credit Management, Inc.",2159SC000914,Small Claims,Disposed (Statistical Purposes),20210726,20211217
44,86456391,"Midland Credit Management, Inc.",2159SC000915,Small Claims,Closed,20210726,20210812
45,86457515,"Midland Credit Management, Inc.",2110SC000604,Small Claims,Open,20210727,20210727
46,86458164,"Midland Credit Management, Inc.",2131SC001160,Small Claims,Open,20210722,20210722
47,86458437,"Midland Credit Management, Inc.",2131SC001158,Small Claims,Open,20210721,20210721
48,86458572,"Midland Credit Management, Inc.",2131SC001166,Small Claims,Disposed (Statistical Purposes),20210722,20210930
49,86460226,"Midland Credit Management, Inc.",2153SC000880,Small Claims,Open,20210809,20210809
0,86461868,"Midland Credit Management, Inc.",2153SC000882,Small Claims,Open,20210810,20210810
1,86461901,"Midland Credit Management, Inc.",2159SC000932,Small Claims,Disposed (Statistical Purposes),20210728,20211026
2,86463148,"Midland Credit Management, Inc.",2153SC000858,Small Claims,Open,20210809,20210809
3,86463410,"Midland Credit Management, Inc.",2159SC000934,Small Claims,Disposed (Statistical Purposes),20210728,20211208
4,86464243,"Midland Credit Management, Inc.",2131SC001161,Small Claims,Disposed (Statistical Purposes),20210722,20210806
5,86467999,"Midland Credit Management, Inc.",2159SC000933,Small Claims,Disposed (Statistical Purposes),20210728,20211108
6,86469860,"Midland Credit Management, Inc.",2167SC000494-EF,Small Claims,Open,20210809,20210809
7,86473031,"Midland Credit Management, Inc.",2131SC001170,Small Claims,Open,20210723,20210723
8,86473372,"Midland Credit Management, Inc.",2131SC001135,Small Claims,Disposed (Statistical Purposes),20210723,20210930
9,86476216,"Midland Credit Management, Inc.",2131SC000921,Small Claims,Disposed (Statistical Purposes),20210616,20210823
10,86476495,"Midland Credit Management, Inc.",2131SC001173,Small Claims,Disposed (Statistical Purposes),20210723,20210930
11,86477759,"Midland Credit Management, Inc.",2144SC000596,Small Claims,Open,20210719,20210720
12,86478710,"Midland Credit Management, Inc.",2131SC001171,Small Claims,Disposed (Statistical Purposes),20210723,20210824
13,86479219,"Midland Credit Management, Inc.",2131SC001172,Small Claims,Disposed (Statistical Purposes),20210723,20210930
14,86479451,"Midland Credit Management, Inc.",2131SC001134,Small Claims,Disposed (Statistical Purposes),20210723,20210930
15,86480396,"Midland Credit Management, Inc.",2131SC001136,Small Claims,Disposed (Statistical Purposes),20210723,20210930
16,86480569,"Midland Credit Management, Inc.",2144SC000600,Small Claims,Open,20210719,20210719
17,86480620,"Midland Credit Management, Inc.",2167SC000500-EF,Small Claims,Open,20210810,20210810
18,86480780,"Midland Credit Management, Inc.",2131SC001174,Small Claims,Open,20210723,20210723
19,86481625,"Midland Credit Management, Inc.",2144SC000604,Small Claims,Open,20210719,20210719
20,86483187,"Midland Credit Management, Inc.",2151SC000502,Small Claims,Open,20210719,20210719
21,86484773,"Midland Credit Management, Inc.",2144SC000605,Small Claims,Disposed (Statistical Purposes),20210719,20220217
22,86486355,"Midland Credit Management, Inc.",2144SC000597,Small Claims,Open,20210719,20210719
23,86486952,"Midland Credit Management, Inc.",2131SC001238,Small Claims,Disposed (Statistical Purposes),20210726,20211004
24,86487241,"Midland Credit Management, Inc.",2144SC000606,Small Claims,Open,20210719,20210719
25,86487292,"Midland Credit Management, Inc.",2151SC000513,Small Claims,Disposed (Statistical Purposes),20210719,20220103
26,86487747,"Midland Credit Management, Inc.",2153SC000886,Small Claims,Open,20210811,20210811
27,86489978,"Midland Credit Management, Inc.",2131SC001237,Small Claims,Disposed (Statistical Purposes),20210726,20211004
28,86490462,"Midland Credit Management, Inc.",2131SC001235,Small Claims,Disposed (Statistical Purposes),20210726,20220110
29,86492402,"Midland Credit Management, Inc.",2136SC000544,Small Claims,Disposed (Statistical Purposes),20210602,20220106
30,86492995,"Midland Credit Management, Inc.",2131SC001140,Small Claims,Disposed (Statistical Purposes),20210726,20211007
31,86493491,"Midland Credit Management, Inc.",2131SC001232,Small Claims,Disposed (Statistical Purposes),20210726,20211004
32,86494306,"Midland Credit Management, Inc.",2136SC000543,Small Claims,Disposed (Statistical Purposes),20210602,20220106
33,86495229,"Midland Credit Management, Inc.",2131SC001231,Small Claims,Disposed (Statistical Purposes),20210726,20220110
34,86496212,"Midland Credit Management, Inc.",2131SC001236,Small Claims,Disposed (Statistical Purposes),20210726,20211004
35,86497491,"Midland Credit Management, Inc.",2160SC000488,Small Claims,Open,20210614,20210614
36,86499833,"Midland Credit Management, Inc.",2162SC001415-EF,Small Claims,Disposed (Statistical Purposes),20210616,20211208
37,86501052,"Midland Credit Management, Inc.",2151CV000201,Civil,Open,20210723,20210723
38,86505980,"Midland Credit Management, Inc.",2144SC000620,Small Claims,Open,20210723,20210723
39,86506288,"Midland Credit Management, Inc.",2144SC000632,Small Claims,Open,20210723,20210723
40,86506523,"Midland Credit Management, Inc.",2159CV000432,Civil,Open,20210805,20210805
41,86506885,"Midland Credit Management, Inc.",2160SC000492,Small Claims,Open,20210616,20210616
42,86507073,"Midland Credit Management, Inc.",2144SC000379,Small Claims,Open,20210520,20210520
43,86508551,"Midland Credit Management, Inc.",2136SC000545,Small Claims,Open,20210602,20210602
44,86509056,"Midland Credit Management, Inc.",2144SC000619,Small Claims,Open,20210723,20210723
45,86509716,"Midland Credit Management, Inc.",2144SC000634,Small Claims,Open,20210723,20210723
46,86510218,"Midland Credit Management, Inc.",2144SC000363,Small Claims,Open,20210520,20210520
47,86510298,"Midland Credit Management, Inc.",2144SC000633,Small Claims,Open,20210723,20210723
48,86510623,"Midland Credit Management, Inc.",2144SC000631,Small Claims,Open,20210723,20210723
49,86513414,"Midland Credit Management, Inc.",2136SC000541,Small Claims,Disposed (Statistical Purposes),20210602,20220106
0,86514567,"Midland Credit Management, Inc.",2131SC000924,Small Claims,Disposed (Statistical Purposes),20210621,20210823
1,86517159,"Midland Credit Management, Inc.",2131SC001181,Small Claims,Disposed (Statistical Purposes),20210728,20211004
2,86518380,"Midland Credit Management, Inc.",2131SC000925,Small Claims,Disposed (Statistical Purposes),20210621,20210823
3,86521989,"Midland Credit Management, Inc.",2144SC000642,Small Claims,Open,20210727,20210727
4,86522934,"Midland Credit Management, Inc.",2131SC001180,Small Claims,Disposed (Statistical Purposes),20210728,20211004
5,86524707,"Midland Credit Management, Inc.",2144SC000637,Small Claims,Open,20210726,20210726
6,86525602,"Midland Credit Management, Inc.",2144SC000373,Small Claims,Open,20210524,20210524
7,86527525,"Midland Credit Management, Inc.",2144SC000641,Small Claims,Open,20210727,20210727
8,86527713,"Midland Credit Management, Inc.",2160SC000501,Small Claims,Open,20210621,20210621
9,86528130,"Midland Credit Management, Inc.",2144SC000635,Small Claims,Open,20210726,20210726
10,86528926,"Midland Credit Management, Inc.",2144SC000640,Small Claims,Open,20210727,20210727
11,86529780,"Midland Credit Management, Inc.",2144SC000639,Small Claims,Open,20210726,20210726
12,86530563,"Midland Credit Management, Inc.",2144SC000636,Small Claims,Open,20210726,20210726
13,86534571,"Midland Credit Management, Inc.",2131SC001179,Small Claims,Disposed (Statistical Purposes),20210728,20220124
14,86536573,"Midland Credit Management, Inc.",2144SC000652,Small Claims,Open,20210728,20210728
15,86536654,"Midland Credit Management, Inc.",2144SC000651,Small Claims,Open,20210728,20210728
16,86538636,"Midland Credit Management, Inc.",2131SC001263,Small Claims,Disposed (Statistical Purposes),20210728,20220110
17,86539381,"Midland Credit Management, Inc.",2144SC000649,Small Claims,Open,20210728,20210728
18,86540483,"Midland Credit Management, Inc.",2144SC000647,Small Claims,Open,20210728,20210728
19,86545154,"Midland Credit Management, Inc.",2144SC000381,Small Claims,Disposed (Statistical Purposes),20210528,20211007
20,86546684,"Midland Credit Management, Inc.",2162CV000508,Civil,Open,20210518,20210518
21,86547880,"Midland Credit Management, Inc.",2144SC000365,Small Claims,Open,20210527,20210527
22,86548301,"Midland Credit Management, Inc.",2144SC000366,Small Claims,Open,20210527,20210527
23,86548538,"Midland Credit Management, Inc.",2131SC001192,Small Claims,Disposed (Statistical Purposes),20210729,20210908
24,86549644,"Midland Credit Management, Inc.",2162SC001151-EF,Small Claims,Open,20210518,20210518
25,86550150,"Midland Credit Management, Inc.",2159SC001008,Small Claims,Closed,20210809,20220209
26,86550501,"Midland Credit Management, Inc.",2144SC000659,Small Claims,Open,20210729,20210729
27,86551829,"Midland Credit Management, Inc.",2162SC001149-EF,Small Claims,Disposed (Statistical Purposes),20210518,20211116
28,86553846,"Midland Credit Management, Inc.",2131SC001196,Small Claims,Disposed (Statistical Purposes),20210729,20210812
29,86556274,"Midland Credit Management, Inc.",2162SC001152-EF,Small Claims,Disposed (Statistical Purposes),20210518,20211129
30,86558322,"Midland Credit Management, Inc.",2162SC001150-EF,Small Claims,Disposed (Statistical Purposes),20210518,20211116
31,86565060,"Midland Credit Management, Inc.",2131SC000959,Small Claims,Disposed (Statistical Purposes),20210628,20210823
32,86566564,"Midland Credit Management, Inc.",2159CV000441,Civil,Open,20210811,20210811
33,86569071,"Midland Credit Management, Inc.",2131SC000967,Small Claims,Disposed (Statistical Purposes),20210628,20210803
34,86569791,"Midland Credit Management, Inc.",2159SC001026,Small Claims,Open,20210810,20210810
35,86574908,"Midland Credit Management, Inc.",2162SC001200-EF,Small Claims,Disposed (Statistical Purposes),20210521,20211117
36,86577015,"Midland Credit Management, Inc.",2162SC001170,Small Claims,Disposed (Statistical Purposes),20210521,20211117
37,86577327,"Midland Credit Management, Inc.",2162SC001168,Small Claims,Disposed (Statistical Purposes),20210521,20211025
38,86579090,"Midland Credit Management, Inc.",2144SC000668,Small Claims,Open,20210802,20210802
39,86580370,"Midland Credit Management, Inc.",2144SC000422,Small Claims,Open,20210602,20210602
40,86583982,"Midland Credit Management, Inc.",2131SC000966,Small Claims,Disposed (Statistical Purposes),20210628,20211129
41,86584488,"Midland Credit Management, Inc.",2162SC001158-EF,Small Claims,Disposed (Statistical Purposes),20210520,20211117
42,86584683,"Midland Credit Management, Inc.",2159CV000446,Civil,Open,20210813,20210813
43,86584873,"Midland Credit Management, Inc.",2159SC001051,Small Claims,Open,20210813,20210813
44,86585341,"Midland Credit Management, Inc.",2159SC001050,Small Claims,Open,20210813,20210813
45,86585518,"Midland Credit Management, Inc.",2162SC001169,Small Claims,Disposed (Statistical Purposes),20210521,20211129
46,86585905,"Midland Credit Management, Inc.",2136SC000646,Small Claims,Disposed (Statistical Purposes),20210616,20220106
47,86590891,"Midland Credit Management, Inc.",2160SC000568,Small Claims,Open,20210625,20210625
48,86592247,"Midland Credit Management, Inc.",2151SC000573,Small Claims,Open,20210810,20210810
49,86604526,"Midland Credit Management, Inc.",2160SC000563,Small Claims,Open,20210628,20210628
0,86605115,"Midland Credit Management, Inc.",2160SC000569,Small Claims,Open,20210628,20210628
1,86609438,"Midland Credit Management, Inc.",2162SC001529-EF,Small Claims,Disposed (Statistical Purposes),20210624,20211215
2,86615085,"Midland Credit Management, Inc.",2160SC000577,Small Claims,Open,20210630,20210630
3,86615826,"Midland Credit Management, Inc.",2160SC000579,Small Claims,Open,20210630,20210630
4,86617807,"Midland Credit Management, Inc.",2162SC001211-EF,Small Claims,Disposed (Statistical Purposes),20210525,20211117
5,86620695,"Midland Credit Management, Inc.",2160SC000575,Small Claims,Open,20210630,20210630
6,86621806,"Midland Credit Management, Inc.",2156SC000819,Small Claims,Open,20210518,20210518
7,86625392,"Midland Credit Management, Inc.",2160SC000625,Small Claims,Open,20210702,20210702
8,86625933,"Midland Credit Management, Inc.",2160SC000626,Small Claims,Open,20210702,20210702
9,86626463,"Midland Credit Management, Inc.",2160SC000623,Small Claims,Open,20210702,20210702
10,86627445,"Midland Credit Management, Inc.",2160SC000624,Small Claims,Open,20210702,20210702
11,86628026,"Midland Credit Management, Inc.",2162SC001228-EF,Small Claims,Disposed (Statistical Purposes),20210527,20211130
12,86629136,"Midland Credit Management, Inc.",2131SC001289,Small Claims,Disposed (Statistical Purposes),20210810,20211014
13,86629959,"Midland Credit Management, Inc.",2160SC000622,Small Claims,Open,20210702,20210702
14,86630815,"Midland Credit Management, Inc.",2162SC001227-EF,Small Claims,Disposed (Statistical Purposes),20210527,20211130
15,86631103,"Midland Credit Management, Inc.",2162SC001234-EF,Small Claims,Disposed (Statistical Purposes),20210528,20211130
16,86632003,"Midland Credit Management, Inc.",2144SC000698,Small Claims,Open,20210810,20210810
17,86632298,"Midland Credit Management, Inc.",2162SC001233-EF,Small Claims,Disposed (Statistical Purposes),20210528,20211130
18,86633428,"Midland Credit Management, Inc.",2162SC001218,Small Claims,Disposed (Statistical Purposes),20210527,20211126
19,86635937,"Midland Credit Management, Inc.",2160SC000629,Small Claims,Disposed (Statistical Purposes),20210706,20211117
20,86636881,"Midland Credit Management, Inc.",2131SC001264,Small Claims,Disposed (Statistical Purposes),20210809,20211014
21,86637079,"Midland Credit Management, Inc.",2131SC001284,Small Claims,Disposed (Statistical Purposes),20210809,20211014
22,86639130,"Midland Credit Management, Inc.",2131SC001275,Small Claims,Disposed (Statistical Purposes),20210809,20211022
23,86640072,"Midland Credit Management, Inc.",2160SC000628,Small Claims,Open,20210706,20210706
24,86643301,"Midland Credit Management, Inc.",2144SC000702,Small Claims,Open,20210811,20210811
25,86643549,"Midland Credit Management, Inc.",2131SC001286,Small Claims,Disposed (Statistical Purposes),20210810,20211014
26,86643787,"Midland Credit Management, Inc.",2156SC000838,Small Claims,Open,20210520,20210520
27,86644334,"Midland Credit Management, Inc.",2131SC001276,Small Claims,Disposed (Statistical Purposes),20210809,20211014
28,86644741,"Midland Credit Management, Inc.",2160SC000389,Small Claims,Open,20210527,20210527
29,86645350,"Midland Credit Management, Inc.",2156SC000836,Small Claims,Closed,20210520,20220207
30,86646204,"Midland Credit Management, Inc.",2160CV000156,Civil,Disposed (Statistical Purposes),20210527,20211118
31,86648760,"Midland Credit Management, Inc.",2156SC000843,Small Claims,Open,20210521,20210521
32,86650336,"Midland Credit Management, Inc.",2136SC000672,Small Claims,Open,20210628,20210628
33,86652362,"Midland Credit Management, Inc.",2136SC000675,Small Claims,Open,20210629,20210629
34,86652556,"Midland Credit Management, Inc.",2160SC000388,Small Claims,Disposed (Statistical Purposes),20210528,20220107
35,86653418,"Midland Credit Management, Inc.",2160SC000676,Small Claims,Open,20210709,20210709
36,86654823,"Midland Credit Management, Inc.",2156SC000892,Small Claims,Open,20210525,20210525
37,86656115,"Midland Credit Management, Inc.",2156SC000859,Small Claims,Open,20210524,20210524
38,86656555,"Midland Credit Management, Inc.",2136SC000676,Small Claims,Open,20210629,20210629
39,86659225,"Midland Credit Management, Inc.",2156SC000860,Small Claims,Open,20210524,20210524
40,86661092,"Midland Credit Management, Inc.",2156SC000864,Small Claims,Open,20210525,20210525
41,86661498,"Midland Credit Management, Inc.",2136SC000680,Small Claims,Open,20210630,20210630
42,86661697,"Midland Credit Management, Inc.",2156SC000858,Small Claims,Disposed (Statistical Purposes),20210524,20211026
43,86662772,"Midland Credit Management, Inc.",2160SC000402,Small Claims,Open,20210602,20210602
44,86665666,"Midland Credit Management, Inc.",2160SC000403,Small Claims,Open,20210602,20210602
45,86666140,"Midland Credit Management, Inc.",2156SC000876,Small Claims,Open,20210525,20210525
46,86666821,"Midland Credit Management, Inc.",2156SC000866,Small Claims,Open,20210525,20210525
47,86671397,"Midland Credit Management, Inc.",2156SC000893,Small Claims,Closed,20210525,20211108
48,86674137,"Midland Credit Management, Inc.",2160SC000597,Small Claims,Open,20210712,20210712
49,86676325,"Midland Credit Management, Inc.",2156SC000877,Small Claims,Open,20210525,20210525
0,86678222,"Midland Credit Management, Inc.",2156SC000872,Small Claims,Open,20210525,20210525
1,86678556,"Midland Credit Management, Inc.",2156SC000875,Small Claims,Open,20210525,20210525
2,86680858,"Midland Credit Management, Inc.",2156SC000863,Small Claims,Open,20210525,20210525
3,86681018,"Midland Credit Management, Inc.",2156SC000857,Small Claims,Open,20210524,20210524
4,86681344,"Midland Credit Management, Inc.",2170SC000130,Small Claims,Open,20210520,20210520
5,86681653,"Midland Credit Management, Inc.",2156SC000868,Small Claims,Open,20210525,20210525
6,86681741,"Midland Credit Management, Inc.",2160SC000405,Small Claims,Open,20210604,20210604
7,86682294,"Midland Credit Management, Inc.",2170SC000134,Small Claims,Open,20210521,20210521
8,86682322,"Midland Credit Management, Inc.",2160SC000603,Small Claims,Open,20210714,20210714
9,86682657,"Midland Credit Management, Inc.",2170SC000133,Small Claims,Open,20210521,20210521
10,86683489,"Midland Credit Management, Inc.",2170SC000131EFILE,Small Claims,Open,20210520,20210520
11,86685173,"Midland Credit Management, Inc.",2156SC000867,Small Claims,Open,20210525,20210525
12,86685667,"Midland Credit Management, Inc.",2170SC000132,Small Claims,Open,20210521,20210521
13,86687286,"Midland Credit Management, Inc.",2165SC000254,Small Claims,Open,20210521,20210521
14,86687341,"Midland Credit Management, Inc.",2156SC000933,Small Claims,Open,20210525,20210525
15,86688306,"Midland Credit Management, Inc.",2156SC000932,Small Claims,Open,20210525,20210525
16,86688228,"Midland Credit Management, Inc.",2165SC000253,Small Claims,Open,20210521,20210521
17,86688959,"Midland Credit Management, Inc.",2165SC000255-EF,Small Claims,Open,20210521,20210521
18,86689999,"Midland Credit Management, Inc.",2160SC000652,Small Claims,Open,20210716,20210716
19,86690279,"Midland Credit Management, Inc.",2160SC000604,Small Claims,Open,20210716,20210716
20,86690480,"Midland Credit Management, Inc.",2160SC000651,Small Claims,Open,20210716,20210716
21,86691181,"Midland Credit Management, Inc.",2160SC000649,Small Claims,Open,20210716,20210716
22,86693553,"Midland Credit Management, Inc.",2170SC000136EF,Small Claims,Open,20210524,20210524
23,86695616,"Midland Credit Management, Inc.",2156SC000936,Small Claims,Open,20210527,20210527
24,86699012,"Midland Credit Management, Inc.",2160SC000660,Small Claims,Open,20210719,20210719
25,86701071,"Midland Credit Management, Inc.",2165SC000263,Small Claims,Open,20210524,20210524
26,86702274,"Midland Credit Management, Inc.",2165SC000266,Small Claims,Open,20210524,20210524
27,86704932,"Midland Credit Management, Inc.",2165SC000265,Small Claims,Open,20210524,20210524
28,86705437,"Midland Credit Management, Inc.",2170SC000138EF,Small Claims,Disposed (Statistical Purposes),20210527,20210910
29,86705644,"Midland Credit Management, Inc.",2165SC000261,Small Claims,Open,20210524,20210524
30,86707395,"Midland Credit Management, Inc.",2165SC000264,Small Claims,Open,20210524,20210524
31,86708002,"Midland Credit Management, Inc.",2165SC000262,Small Claims,Open,20210524,20210524
32,86708550,"Midland Credit Management, Inc.",2156SC000937,Small Claims,Open,20210527,20210527
33,86709365,"Midland Credit Management, Inc.",2165SC000260-EF,Small Claims,Open,20210525,20210525
34,86709635,"Midland Credit Management, Inc.",2156SC000939,Small Claims,Open,20210528,20210528
35,86710885,"Midland Credit Management, Inc.",2165SC000256-EF,Small Claims,Open,20210524,20210524
36,86711082,"Midland Credit Management, Inc.",2156SC000940,Small Claims,Open,20210528,20210528
37,86712407,"Midland Credit Management, Inc.",2170SC000139EF,Small Claims,Open,20210528,20210528
38,86712862,"Midland Credit Management, Inc.",2170SC000140EF,Small Claims,Open,20210528,20210528
39,86713445,"Midland Credit Management, Inc.",2156SC000941,Small Claims,Open,20210528,20210528
40,86717519,"Midland Credit Management, Inc.",2165SC000272,Small Claims,Open,20210526,20210526
41,86717769,"Midland Credit Management, Inc.",2165SC000274,Small Claims,Open,20210526,20210526
42,86717848,"Midland Credit Management, Inc.",2165SC000273,Small Claims,Open,20210526,20210526
43,86719591,"Midland Credit Management, Inc.",2170SC000148,Small Claims,Disposed (Statistical Purposes),20210602,20211122
44,86720137,"Midland Credit Management, Inc.",2170SC000149,Small Claims,Open,20210602,20210602
45,86720605,"Midland Credit Management, Inc.",2170SC000144,Small Claims,Open,20210602,20210602
46,86720882,"Midland Credit Management, Inc.",2170SC000152,Small Claims,Open,20210602,20210602
47,86722314,"Midland Credit Management, Inc.",2170SC000150,Small Claims,Closed,20210602,20220216
48,86722622,"Midland Credit Management, Inc.",2160SC000630,Small Claims,Open,20210723,20210723
49,86723266,"Midland Credit Management, Inc.",2160SC000662,Small Claims,Open,20210722,20210722
0,86723385,"Midland Credit Management, Inc.",2160SC000619,Small Claims,Open,20210723,20210723
1,86730446,"Midland Credit Management, Inc.",2160CV000222,Civil,Open,20210726,20210726
2,86731978,"Midland Credit Management, Inc.",2165SC000287,Small Claims,Open,20210601,20210601
3,86732614,"Midland Credit Management, Inc.",2165SC000284,Small Claims,Open,20210601,20210601
4,86734440,"Midland Credit Management, Inc.",2165SC000285,Small Claims,Open,20210601,20210601
5,86734574,"Midland Credit Management, Inc.",2160SC000689,Small Claims,Open,20210726,20210726
6,86736826,"Midland Credit Management, Inc.",2160SC000687,Small Claims,Open,20210726,20210726
7,86737743,"Midland Credit Management, Inc.",2156SC000967,Small Claims,Open,20210603,20210603
8,86737854,"Midland Credit Management, Inc.",2160SC000631,Small Claims,Open,20210726,20210726
9,86741682,"Midland Credit Management, Inc.",2156SC000968,Small Claims,Open,20210603,20210603
10,86742009,"Midland Credit Management, Inc.",2160SC000636,Small Claims,Disposed (Statistical Purposes),20210728,20220209
11,86745886,"Midland Credit Management, Inc.",2156SC000948,Small Claims,Open,20210602,20210602
12,86748720,"Midland Credit Management, Inc.",2156SC000971,Small Claims,Open,20210603,20210603
13,86750404,"Midland Credit Management, Inc.",2156SC000966,Small Claims,Open,20210603,20210603
14,86765031,"Midland Credit Management, Inc.",2160SC000708,Small Claims,Open,20210802,20210802
15,86772389,"Midland Credit Management, Inc.",2170SC000164EF,Small Claims,Open,20210623,20210623
16,86780827,"Midland Credit Management, Inc.",2170SC000168EFILE,Small Claims,Disposed (Statistical Purposes),20210628,20211108
17,86782814,"Midland Credit Management, Inc.",2162SC001372,Small Claims,Disposed (Statistical Purposes),20210610,20211207
18,86786488,"Midland Credit Management, Inc.",2170SC000172,Small Claims,Open,20210630,20210630
19,86789106,"Midland Credit Management, Inc.",2170SC000171,Small Claims,Disposed (Statistical Purposes),20210630,20211217
20,86789216,"Midland Credit Management, Inc.",2160SC000714,Small Claims,Open,20210810,20210810
21,86790521,"Midland Credit Management, Inc.",2160SC000717,Small Claims,Open,20210811,20210811
22,86794519,"Midland Credit Management, Inc.",2170SC000178,Small Claims,Open,20210702,20210702
23,86794869,"Midland Credit Management, Inc.",2170SC000179,Small Claims,Open,20210702,20210702
24,86795979,"Midland Credit Management, Inc.",2165SC000328,Small Claims,Open,20210624,20210624
25,86799837,"Midland Credit Management, Inc.",2170SC000185,Small Claims,Open,20210707,20210707
26,86800117,"Midland Credit Management, Inc.",2170SC000184,Small Claims,Open,20210707,20210707
27,86800226,"Midland Credit Management, Inc.",2170SC000183,Small Claims,Open,20210707,20210707
28,86800378,"Midland Credit Management, Inc.",2170SC000186,Small Claims,Open,20210707,20210707
29,86800439,"Midland Credit Management, Inc.",2170SC000187,Small Claims,Open,20210707,20210707
30,86804233,"Midland Credit Management, Inc.",2165SC000333-EF,Small Claims,Open,20210628,20210628
31,86804451,"Midland Credit Management, Inc.",2165SC000335,Small Claims,Open,20210629,20210629
32,86805770,"Midland Credit Management, Inc.",2170SC000196,Small Claims,Open,20210713,20210713
33,86806122,"Midland Credit Management, Inc.",2167SC000281-EF,Small Claims,Disposed (Statistical Purposes),20210518,20210616
34,86808467,"Midland Credit Management, Inc.",2165SC000338,Small Claims,Open,20210630,20210630
35,86811882,"Midland Credit Management, Inc.",2165SC000346,Small Claims,Open,20210702,20210702
36,86812570,"Midland Credit Management, Inc.",2165SC000343,Small Claims,Open,20210702,20210702
37,86812938,"Midland Credit Management, Inc.",2167SC000287-EF,Small Claims,Disposed (Statistical Purposes),20210520,20220208
38,86812965,"Midland Credit Management, Inc.",2165SC000345,Small Claims,Open,20210702,20210702
39,86813533,"Midland Credit Management, Inc.",2167SC000286-EF,Small Claims,Disposed (Statistical Purposes),20210520,20220208
40,86815465,"Midland Credit Management, Inc.",2165SC000344,Small Claims,Open,20210702,20210702
41,86819145,"Midland Credit Management, Inc.",2167SC000291-EF,Small Claims,Open,20210524,20210524
42,86819969,"Midland Credit Management, Inc.",2167SC000292-EF,Small Claims,Disposed (Statistical Purposes),20210524,20220208
43,86822356,"Midland Credit Management, Inc.",2165SC000355,Small Claims,Open,20210706,20210706
44,86823123,"Midland Credit Management, Inc.",2165SC000356,Small Claims,Open,20210706,20210706
45,86824053,"Midland Credit Management, Inc.",2170SC000210,Small Claims,Open,20210722,20210722
46,86824777,"Midland Credit Management, Inc.",2165SC000364,Small Claims,Open,20210706,20210706
47,86825232,"Midland Credit Management, Inc.",2165SC000358,Small Claims,Open,20210706,20210706
48,86825360,"Midland Credit Management, Inc.",2165SC000363,Small Claims,Open,20210706,20210706
49,86825919,"Midland Credit Management, Inc.",2165SC000360,Small Claims,Open,20210706,20210706
0,86826267,"Midland Credit Management, Inc.",2170SC000201EF,Small Claims,Open,20210726,20210726
1,86826459,"Midland Credit Management, Inc.",2165SC000362,Small Claims,Open,20210706,20210706
2,86828071,"Midland Credit Management, Inc.",2170SC000224,Small Claims,Open,20210728,20210728
3,86828750,"Midland Credit Management, Inc.",2170SC000217,Small Claims,Open,20210728,20210728
4,86829350,"Midland Credit Management, Inc.",2170SC000216,Small Claims,Open,20210728,20210728
5,86829914,"Midland Credit Management, Inc.",2170SC000223,Small Claims,Open,20210728,20210728
6,86832634,"Midland Credit Management, Inc.",2165SC000369-EF,Small Claims,Open,20210712,20210712
7,86833787,"Midland Credit Management, Inc.",2170SC000215,Small Claims,Open,20210729,20210729
8,86834138,"Midland Credit Management, Inc.",2170SC000214,Small Claims,Open,20210730,20210730
9,86834370,"Midland Credit Management, Inc.",2167SC000301-EF,Small Claims,Open,20210527,20210527
10,86834466,"Midland Credit Management, Inc.",2165SC000365,Small Claims,Open,20210712,20210712
11,86835695,"Midland Credit Management, Inc.",2155SC000437,Small Claims,Disposed (Statistical Purposes),20210708,20211208
12,86836396,"Midland Credit Management, Inc.",2155SC000444,Small Claims,Disposed (Statistical Purposes),20210708,20211208
13,86838399,"Midland Credit Management, Inc.",2155SC000441,Small Claims,Disposed (Statistical Purposes),20210708,20211208
14,86839326,"Midland Credit Management, Inc.",2155SC000436,Small Claims,Disposed (Statistical Purposes),20210708,20211006
15,86839795,"Midland Credit Management, Inc.",2165SC000373-EF,Small Claims,Open,20210714,20210714
16,86840080,"Midland Credit Management, Inc.",2165SC000372-EF,Small Claims,Open,20210714,20210714
17,86840431,"Midland Credit Management, Inc.",2155SC000440,Small Claims,Closed,20210708,20210818
18,86840675,"Midland Credit Management, Inc.",2165SC000368,Small Claims,Open,20210713,20210713
19,86840984,"Midland Credit Management, Inc.",2155SC000445,Small Claims,Disposed (Statistical Purposes),20210708,20211208
20,86841341,"Midland Credit Management, Inc.",2155SC000438,Small Claims,Open,20210708,20210708
21,86842396,"Midland Credit Management, Inc.",2155SC000439,Small Claims,Open,20210708,20210708
22,86842978,"Midland Credit Management, Inc.",2155SC000442,Small Claims,Disposed (Statistical Purposes),20210708,20211208
23,86843266,"Midland Credit Management, Inc.",2155SC000443,Small Claims,Disposed (Statistical Purposes),20210708,20211208
24,86849523,"Midland Credit Management, Inc.",2167SC000314-EF,Small Claims,Open,20210602,20210602
25,86853506,"Midland Credit Management, Inc.",2165SC000383,Small Claims,Open,20210720,20210720
26,86853891,"Midland Credit Management, Inc.",2165SC000384,Small Claims,Open,20210720,20210720
27,86855617,"Midland Credit Management, Inc.",2155SC000452,Small Claims,Disposed (Statistical Purposes),20210712,20211208
28,86856002,"Midland Credit Management, Inc.",2165SC000382,Small Claims,Open,20210720,20210720
29,86856478,"Midland Credit Management, Inc.",2165SC000378,Small Claims,Open,20210719,20210719
30,86860222,"Midland Credit Management, Inc.",2155SC000455,Small Claims,Open,20210714,20210714
31,86861956,"Midland Credit Management, Inc.",2165SC000397,Small Claims,Open,20210722,20210722
32,86862818,"Midland Credit Management, Inc.",2165SC000401,Small Claims,Disposed (Statistical Purposes),20210722,20210804
33,86865810,"Midland Credit Management, Inc.",2165SC000400,Small Claims,Open,20210722,20210722
34,86866853,"Midland Credit Management, Inc.",2165SC000393,Small Claims,Open,20210722,20210722
35,86867100,"Midland Credit Management, Inc.",2165SC000394,Small Claims,Open,20210722,20210722
36,86867782,"Midland Credit Management, Inc.",2165SC000395,Small Claims,Open,20210722,20210722
37,86873487,"Midland Credit Management, Inc.",2165SC000406-EF,Small Claims,Open,20210726,20210726
38,86873557,"Midland Credit Management, Inc.",2153SC000476,Small Claims,Open,20210517,20210517
39,86875988,"Midland Credit Management, Inc.",2165SC000410-EF,Small Claims,Open,20210728,20210728
40,86878951,"Midland Credit Management, Inc.",2155SC000461,Small Claims,Disposed (Statistical Purposes),20210721,20211215
41,86890263,"Midland Credit Management, Inc.",2155SC000466,Small Claims,Open,20210726,20210726
42,86893020,"Midland Credit Management, Inc.",2153SC000489,Small Claims,Disposed (Statistical Purposes),20210521,20211103
43,86896410,"Midland Credit Management, Inc.",2155SC000487,Small Claims,Disposed (Statistical Purposes),20210729,20211215
44,86897064,"Midland Credit Management, Inc.",2155SC000471,Small Claims,Open,20210728,20210728
45,86898003,"Midland Credit Management, Inc.",2155SC000489,Small Claims,Disposed (Statistical Purposes),20210729,20220105
46,86899115,"Midland Credit Management, Inc.",2155SC000494,Small Claims,Disposed (Statistical Purposes),20210729,20220105
47,86900283,"Midland Credit Management, Inc.",2155SC000472,Small Claims,Disposed (Statistical Purposes),20210728,20211215
48,86900985,"Midland Credit Management, Inc.",2155SC000495,Small Claims,Disposed (Statistical Purposes),20210729,20220105
49,86901393,"Midland Credit Management, Inc.",2155SC000488,Small Claims,Open,20210729,20210729
0,86903735,"Midland Credit Management, Inc.",2155SC000492,Small Claims,Disposed (Statistical Purposes),20210729,20211116
1,86904029,"Midland Credit Management, Inc.",2155SC000504,Small Claims,Closed,20210729,20220215
2,86906665,"Midland Credit Management, Inc.",2155SC000491,Small Claims,Disposed (Statistical Purposes),20210729,20220105
3,86911538,"Midland Credit Management, Inc.",2153SC000518,Small Claims,Disposed (Statistical Purposes),20210528,20211213
4,86918324,"Midland Credit Management, Inc.",2153SC000519,Small Claims,Disposed (Statistical Purposes),20210528,20211201
5,86921577,"Midland Credit Management, Inc.",2153SC000513,Small Claims,Disposed (Statistical Purposes),20210527,20211201
6,86931035,"Midland Credit Management, Inc.",2153SC000523,Small Claims,Disposed (Statistical Purposes),20210601,20211117
7,86931482,"Midland Credit Management, Inc.",2151SC000342,Small Claims,Disposed (Statistical Purposes),20210520,20211004
8,86936778,"Midland Credit Management, Inc.",2151SC000337,Small Claims,Disposed (Statistical Purposes),20210524,20211004
9,86937505,"Midland Credit Management, Inc.",2151SC000338,Small Claims,Disposed (Statistical Purposes),20210524,20211004
10,86942014,"Midland Credit Management, Inc.",2155SC000515,Small Claims,Open,20210809,20210809
11,86942516,"Midland Credit Management, Inc.",2153SC000542,Small Claims,Disposed (Statistical Purposes),20210602,20211108
12,86944320,"Midland Credit Management, Inc.",2153SC000531,Small Claims,Disposed (Statistical Purposes),20210602,20211117
13,86944386,"Midland Credit Management, Inc.",2155SC000516,Small Claims,Closed,20210809,20210916
14,86945175,"Midland Credit Management, Inc.",2153SC000530,Small Claims,Disposed (Statistical Purposes),20210602,20211117
15,86945868,"Midland Credit Management, Inc.",2153SC000537,Small Claims,Disposed (Statistical Purposes),20210602,20211208
16,86947757,"Midland Credit Management, Inc.",2153SC000539,Small Claims,Disposed (Statistical Purposes),20210602,20211208
17,86948138,"Midland Credit Management, Inc.",2153SC000540,Small Claims,Disposed (Statistical Purposes),20210602,20211208
18,86948655,"Midland Credit Management, Inc.",2153SC000529,Small Claims,Disposed (Statistical Purposes),20210602,20211119
19,86949799,"Midland Credit Management, Inc.",2153SC000544,Small Claims,Disposed (Statistical Purposes),20210603,20211215
20,86950379,"Midland Credit Management, Inc.",2153SC000536,Small Claims,Open,20210602,20210602
21,86957737,"Midland Credit Management, Inc.",2151SC000350,Small Claims,Disposed (Statistical Purposes),20210604,20210823
22,86957949,"Midland Credit Management, Inc.",2151SC000349,Small Claims,Disposed (Statistical Purposes),20210604,20210823
23,86973421,"Midland Credit Management, Inc.",2153SC000582,Small Claims,Disposed (Statistical Purposes),20210614,20211217
24,86977858,"Midland Credit Management, Inc.",2151SC000377,Small Claims,Disposed (Statistical Purposes),20210623,20210922
25,86979548,"Midland Credit Management, Inc.",2151SC000382,Small Claims,Open,20210624,20210624
26,86983896,"Midland Credit Management, Inc.",2151SC000386,Small Claims,Disposed (Statistical Purposes),20210628,20211102
27,87015426,"Midland Credit Management, Inc.",2151SC000446,Small Claims,Disposed (Statistical Purposes),20210706,20211213
28,87020597,"Midland Credit Management, Inc.",2153SC000647,Small Claims,Disposed (Statistical Purposes),20210625,20211029
29,87035944,"Midland Credit Management, Inc.",2153SC000666,Small Claims,Disposed (Statistical Purposes),20210701,20211217
30,87037072,"Midland Credit Management, Inc.",2153SC000661,Small Claims,Disposed (Statistical Purposes),20210701,20210824
31,87038796,"Midland Credit Management, Inc.",2153SC000660,Small Claims,Disposed (Statistical Purposes),20210701,20220119
32,87041502,"Midland Credit Management, Inc.",2153SC000667,Small Claims,Disposed (Statistical Purposes),20210701,20211029
33,87043507,"Midland Credit Management, Inc.",2153SC000659,Small Claims,Disposed (Statistical Purposes),20210630,20211004
34,87043767,"Midland Credit Management, Inc.",2151SC000484,Small Claims,Open,20210709,20210709
35,87048227,"Midland Credit Management, Inc.",2153SC000675,Small Claims,Disposed (Statistical Purposes),20210702,20210812
36,87048478,"Midland Credit Management, Inc.",2153SC000679,Small Claims,Disposed (Statistical Purposes),20210702,20220126
37,87049884,"Midland Credit Management, Inc.",2153SC000673,Small Claims,Disposed (Statistical Purposes),20210702,20220119
38,87050592,"Midland Credit Management, Inc.",2153SC000677,Small Claims,Disposed (Statistical Purposes),20210702,20220126
39,87055773,"Midland Credit Management, Inc.",2153SC000701,Small Claims,Disposed (Statistical Purposes),20210706,20220119
40,87056132,"Midland Credit Management, Inc.",2153SC000705,Small Claims,Open,20210706,20210706
41,87057671,"Midland Credit Management, Inc.",2153SC000697,Small Claims,Disposed (Statistical Purposes),20210706,20220126
42,87059368,"Midland Credit Management, Inc.",2153SC000699,Small Claims,Disposed (Statistical Purposes),20210706,20220126
43,87059594,"Midland Credit Management, Inc.",2153SC000703,Small Claims,Disposed (Statistical Purposes),20210706,20211203
44,87060383,"Midland Credit Management, Inc.",2153SC000700,Small Claims,Disposed (Statistical Purposes),20210706,20220119
45,87147885,"Midland Credit Management, Inc.",2153SC000714,Small Claims,Open,20210709,20210709
46,87156406,"Midland Credit Management, Inc.",2153SC000730,Small Claims,Disposed (Statistical Purposes),20210714,20220121
47,87162042,"Midland Credit Management, Inc.",2153SC000747,Small Claims,Open,20210716,20210716
48,87162583,"Midland Credit Management, Inc.",2153SC000750,Small Claims,Open,20210716,20210716
49,87168499,"Midland Credit Management, Inc.",2153SC000756,Small Claims,Disposed (Statistical Purposes),20210719,20220209
0,87169576,"Midland Credit Management, Inc.",2153SC000755,Small Claims,Disposed (Statistical Purposes),20210719,20220209
1,87173363,"Midland Credit Management, Inc.",2153SC000754,Small Claims,Disposed (Statistical Purposes),20210719,20220209
2,87175847,"Midland Credit Management, Inc.",2153SC000758,Small Claims,Disposed (Statistical Purposes),20210719,20220209
3,87176626,"Midland Credit Management, Inc.",2153SC000757,Small Claims,Disposed (Statistical Purposes),20210719,20220218
4,87179587,"Midland Credit Management, Inc.",2153SC000775,Small Claims,Open,20210722,20210722
5,87182429,"Midland Credit Management, Inc.",2153SC000776,Small Claims,Open,20210722,20210722
6,87185236,"Midland Credit Management, Inc.",2153SC000779,Small Claims,Open,20210723,20210723
7,87185819,"Midland Credit Management, Inc.",2153SC000786,Small Claims,Open,20210723,20210723
8,87186011,"Midland Credit Management, Inc.",2153SC000781,Small Claims,Open,20210723,20210723
9,87187197,"Midland Credit Management, Inc.",2153SC000780,Small Claims,Open,20210723,20210723
10,87191198,"Midland Credit Management, Inc.",2153SC000794,Small Claims,Open,20210726,20210726
11,87191364,"Midland Credit Management, Inc.",2153SC000795,Small Claims,Open,20210726,20210726
12,87195018,"Midland Credit Management, Inc.",2153SC000790,Small Claims,Disposed (Statistical Purposes),20210726,20220210
13,87223600,"Midland Credit Management, Inc.",2153SC000821,Small Claims,Open,20210802,20210802
14,87854322,"Midland Credit Management, Inc.",2007SC001394EF,Small Claims,Disposed (Statistical Purposes),20201211,20210922
15,87856311,"Midland Credit Management, Inc.",2007SC001396EF,Small Claims,Disposed (Statistical Purposes),20201211,20220113
16,87856507,"Midland Credit Management, Inc.",2007SC001395EF,Small Claims,Disposed (Statistical Purposes),20201211,20211209
17,87857747,"Midland Credit Management, Inc.",1907SC002059,Small Claims,Disposed (Statistical Purposes),20191129,20210701
18,87863760,"Midland Credit Management, Inc.",2115SC002220,Small Claims,Open,20210902,20210902
19,87864234,"Midland Credit Management, Inc.",2120SC001099,Small Claims,Open,20211217,20211217
20,87865034,"Midland Credit Management, Inc.",2152SC000782,Small Claims,Open,20211118,20211118
21,87876327,"Midland Credit Management, Inc.",2061SC000816-EF,Small Claims,Disposed (Statistical Purposes),20201209,20210713
22,87879383,"Midland Credit Management, Inc.",2011SC001809EF,Small Claims,Open,20201016,20201016
23,87880150,"Midland Credit Management, Inc.",2061SC000823-EF,Small Claims,Disposed (Statistical Purposes),20201211,20210713
24,87881094,"Midland Credit Management, Inc.",2061SC000819-EF,Small Claims,Disposed (Statistical Purposes),20201210,20210713
25,87881378,"Midland Credit Management, Inc.",2061SC000818-EF,Small Claims,Disposed (Statistical Purposes),20201210,20210616
26,87881427,"Midland Credit Management, Inc.",2089SC000085,Small Claims,Disposed (Statistical Purposes),20200123,20201104
27,87882678,"Midland Credit Management, Inc.",2011SC001810EF,Small Claims,Open,20201016,20201016
28,87886123,"Midland Credit Management, Inc.",2140SC000132EF,Small Claims,Open,20211001,20211001
29,87886140,"Midland Credit Management, Inc.",2150SC002310,Small Claims,Open,20211227,20211227
30,87886623,"Midland Credit Management, Inc.",2111SC002643EF,Small Claims,Open,20210921,20210921
31,87887473,"Midland Credit Management, Inc.",2113SC000230,Small Claims,Disposed (Statistical Purposes),20210208,20211201
32,87888025,"Midland Credit Management, Inc.",2089SC000088,Small Claims,Disposed (Statistical Purposes),20200127,20201104
33,87889885,"Midland Credit Management, Inc.",2117SC000202,Small Claims,Open,20210513,20210513
34,87890221,"Midland Credit Management, Inc.",2061SC000829-EF,Small Claims,Disposed (Statistical Purposes),20201217,20210713
35,87890573,"Midland Credit Management, Inc.",2133CV000752,Civil,Open,20211210,20211210
36,87890851,"Midland Credit Management, Inc.",2061SC000830-EF,Small Claims,Disposed (Statistical Purposes),20201217,20220127
37,87892006,"Midland Credit Management, Inc.",2011SC001828,Small Claims,Open,20201019,20201019
38,87892965,"Midland Credit Management, Inc.",2140SC000024EF,Small Claims,Disposed (Statistical Purposes),20210217,20210819
39,87905207,"Midland Credit Management, Inc.",2140SC000143EF,Small Claims,Open,20211014,20211014
40,87905815,"Midland Credit Management, Inc.",2027SC000519,Small Claims,Disposed (Statistical Purposes),20201023,20210402
41,87906134,"Midland Credit Management, Inc.",2027SC000521,Small Claims,Disposed (Statistical Purposes),20201023,20210929
42,87906528,"Midland Credit Management, Inc.",2027SC000518,Small Claims,Disposed (Statistical Purposes),20201023,20210929
43,87906897,"Midland Credit Management, Inc.",2023SC001652,Small Claims,Disposed (Statistical Purposes),20200722,20210610
44,87907248,"Midland Credit Management, Inc.",2027SC000516,Small Claims,Disposed (Statistical Purposes),20201023,20210929
45,87908449,"Midland Credit Management, Inc.",2027SC000517,Small Claims,Disposed (Statistical Purposes),20201023,20210930
46,87908815,"Midland Credit Management, Inc.",2027SC000520,Small Claims,Disposed (Statistical Purposes),20201023,20210402
47,87909019,"Midland Credit Management, Inc.",2056SC000750,Small Claims,Closed,20200310,20210611
48,87909421,"Midland Credit Management, Inc.",2142SC000307,Small Claims,Open,20210920,20210920
49,87911149,"Midland Credit Management, Inc.",2043CV000214,Civil,Disposed (Statistical Purposes),20201203,20211006
0,87911332,"Midland Credit Management, Inc.",2056SC000748,Small Claims,Disposed (Statistical Purposes),20200309,20210604
1,87912090,"Midland Credit Management, Inc.",1911SC003293,Small Claims,Suspended Covid 19 extended,20191213,20200409
2,87913575,"Midland Credit Management, Inc.",2127SC000014,Small Claims,Disposed (Statistical Purposes),20210118,20211013
3,87914102,"Midland Credit Management, Inc.",2127SC000013,Small Claims,Disposed (Statistical Purposes),20210118,20211013
4,87914446,"Midland Credit Management, Inc.",2123SC004158,Small Claims,Open,20211221,20211221
5,87916869,"Midland Credit Management, Inc.",2112SC000073,Small Claims,Closed,20210329,20210329
6,87917195,"Midland Credit Management, Inc.",2123CV001113,Civil,Open,20211220,20211220
7,87917515,"Midland Credit Management, Inc.",2010SC000273,Small Claims,Disposed (Statistical Purposes),20200309,20201109
8,87918464,"Midland Credit Management, Inc.",1913SC002452,Small Claims,Disposed (Statistical Purposes),20191202,20200717
9,87922210,"Midland Credit Management, Inc.",2123SC004159,Small Claims,Open,20211221,20211221
10,87923170,"Midland Credit Management, Inc.",2010SC000272,Small Claims,Disposed (Statistical Purposes),20200309,20200603
11,87923818,"Midland Credit Management, Inc.",2010SC000411,Small Claims,Disposed (Statistical Purposes),20200617,20210318
12,87923954,"Midland Credit Management, Inc.",2056SC000773,Small Claims,Disposed (Statistical Purposes),20200310,20210216
13,87926000,"Midland Credit Management, Inc.",1911SC003291,Small Claims,Disposed (Statistical Purposes),20191213,20211108
14,87926042,"Midland Credit Management, Inc.",2010SC000415,Small Claims,Disposed (Statistical Purposes),20200618,20210325
15,87926364,"Midland Credit Management, Inc.",2010SC000416,Small Claims,Disposed (Statistical Purposes),20200618,20211216
16,87926720,"Midland Credit Management, Inc.",2056SC000751,Small Claims,Disposed (Statistical Purposes),20200310,20210604
17,87928736,"Midland Credit Management, Inc.",2127SC000017,Small Claims,Disposed (Statistical Purposes),20210120,20211013
18,87929392,"Midland Credit Management, Inc.",2023SC001585,Small Claims,Disposed (Statistical Purposes),20200723,20200909
19,87929767,"Midland Credit Management, Inc.",2056SC000765,Small Claims,Disposed (Statistical Purposes),20200310,20210604
20,87932893,"Midland Credit Management, Inc.",1911SC003260,Small Claims,Disposed (Statistical Purposes),20191212,20211203
21,87934934,"Midland Credit Management, Inc.",2043SC000706,Small Claims,Disposed (Statistical Purposes),20201207,20210428
22,87935248,"Midland Credit Management, Inc.",2043SC000707,Small Claims,Disposed (Statistical Purposes),20201207,20210428
23,87937138,"Midland Credit Management, Inc.",1913SC002453,Small Claims,Disposed (Statistical Purposes),20191205,20200925
24,87943924,"Midland Credit Management, Inc.",2043SC000712,Small Claims,Disposed (Statistical Purposes),20201209,20210428
25,87944473,"Midland Credit Management, Inc.",2043SC000710,Small Claims,Disposed (Statistical Purposes),20201209,20210427
26,87946066,"Midland Credit Management, Inc.",2056SC000788,Small Claims,Disposed (Statistical Purposes),20200310,20210604
27,87949103,"Midland Credit Management, Inc.",1911SC003292,Small Claims,Disposed (Statistical Purposes),20191213,20211203
28,87950675,"Midland Credit Management, Inc.",2027SC000529,Small Claims,Suspended Covid 19 extended,20201102,20201102
29,87953594,"Midland Credit Management, Inc.",1911SC003263,Small Claims,Disposed (Statistical Purposes),20191212,20211203
30,87953745,"Midland Credit Management, Inc.",2236SC000044,Small Claims,Open,20220121,20220121
31,87962243,"Midland Credit Management, Inc.",2010SC000378,Small Claims,Disposed (Statistical Purposes),20200626,20210225
32,87962549,"Midland Credit Management, Inc.",2010SC000376,Small Claims,Disposed (Statistical Purposes),20200626,20210112
33,87962612,"Midland Credit Management, Inc.",2236SC000047,Small Claims,Open,20220124,20220124
34,87962751,"Midland Credit Management, Inc.",2043SC000719,Small Claims,Disposed (Statistical Purposes),20201215,20210811
35,87963141,"Midland Credit Management, Inc.",2043SC000721,Small Claims,Disposed (Statistical Purposes),20201215,20210603
36,87963581,"Midland Credit Management, Inc.",2043SC000720,Small Claims,Disposed (Statistical Purposes),20201215,20210512
37,87964848,"Midland Credit Management, Inc.",2043SC000717,Small Claims,Disposed (Statistical Purposes),20201214,20210512
38,87969118,"Midland Credit Management, Inc.",2123SC004169,Small Claims,Open,20211227,20211227
39,87969276,"Midland Credit Management, Inc.",2123SC004168,Small Claims,Open,20211227,20211227
40,87969923,"Midland Credit Management, Inc.",2123SC004165,Small Claims,Open,20211227,20211227
41,87975351,"Midland Credit Management, Inc.",2010SC000382,Small Claims,Disposed (Statistical Purposes),20200629,20210304
42,87976284,"Midland Credit Management, Inc.",2010SC000386,Small Claims,Disposed (Statistical Purposes),20200629,20201106
43,87977589,"Midland Credit Management, Inc.",2010SC000384,Small Claims,Disposed (Statistical Purposes),20200629,20210304
44,87978122,"Midland Credit Management, Inc.",2056SC001761,Small Claims,Open,20201020,20201020
45,87978371,"Midland Credit Management, Inc.",2023CV000529,Civil,Disposed (Statistical Purposes),20200731,20210102
46,87979166,"Midland Credit Management, Inc.",2043SC000725,Small Claims,Disposed (Statistical Purposes),20201218,20210512
47,87979424,"Midland Credit Management, Inc.",2127SC000042,Small Claims,Disposed (Statistical Purposes),20210204,20210722
48,87980261,"Midland Credit Management, Inc.",2236SC000049,Small Claims,Open,20220127,20220127
49,87981268,"Midland Credit Management, Inc.",2236SC000050,Small Claims,Open,20220127,20220127
0,87981887,"Midland Credit Management, Inc.",2043SC000751,Small Claims,Disposed (Statistical Purposes),20201221,20210512
1,87982737,"Midland Credit Management, Inc.",2043SC000750,Small Claims,Disposed (Statistical Purposes),20201221,20210512
2,87984930,"Midland Credit Management, Inc.",2123SC004211,Small Claims,Open,20211230,20211230
3,87985278,"Midland Credit Management, Inc.",2112SC000348,Small Claims,Open,20211019,20211019
4,87987043,"Midland Credit Management, Inc.",1911SC003351,Small Claims,Disposed (Statistical Purposes),20191216,20200106
5,87987318,"Midland Credit Management, Inc.",2123SC004210,Small Claims,Open,20211230,20211230
6,87987954,"Midland Credit Management, Inc.",2123SC004212,Small Claims,Open,20211230,20211230
7,87988765,"Midland Credit Management, Inc.",2123SC004213,Small Claims,Open,20211230,20211230
8,87990008,"Midland Credit Management, Inc.",2112SC000356,Small Claims,Open,20211021,20211021
9,87990365,"Midland Credit Management, Inc.",2142SC000325,Small Claims,Open,20211014,20211014
10,87990654,"Midland Credit Management, Inc.",2043SC000756,Small Claims,Disposed (Statistical Purposes),20201224,20210512
11,87990759,"Midland Credit Management, Inc.",2043SC000728,Small Claims,Disposed (Statistical Purposes),20201224,20211201
12,87991434,"Midland Credit Management, Inc.",2043SC000754,Small Claims,Disposed (Statistical Purposes),20201224,20210512
13,87994375,"Midland Credit Management, Inc.",2142SC000327,Small Claims,Open,20211015,20211015
14,87995763,"Midland Credit Management, Inc.",2112SC000100,Small Claims,Open,20210421,20210421
15,87995902,"Midland Credit Management, Inc.",2043CV000223,Civil,Disposed (Statistical Purposes),20201228,20210525
16,87996263,"Midland Credit Management, Inc.",2043SC000731,Small Claims,Open,20201228,20201228
17,87997022,"Midland Credit Management, Inc.",2043SC000730,Small Claims,Disposed (Statistical Purposes),20201229,20210408
18,87997345,"Midland Credit Management, Inc.",2043SC000746,Small Claims,Disposed (Statistical Purposes),20201228,20210512
19,87997490,"Midland Credit Management, Inc.",2223SC000008,Small Claims,Open,20220104,20220104
20,87998247,"Midland Credit Management, Inc.",2043SC000729,Small Claims,Disposed (Statistical Purposes),20201228,20210421
21,88005833,"Midland Credit Management, Inc.",2223SC000001,Small Claims,Open,20220103,20220103
22,88006456,"Midland Credit Management, Inc.",2043SC000734,Small Claims,Disposed (Statistical Purposes),20201230,20210512
23,88008627,"Midland Credit Management, Inc.",2110SC000982,Small Claims,Suspended-Notices sent Covid-19,20211118,20211124
24,88009334,"Midland Credit Management, Inc.",2112SC000371,Small Claims,Open,20211101,20211101
25,88011391,"Midland Credit Management, Inc.",2056SC001780,Small Claims,Open,20201028,20201028
26,88011659,"Midland Credit Management, Inc.",2223SC000034,Small Claims,Open,20220106,20220106
27,88011973,"Midland Credit Management, Inc.",2223SC000035,Small Claims,Open,20220106,20220106
28,88012749,"Midland Credit Management, Inc.",2223SC000018,Small Claims,Open,20220105,20220105
29,88012979,"Midland Credit Management, Inc.",2056SC001777,Small Claims,Open,20201028,20201028
30,88013569,"Midland Credit Management, Inc.",2056SC001781,Small Claims,Open,20201028,20201028
31,88014884,"Midland Credit Management, Inc.",2056SC001790,Small Claims,Open,20201028,20201028
32,88014916,"Midland Credit Management, Inc.",1911SC003372,Small Claims,Disposed (Statistical Purposes),20191220,20220128
33,88014987,"Midland Credit Management, Inc.",2223SC000033,Small Claims,Open,20220106,20220106
34,88015690,"Midland Credit Management, Inc.",1913SC002517,Small Claims,Disposed (Statistical Purposes),20191219,20210106
35,88015941,"Midland Credit Management, Inc.",2223SC000030,Small Claims,Open,20220106,20220106
36,88016036,"Midland Credit Management, Inc.",2059SC000737,Small Claims,Disposed (Statistical Purposes),20200820,20210518
37,88017485,"Midland Credit Management, Inc.",2010SC000402,Small Claims,Disposed (Statistical Purposes),20200716,20210311
38,88017785,"Midland Credit Management, Inc.",1913SC002519,Small Claims,Disposed (Statistical Purposes),20191219,20210609
39,88017973,"Midland Credit Management, Inc.",2223SC000016,Small Claims,Open,20220105,20220105
40,88019398,"Midland Credit Management, Inc.",2223SC000032,Small Claims,Open,20220106,20220106
41,88020260,"Midland Credit Management, Inc.",2056SC001806,Small Claims,Open,20201030,20201030
42,88021832,"Midland Credit Management, Inc.",2110SC000999,Small Claims,Suspended-Notices sent Covid-19,20211122,20211130
43,88022527,"Midland Credit Management, Inc.",2143SC000001,Small Claims,Disposed (Statistical Purposes),20210105,20210512
44,88023305,"Midland Credit Management, Inc.",2056SC001808,Small Claims,Open,20201030,20201030
45,88024554,"Midland Credit Management, Inc.",1911SC003386,Small Claims,Disposed (Statistical Purposes),20191223,20201030
46,88024746,"Midland Credit Management, Inc.",2056SC001791,Small Claims,Open,20201029,20201029
47,88025493,"Midland Credit Management, Inc.",2059SC000753,Small Claims,Disposed (Statistical Purposes),20200825,20210525
48,88027361,"Midland Credit Management, Inc.",2223CV000025,Civil,Open,20220110,20220110
49,88028717,"Midland Credit Management, Inc.",2059SC000749,Small Claims,Disposed (Statistical Purposes),20200825,20210525
0,88028783,"Midland Credit Management, Inc.",1911SC003389,Small Claims,Suspended Covid 19 extended,20191223,20200415
1,88030561,"Midland Credit Management, Inc.",2059SC000746,Small Claims,Disposed (Statistical Purposes),20200825,20210525
2,88030805,"Midland Credit Management, Inc.",2059SC000747,Small Claims,Disposed (Statistical Purposes),20200825,20210525
3,88031451,"Midland Credit Management, Inc.",2059SC000748,Small Claims,Open,20200825,20200825
4,88033504,"Midland Credit Management, Inc.",1911SC003383,Small Claims,Disposed (Statistical Purposes),20191223,20200720
5,88034921,"Midland Credit Management, Inc.",2110SC001007,Small Claims,Suspended-Notices sent Covid-19,20211126,20211130
6,88035268,"Midland Credit Management, Inc.",2056SC001829,Small Claims,Open,20201102,20201102
7,88036350,"Midland Credit Management, Inc.",2143CV000007,Civil,Open,20210112,20210112
8,88038827,"Midland Credit Management, Inc.",2056SC001815,Small Claims,Open,20201102,20201102
9,88039114,"Midland Credit Management, Inc.",2059SC000757,Small Claims,Disposed (Statistical Purposes),20200827,20210420
10,88039958,"Midland Credit Management, Inc.",2056SC001841,Small Claims,Open,20201103,20201103
11,88040674,"Midland Credit Management, Inc.",2110SC001012,Small Claims,Suspended-Notices sent Covid-19,20211129,20211130
12,88044887,"Midland Credit Management, Inc.",2112SC000393,Small Claims,Open,20211115,20211115
13,88044985,"Midland Credit Management, Inc.",2059SC000789,Small Claims,Disposed (Statistical Purposes),20200831,20210615
14,88045050,"Midland Credit Management, Inc.",1913SC002533,Small Claims,Disposed (Statistical Purposes),20191224,20200424
15,88045189,"Midland Credit Management, Inc.",2059SC000778,Small Claims,Open,20200831,20200831
16,88045717,"Midland Credit Management, Inc.",2059SC000792,Small Claims,Disposed (Statistical Purposes),20200831,20210615
17,88046806,"Midland Credit Management, Inc.",2056SC001823,Small Claims,Open,20201102,20201102
18,88047449,"Midland Credit Management, Inc.",2059SC000779,Small Claims,Disposed (Statistical Purposes),20200831,20210525
19,88047774,"Midland Credit Management, Inc.",2059SC000782,Small Claims,Disposed (Statistical Purposes),20200831,20210615
20,88048557,"Midland Credit Management, Inc.",2010SC000463,Small Claims,Disposed (Statistical Purposes),20200730,20210506
21,88048965,"Midland Credit Management, Inc.",2010SC000425,Small Claims,Disposed (Statistical Purposes),20200730,20210318
22,88049735,"Midland Credit Management, Inc.",1913SC002531,Small Claims,Closed,20191224,20210125
23,88051216,"Midland Credit Management, Inc.",2126SC000257,Small Claims,Open,20210223,20210223
24,88054289,"Midland Credit Management, Inc.",2145SC000375,Small Claims,Disposed (Statistical Purposes),20210818,20211215
25,88054854,"Midland Credit Management, Inc.",2145SC000055,Small Claims,Open,20210217,20210217
26,88055717,"Midland Credit Management, Inc.",2145SC000048,Small Claims,Open,20210216,20210216
27,88056657,"Midland Credit Management, Inc.",2145SC000049,Small Claims,Open,20210216,20210216
28,88057218,"Midland Credit Management, Inc.",2145SC000057,Small Claims,Open,20210217,20210217
29,88058570,"Midland Credit Management, Inc.",2056SC001847,Small Claims,Open,20201105,20201105
30,88059331,"Midland Credit Management, Inc.",2145SC000060,Small Claims,Open,20210217,20210217
31,88059396,"Midland Credit Management, Inc.",2143SC000019,Small Claims,Disposed (Statistical Purposes),20210120,20210526
32,88059644,"Midland Credit Management, Inc.",2145SC000047,Small Claims,Open,20210216,20210216
33,88060671,"Midland Credit Management, Inc.",2145SC000053,Small Claims,Disposed (Statistical Purposes),20210217,20210818
34,88062184,"Midland Credit Management, Inc.",2145SC000058,Small Claims,Open,20210217,20210217
35,88063834,"Midland Credit Management, Inc.",2059SC000796,Small Claims,Disposed (Statistical Purposes),20200904,20210615
36,88063982,"Midland Credit Management, Inc.",2110SC001025,Small Claims,Suspended-Notices sent Covid-19,20211206,20211210
37,88064786,"Midland Credit Management, Inc.",2126SC000046,Small Claims,Open,20210301,20210301
38,88066117,"Midland Credit Management, Inc.",2059SC001079,Small Claims,Disposed (Statistical Purposes),20201201,20211116
39,88066319,"Midland Credit Management, Inc.",2126SC000045,Small Claims,Open,20210301,20210301
40,88066671,"Midland Credit Management, Inc.",2126SC000263,Small Claims,Open,20210301,20210628
41,88067282,"Midland Credit Management, Inc.",2059SC001072,Small Claims,Disposed (Statistical Purposes),20201201,20211116
42,88067383,"Midland Credit Management, Inc.",2145SC000062,Small Claims,Open,20210217,20210217
43,88068108,"Midland Credit Management, Inc.",2059SC001081,Small Claims,Disposed (Statistical Purposes),20201201,20211021
44,88068324,"Midland Credit Management, Inc.",2059SC001080,Small Claims,Closed,20201201,20220114
45,88071446,"Midland Credit Management, Inc.",2143SC000026,Small Claims,Disposed (Statistical Purposes),20210122,20210526
46,88072074,"Midland Credit Management, Inc.",2143SC000025,Small Claims,Disposed (Statistical Purposes),20210122,20210526
47,88074289,"Midland Credit Management, Inc.",2145SC000059,Small Claims,Disposed (Statistical Purposes),20210218,20210615
48,88075266,"Midland Credit Management, Inc.",2126SC000441,Small Claims,Open,20210823,20210823
49,88075726,"Midland Credit Management, Inc.",2126SC000048,Small Claims,Open,20210305,20210305
0,88076102,"Midland Credit Management, Inc.",2059SC001096,Small Claims,Disposed (Statistical Purposes),20201203,20211116
1,88077007,"Midland Credit Management, Inc.",2126SC000440,Small Claims,Open,20210823,20210823
2,88077410,"Midland Credit Management, Inc.",2223SC000095,Small Claims,Open,20220121,20220121
3,88082850,"Midland Credit Management, Inc.",2059SC000823,Small Claims,Disposed (Statistical Purposes),20200910,20210914
4,88084152,"Midland Credit Management, Inc.",2145SC000068,Small Claims,Disposed (Statistical Purposes),20210222,20210427
5,88084326,"Midland Credit Management, Inc.",2223SC000106,Small Claims,Open,20220124,20220124
6,88084799,"Midland Credit Management, Inc.",2145SC000070,Small Claims,Open,20210222,20210222
7,88086449,"Midland Credit Management, Inc.",2059SC000821,Small Claims,Disposed (Statistical Purposes),20200909,20211116
8,88091714,"Midland Credit Management, Inc.",2059SC001122,Small Claims,Disposed (Statistical Purposes),20201208,20211118
9,88093897,"Midland Credit Management, Inc.",2143SC000033,Small Claims,Disposed (Statistical Purposes),20210127,20211027
10,88094434,"Midland Credit Management, Inc.",2110CV000428,Civil,Open,20211215,20211215
11,88094486,"Midland Credit Management, Inc.",2059SC001117,Small Claims,Disposed (Statistical Purposes),20201209,20211130
12,88094830,"Midland Credit Management, Inc.",2059SC001115,Small Claims,Disposed (Statistical Purposes),20201209,20211130
13,88094900,"Midland Credit Management, Inc.",2223CV000099,Civil,Open,20220126,20220126
14,88094925,"Midland Credit Management, Inc.",2059SC001119,Small Claims,Disposed (Statistical Purposes),20201209,20211130
15,88095320,"Midland Credit Management, Inc.",2223CV000085,Civil,Open,20220125,20220125
16,88097710,"Midland Credit Management, Inc.",2223CV000098,Civil,Open,20220126,20220126
17,88098154,"Midland Credit Management, Inc.",2059SC001114,Small Claims,Disposed (Statistical Purposes),20201210,20211130
18,88098402,"Midland Credit Management, Inc.",2059SC000808,Small Claims,Disposed (Statistical Purposes),20200914,20210618
19,88099103,"Midland Credit Management, Inc.",2059SC001116,Small Claims,Disposed (Statistical Purposes),20201210,20211130
20,88099153,"Midland Credit Management, Inc.",2010SC000517,Small Claims,Disposed (Statistical Purposes),20200813,20210526
21,88099251,"Midland Credit Management, Inc.",2059SC001110,Small Claims,Disposed (Statistical Purposes),20201211,20211130
22,88099486,"Midland Credit Management, Inc.",2059SC001111,Small Claims,Disposed (Statistical Purposes),20201211,20211130
23,88099749,"Midland Credit Management, Inc.",2223CV000083,Civil,Open,20220125,20220125
24,88099913,"Midland Credit Management, Inc.",2010SC000518,Small Claims,Open,20200813,20200813
25,88100332,"Midland Credit Management, Inc.",2055SC000310,Small Claims,Disposed (Statistical Purposes),20200605,20210310
26,88100425,"Midland Credit Management, Inc.",2055SC000311,Small Claims,Disposed (Statistical Purposes),20200605,20210412
27,88100585,"Midland Credit Management, Inc.",2055SC000308,Small Claims,Disposed (Statistical Purposes),20200605,20210310
28,88100772,"Midland Credit Management, Inc.",2010SC000516,Small Claims,Disposed (Statistical Purposes),20200813,20210520
29,88100933,"Midland Credit Management, Inc.",2145SC000400,Small Claims,Open,20210902,20210902
30,88101139,"Midland Credit Management, Inc.",2126SC000064,Small Claims,Open,20210316,20210316
31,88102340,"Midland Credit Management, Inc.",2059SC000826,Small Claims,Disposed (Statistical Purposes),20200915,20210622
32,88104704,"Midland Credit Management, Inc.",2059SC001131,Small Claims,Disposed (Statistical Purposes),20201215,20210722
33,88104754,"Midland Credit Management, Inc.",2223SC000138,Small Claims,Open,20220127,20220127
34,88104828,"Midland Credit Management, Inc.",2223SC000156,Small Claims,Open,20220127,20220127
35,88104944,"Midland Credit Management, Inc.",2223SC000157,Small Claims,Open,20220127,20220127
36,88106038,"Midland Credit Management, Inc.",2059SC000827,Small Claims,Disposed (Statistical Purposes),20200915,20210622
37,88107203,"Midland Credit Management, Inc.",2143SC000039,Small Claims,Disposed (Statistical Purposes),20210202,20210526
38,88107594,"Midland Credit Management, Inc.",2056SC000915,Small Claims,Open,20200408,20200408
39,88107676,"Midland Credit Management, Inc.",2145SC000085,Small Claims,Disposed (Statistical Purposes),20210303,20211027
40,88108019,"Midland Credit Management, Inc.",2145SC000081,Small Claims,Disposed (Statistical Purposes),20210302,20210908
41,88108321,"Midland Credit Management, Inc.",2145SC000077,Small Claims,Open,20210302,20210302
42,88109152,"Midland Credit Management, Inc.",2055SC000316,Small Claims,Disposed (Statistical Purposes),20200612,20210310
43,88109213,"Midland Credit Management, Inc.",2036SC000728,Small Claims,Disposed (Statistical Purposes),20200825,20210823
44,88109523,"Midland Credit Management, Inc.",2105SC000128,Small Claims,Disposed (Statistical Purposes),20210315,20211123
45,88109896,"Midland Credit Management, Inc.",2145SC000078,Small Claims,Disposed (Statistical Purposes),20210302,20210707
46,88110946,"Midland Credit Management, Inc.",2126SC000068,Small Claims,Open,20210322,20210322
47,88113308,"Midland Credit Management, Inc.",2110SC001076,Small Claims,Suspended-Notices sent Covid-19,20211221,20220105
48,88113423,"Midland Credit Management, Inc.",2223SC000179,Small Claims,Open,20220131,20220131
49,88114434,"Midland Credit Management, Inc.",2223SC000181,Small Claims,Open,20220131,20220131
0,88114447,"Midland Credit Management, Inc.",2005SC000463,Small Claims,Disposed (Statistical Purposes),20201103,20220118
1,88116136,"Midland Credit Management, Inc.",2110CV000437,Civil,Open,20211221,20211221
2,88116863,"Midland Credit Management, Inc.",2059SC000858,Small Claims,Disposed (Statistical Purposes),20200917,20210622
3,88117250,"Midland Credit Management, Inc.",2223SC000178,Small Claims,Open,20220131,20220131
4,88117511,"Midland Credit Management, Inc.",2059SC000860,Small Claims,Disposed (Statistical Purposes),20200917,20210629
5,88117564,"Midland Credit Management, Inc.",2005SC000462,Small Claims,Disposed (Statistical Purposes),20201103,20210330
6,88118520,"Midland Credit Management, Inc.",2059SC000859,Small Claims,Disposed (Statistical Purposes),20200917,20210622
7,88119066,"Midland Credit Management, Inc.",2145SC000094,Small Claims,Disposed (Statistical Purposes),20210305,20220119
8,88119444,"Midland Credit Management, Inc.",2059SC001145,Small Claims,Disposed (Statistical Purposes),20201222,20211130
9,88119740,"Midland Credit Management, Inc.",2223SC000180,Small Claims,Open,20220131,20220131
10,88119956,"Midland Credit Management, Inc.",2223SC000182,Small Claims,Open,20220131,20220131
11,88120413,"Midland Credit Management, Inc.",2059SC001147,Small Claims,Open,20201223,20201223
12,88120569,"Midland Credit Management, Inc.",2143SC000046,Small Claims,Disposed (Statistical Purposes),20210204,20210511
13,88120745,"Midland Credit Management, Inc.",2059SC001149,Small Claims,Open,20201223,20201223
14,88121066,"Midland Credit Management, Inc.",2145SC000093,Small Claims,Disposed (Statistical Purposes),20210305,20220119
15,88121321,"Midland Credit Management, Inc.",2145SC000087,Small Claims,Disposed (Statistical Purposes),20210305,20220119
16,88122542,"Midland Credit Management, Inc.",2056SC000914,Small Claims,Open,20200408,20200408
17,88122790,"Midland Credit Management, Inc.",2059SC001146,Small Claims,Disposed (Statistical Purposes),20201223,20211130
18,88123176,"Midland Credit Management, Inc.",2059SC001148,Small Claims,Disposed (Statistical Purposes),20201223,20210913
19,88123484,"Midland Credit Management, Inc.",2055SC000323,Small Claims,Disposed (Statistical Purposes),20200619,20210303
20,88123981,"Midland Credit Management, Inc.",2055SC000324,Small Claims,Disposed (Statistical Purposes),20200619,20210303
21,88124738,"Midland Credit Management, Inc.",2055SC000322,Small Claims,Disposed (Statistical Purposes),20200619,20211122
22,88126129,"Midland Credit Management, Inc.",2223SC000186,Small Claims,Open,20220131,20220131
23,88126344,"Midland Credit Management, Inc.",2223SC000177,Small Claims,Open,20220131,20220131
24,88126972,"Midland Credit Management, Inc.",2105SC000012EF,Small Claims,Disposed (Statistical Purposes),20210111,20210825
25,88127113,"Midland Credit Management, Inc.",2126SC000090,Small Claims,Open,20210331,20210331
26,88127645,"Midland Credit Management, Inc.",2059SC001163,Small Claims,Open,20201224,20201224
27,88128420,"Midland Credit Management, Inc.",2105SC000538,Small Claims,Open,20210929,20210929
28,88128997,"Midland Credit Management, Inc.",2105SC000539,Small Claims,Open,20210930,20210930
29,88129737,"Midland Credit Management, Inc.",2059SC000840,Small Claims,Disposed (Statistical Purposes),20200921,20210622
30,88130648,"Midland Credit Management, Inc.",2059SC000838,Small Claims,Disposed (Statistical Purposes),20200921,20210112
31,88130857,"Midland Credit Management, Inc.",2059SC000844,Small Claims,Disposed (Statistical Purposes),20200922,20201119
32,88131452,"Midland Credit Management, Inc.",2059SC001155,Small Claims,Disposed (Statistical Purposes),20201229,20211001
33,88131507,"Midland Credit Management, Inc.",2059SC000839,Small Claims,Disposed (Statistical Purposes),20200921,20210622
34,88131755,"Midland Credit Management, Inc.",2059SC001158,Small Claims,Disposed (Statistical Purposes),20201229,20211130
35,88131971,"Midland Credit Management, Inc.",2059SC000841,Small Claims,Disposed (Statistical Purposes),20200921,20211012
36,88132336,"Midland Credit Management, Inc.",2059SC000845,Small Claims,Disposed (Statistical Purposes),20200922,20210622
37,88132583,"Midland Credit Management, Inc.",2059SC001154,Small Claims,Disposed (Statistical Purposes),20201229,20211130
38,88132959,"Midland Credit Management, Inc.",2055SC000345,Small Claims,Disposed (Statistical Purposes),20200626,20210316
39,88133080,"Midland Credit Management, Inc.",2059SC000842,Small Claims,Disposed (Statistical Purposes),20200922,20210622
40,88133157,"Midland Credit Management, Inc.",2059SC001156,Small Claims,Disposed (Statistical Purposes),20201229,20211130
41,88133299,"Midland Credit Management, Inc.",2059SC001166,Small Claims,Open,20201229,20201229
42,88133605,"Midland Credit Management, Inc.",2059SC001165,Small Claims,Disposed (Statistical Purposes),20201229,20211130
43,88133881,"Midland Credit Management, Inc.",2055SC000334,Small Claims,Disposed (Statistical Purposes),20200626,20210609
44,88133958,"Midland Credit Management, Inc.",2223SC000298,Small Claims,Open,20220203,20220203
45,88134557,"Midland Credit Management, Inc.",2059SC000871,Small Claims,Disposed (Statistical Purposes),20200922,20210114
46,88134601,"Midland Credit Management, Inc.",2059SC001164,Small Claims,Disposed (Statistical Purposes),20201228,20211130
47,88134732,"Midland Credit Management, Inc.",2059SC001168,Small Claims,Open,20201229,20201229
48,88135143,"Midland Credit Management, Inc.",2059SC000869,Small Claims,Disposed (Statistical Purposes),20200922,20210629
49,88135189,"Midland Credit Management, Inc.",2055SC000354,Small Claims,Closed,20200626,20210723
0,88135944,"Midland Credit Management, Inc.",2059SC000837,Small Claims,Disposed (Statistical Purposes),20200921,20210622
1,88136314,"Midland Credit Management, Inc.",2059SC000843,Small Claims,Disposed (Statistical Purposes),20200922,20210622
2,88136699,"Midland Credit Management, Inc.",2143SC000088,Small Claims,Open,20210210,20210210
3,88136980,"Midland Credit Management, Inc.",2143SC000087,Small Claims,Disposed (Statistical Purposes),20210210,20210616
4,88137151,"Midland Credit Management, Inc.",2223CV000114,Civil,Open,20220202,20220202
5,88137438,"Midland Credit Management, Inc.",2143SC000085,Small Claims,Disposed (Statistical Purposes),20210210,20210825
6,88137788,"Midland Credit Management, Inc.",2143SC000090,Small Claims,Disposed (Statistical Purposes),20210210,20210616
7,88137879,"Midland Credit Management, Inc.",2143SC000084,Small Claims,Disposed (Statistical Purposes),20210210,20210811
8,88138020,"Midland Credit Management, Inc.",2055SC000352,Small Claims,Closed,20200626,20210615
9,88138390,"Midland Credit Management, Inc.",2055SC000338,Small Claims,Disposed (Statistical Purposes),20200626,20210317
10,88138860,"Midland Credit Management, Inc.",2055SC000353,Small Claims,Disposed (Statistical Purposes),20200626,20210316
11,88139113,"Midland Credit Management, Inc.",2143SC000093,Small Claims,Disposed (Statistical Purposes),20210210,20210616
12,88139603,"Midland Credit Management, Inc.",2143SC000089,Small Claims,Disposed (Statistical Purposes),20210210,20210412
13,88139915,"Midland Credit Management, Inc.",2223SC000268,Small Claims,Open,20220202,20220202
14,88139940,"Midland Credit Management, Inc.",2143SC000091,Small Claims,Disposed (Statistical Purposes),20210210,20210616
15,88140295,"Midland Credit Management, Inc.",2143SC000092,Small Claims,Disposed (Statistical Purposes),20210210,20210616
16,88141079,"Midland Credit Management, Inc.",2059SC000849,Small Claims,Disposed (Statistical Purposes),20200924,20210622
17,88142075,"Midland Credit Management, Inc.",2223CV000116,Civil,Open,20220202,20220202
18,88142803,"Midland Credit Management, Inc.",2223SC000297,Small Claims,Open,20220203,20220203
19,88145027,"Midland Credit Management, Inc.",2143SC000081,Small Claims,Disposed (Statistical Purposes),20210212,20210616
20,88145574,"Midland Credit Management, Inc.",2059SC001180,Small Claims,Open,20201230,20201230
21,88145926,"Midland Credit Management, Inc.",2143SC000082,Small Claims,Disposed (Statistical Purposes),20210212,20211020
22,88146051,"Midland Credit Management, Inc.",2110SC001098,Small Claims,Suspended-Notices sent Covid-19,20211230,20220105
23,88146302,"Midland Credit Management, Inc.",2143SC000086,Small Claims,Disposed (Statistical Purposes),20210212,20210616
24,88146629,"Midland Credit Management, Inc.",2143SC000079,Small Claims,Disposed (Statistical Purposes),20210212,20210319
25,88147312,"Midland Credit Management, Inc.",2145SC000107,Small Claims,Disposed (Statistical Purposes),20210316,20210908
26,88147756,"Midland Credit Management, Inc.",2029SC000069,Small Claims,Disposed (Statistical Purposes),20200306,20200803
27,88148607,"Midland Credit Management, Inc.",2159SC000007,Small Claims,Disposed (Statistical Purposes),20210101,20211130
28,88149016,"Midland Credit Management, Inc.",2126SC000511,Small Claims,Open,20210929,20210929
29,88151636,"Midland Credit Management, Inc.",2036SC000817,Small Claims,Disposed (Statistical Purposes),20200910,20210923
30,88152092,"Midland Credit Management, Inc.",2036SC000816,Small Claims,Disposed (Statistical Purposes),20200910,20210923
31,88152704,"Midland Credit Management, Inc.",2161SC000687-EF,Small Claims,Open,20211001,20211001
32,88153300,"Midland Credit Management, Inc.",2126SC000104,Small Claims,Open,20210413,20210413
33,88154861,"Midland Credit Management, Inc.",2029SC000076,Small Claims,Disposed (Statistical Purposes),20200309,20200615
34,88155063,"Midland Credit Management, Inc.",2050SC001387,Small Claims,Disposed (Statistical Purposes),20200922,20211210
35,88156545,"Midland Credit Management, Inc.",2161SC000122-EF,Small Claims,Disposed (Statistical Purposes),20210222,20210824
36,88156610,"Midland Credit Management, Inc.",2145SC000128,Small Claims,Disposed (Statistical Purposes),20210323,20211013
37,88157045,"Midland Credit Management, Inc.",2145SC000126,Small Claims,Disposed (Statistical Purposes),20210322,20211013
38,88157919,"Midland Credit Management, Inc.",2021SC000195,Small Claims,Disposed (Statistical Purposes),20200313,20201127
39,88158549,"Midland Credit Management, Inc.",2029SC000077,Small Claims,Disposed (Statistical Purposes),20200309,20200921
40,88159654,"Midland Credit Management, Inc.",2059SC000904,Small Claims,Disposed (Statistical Purposes),20200930,20210505
41,88159687,"Midland Credit Management, Inc.",2059SC000891,Small Claims,Disposed (Statistical Purposes),20200929,20210921
42,88159925,"Midland Credit Management, Inc.",2036SC000820,Small Claims,Disposed (Statistical Purposes),20200914,20220107
43,88161455,"Midland Credit Management, Inc.",2011SC000059,Small Claims,Disposed (Statistical Purposes),20200109,20200218
44,88163607,"Midland Credit Management, Inc.",2126SC000518,Small Claims,Open,20211005,20211005
45,88167211,"Midland Credit Management, Inc.",2029SC000107,Small Claims,Disposed (Statistical Purposes),20200623,20201021
46,88168183,"Midland Credit Management, Inc.",2145SC000432,Small Claims,Disposed (Statistical Purposes),20211004,20220126
47,88168218,"Midland Credit Management, Inc.",2145SC000136,Small Claims,Disposed (Statistical Purposes),20210329,20210929
48,88169039,"Midland Credit Management, Inc.",2036SC000821,Small Claims,Disposed (Statistical Purposes),20200915,20210923
49,88169937,"Midland Credit Management, Inc.",2159CV000012,Civil,Open,20210112,20210112
0,88170256,"Midland Credit Management, Inc.",2126SC000135,Small Claims,Open,20210421,20210421
1,88170691,"Midland Credit Management, Inc.",2126SC000140,Small Claims,Open,20210421,20210421
2,88171037,"Midland Credit Management, Inc.",2126SC000136,Small Claims,Open,20210421,20210421
3,88171242,"Midland Credit Management, Inc.",2126SC000133,Small Claims,Open,20210421,20210421
4,88171633,"Midland Credit Management, Inc.",2036SC000841,Small Claims,Open,20200918,20200918
5,88171783,"Midland Credit Management, Inc.",2159CV000011,Civil,Open,20210112,20210112
6,88171831,"Midland Credit Management, Inc.",2126SC000132,Small Claims,Open,20210421,20210421
7,88171927,"Midland Credit Management, Inc.",2159SC000022,Small Claims,Disposed (Statistical Purposes),20210111,20211130
8,88172275,"Midland Credit Management, Inc.",2036SC000839,Small Claims,Open,20200917,20200917
9,88172361,"Midland Credit Management, Inc.",2145SC000135,Small Claims,Disposed (Statistical Purposes),20210331,20220107
10,88173334,"Midland Credit Management, Inc.",2126CV000206,Civil,Open,20211014,20211014
11,88174157,"Midland Credit Management, Inc.",2029SC000112,Small Claims,Disposed (Statistical Purposes),20200629,20201102
12,88174771,"Midland Credit Management, Inc.",2155SC000788,Small Claims,Open,20211123,20211123
13,88175330,"Midland Credit Management, Inc.",2155SC000790,Small Claims,Open,20211123,20211123
14,88175731,"Midland Credit Management, Inc.",2155SC000792,Small Claims,Open,20211123,20211123
15,88177328,"Midland Credit Management, Inc.",2159SC000032,Small Claims,Disposed (Statistical Purposes),20210114,20211221
16,88178099,"Midland Credit Management, Inc.",2145SC000142,Small Claims,Disposed (Statistical Purposes),20210405,20210512
17,88179476,"Midland Credit Management, Inc.",2036SC000851,Small Claims,Open,20200923,20200923
18,88181165,"Midland Credit Management, Inc.",2086SC000455,Small Claims,Disposed (Statistical Purposes),20201202,20210421
19,88181236,"Midland Credit Management, Inc.",2155SC000797,Small Claims,Disposed (Statistical Purposes),20211126,20211220
20,88181310,"Midland Credit Management, Inc.",2155SC000796,Small Claims,Open,20211126,20211126
21,88182898,"Midland Credit Management, Inc.",2126SC000149,Small Claims,Open,20210429,20210429
22,88182922,"Midland Credit Management, Inc.",2155SC000801,Small Claims,Open,20211129,20211129
23,88183123,"Midland Credit Management, Inc.",2155SC000802,Small Claims,Open,20211129,20211129
24,88183286,"Midland Credit Management, Inc.",2126SC000154,Small Claims,Open,20210429,20210429
25,88183574,"Midland Credit Management, Inc.",2126SC000152,Small Claims,Open,20210429,20210429
26,88184141,"Midland Credit Management, Inc.",2126SC000151,Small Claims,Open,20210429,20210429
27,88184657,"Midland Credit Management, Inc.",2126SC000156,Small Claims,Open,20210429,20210429
28,88184988,"Midland Credit Management, Inc.",2126SC000150,Small Claims,Open,20210429,20210429
29,88185029,"Midland Credit Management, Inc.",2145SC000461,Small Claims,Disposed (Statistical Purposes),20211014,20220204
30,88185036,"Midland Credit Management, Inc.",2126SC000155,Small Claims,Open,20210429,20210429
31,88185396,"Midland Credit Management, Inc.",2145SC000460,Small Claims,Disposed (Statistical Purposes),20211014,20220209
32,88186291,"Midland Credit Management, Inc.",2126SC000153,Small Claims,Open,20210429,20210429
33,88186983,"Midland Credit Management, Inc.",2159SC000044,Small Claims,Disposed (Statistical Purposes),20210119,20211130
34,88187511,"Midland Credit Management, Inc.",2159SC000045,Small Claims,Disposed (Statistical Purposes),20210119,20211130
35,88187818,"Midland Credit Management, Inc.",2036SC000857,Small Claims,Open,20200928,20200928
36,88188002,"Midland Credit Management, Inc.",2036SC000856,Small Claims,Disposed (Statistical Purposes),20200928,20211124
37,88190034,"Midland Credit Management, Inc.",2159SC000048,Small Claims,Disposed (Statistical Purposes),20210121,20211130
38,88190342,"Midland Credit Management, Inc.",2210CV000015,Civil,Open,20220124,20220124
39,88190553,"Midland Credit Management, Inc.",2036SC000859,Small Claims,Open,20200929,20200929
40,88190842,"Midland Credit Management, Inc.",2155SC000808,Small Claims,Open,20211202,20211202
41,88191122,"Midland Credit Management, Inc.",2126CV000215,Civil,Open,20211025,20211025
42,88191688,"Midland Credit Management, Inc.",2036SC000860,Small Claims,Open,20200929,20200929
43,88192272,"Midland Credit Management, Inc.",2036SC000858,Small Claims,Open,20200929,20200929
44,88193400,"Midland Credit Management, Inc.",2159CV000043,Civil,Disposed (Statistical Purposes),20210125,20210804
45,88193727,"Midland Credit Management, Inc.",2145SC000467,Small Claims,Disposed (Statistical Purposes),20211020,20220209
46,88194031,"Midland Credit Management, Inc.",2086SC000462,Small Claims,Open,20201208,20201208
47,88194369,"Midland Credit Management, Inc.",2036SC000865,Small Claims,Disposed (Statistical Purposes),20201001,20210728
48,88195463,"Midland Credit Management, Inc.",2159SC000063,Small Claims,Disposed (Statistical Purposes),20210128,20211130
49,88196211,"Midland Credit Management, Inc.",2155SC000813,Small Claims,Open,20211206,20211206
0,88196218,"Midland Credit Management, Inc.",2086SC000466,Small Claims,Open,20201211,20201211
1,88197192,"Midland Credit Management, Inc.",2159SC000062,Small Claims,Disposed (Statistical Purposes),20210128,20210923
2,88197426,"Midland Credit Management, Inc.",2086SC000463,Small Claims,Open,20201210,20201210
3,88199384,"Midland Credit Management, Inc.",2155SC000823,Small Claims,Open,20211208,20211208
4,88199675,"Midland Credit Management, Inc.",2155SC000822,Small Claims,Disposed (Statistical Purposes),20211208,20220203
5,88199897,"Midland Credit Management, Inc.",2155SC000821,Small Claims,Open,20211208,20211208
6,88200264,"Midland Credit Management, Inc.",2210SC000071,Small Claims,Suspended-Notices sent Covid-19,20220127,20220207
7,88200438,"Midland Credit Management, Inc.",2210SC000070,Small Claims,Suspended-Notices sent Covid-19,20220127,20220207
8,88201318,"Midland Credit Management, Inc.",2059SC000947,Small Claims,Disposed (Statistical Purposes),20201020,20211116
9,88203852,"Midland Credit Management, Inc.",2059SC000948,Small Claims,Open,20201020,20201020
10,88204013,"Midland Credit Management, Inc.",2086SC000469,Small Claims,Open,20201215,20201215
11,88204799,"Midland Credit Management, Inc.",2086SC000468,Small Claims,Open,20201214,20201214
12,88205445,"Midland Credit Management, Inc.",2143SC000070,Small Claims,Disposed (Statistical Purposes),20210216,20210526
13,88205899,"Midland Credit Management, Inc.",2159SC000075,Small Claims,Disposed (Statistical Purposes),20210201,20211130
14,88206404,"Midland Credit Management, Inc.",2143SC000072,Small Claims,Disposed (Statistical Purposes),20210216,20210728
15,88206524,"Midland Credit Management, Inc.",2159SC000076,Small Claims,Disposed (Statistical Purposes),20210201,20211130
16,88207312,"Midland Credit Management, Inc.",2143SC000080,Small Claims,Disposed (Statistical Purposes),20210216,20210616
17,88207478,"Midland Credit Management, Inc.",2143SC000067,Small Claims,Disposed (Statistical Purposes),20210216,20210526
18,88207743,"Midland Credit Management, Inc.",2143SC000071,Small Claims,Disposed (Statistical Purposes),20210216,20210728
19,88207920,"Midland Credit Management, Inc.",2143SC000068,Small Claims,Disposed (Statistical Purposes),20210216,20210526
20,88207977,"Midland Credit Management, Inc.",2013SC000157,Small Claims,Disposed (Statistical Purposes),20200129,20210217
21,88208119,"Midland Credit Management, Inc.",2059SC000962,Small Claims,Disposed (Statistical Purposes),20201022,20211116
22,88208680,"Midland Credit Management, Inc.",2143SC000069,Small Claims,Disposed (Statistical Purposes),20210216,20210526
23,88209175,"Midland Credit Management, Inc.",2145SC000167,Small Claims,Disposed (Statistical Purposes),20210426,20220112
24,88210340,"Midland Credit Management, Inc.",2210SC000080,Small Claims,Open,20220202,20220202
25,88210358,"Midland Credit Management, Inc.",2210CV000030,Civil,Open,20220203,20220203
26,88211180,"Midland Credit Management, Inc.",2159SC000087,Small Claims,Disposed (Statistical Purposes),20210203,20210408
27,88211872,"Midland Credit Management, Inc.",2155SC000830,Small Claims,Open,20211214,20211214
28,88215096,"Midland Credit Management, Inc.",2159SC000097,Small Claims,Disposed (Statistical Purposes),20210204,20211029
29,88215233,"Midland Credit Management, Inc.",2159SC000099,Small Claims,Disposed (Statistical Purposes),20210205,20210616
30,88215333,"Midland Credit Management, Inc.",2011SC000197,Small Claims,Suspended Covid 19 extended,20200122,20200505
31,88215873,"Midland Credit Management, Inc.",2145SC000499,Small Claims,Open,20211101,20211101
32,88220799,"Midland Credit Management, Inc.",2155SC000852,Small Claims,Open,20211221,20211221
33,88221444,"Midland Credit Management, Inc.",2145SC000507,Small Claims,Open,20211103,20211103
34,88221547,"Midland Credit Management, Inc.",2143SC000643,Small Claims,Disposed (Statistical Purposes),20210816,20220126
35,88221815,"Midland Credit Management, Inc.",2145SC000505,Small Claims,Open,20211103,20211103
36,88222168,"Midland Credit Management, Inc.",2143SC000636,Small Claims,Disposed (Statistical Purposes),20210816,20220126
37,88222515,"Midland Credit Management, Inc.",2145SC000504,Small Claims,Disposed (Statistical Purposes),20211103,20211214
38,88222707,"Midland Credit Management, Inc.",2059CV000407,Civil,Disposed (Statistical Purposes),20201028,20210728
39,88222983,"Midland Credit Management, Inc.",2143SC000641,Small Claims,Disposed (Statistical Purposes),20210816,20220126
40,88223151,"Midland Credit Management, Inc.",2011SC000196,Small Claims,Suspended Covid 19 extended,20200123,20200505
41,88223298,"Midland Credit Management, Inc.",2059CV000409,Civil,Open,20201028,20201028
42,88224187,"Midland Credit Management, Inc.",2143SC000098,Small Claims,Disposed (Statistical Purposes),20210222,20210616
43,88224979,"Midland Credit Management, Inc.",2159SC000114,Small Claims,Disposed (Statistical Purposes),20210208,20211029
44,88225240,"Midland Credit Management, Inc.",2143SC000107,Small Claims,Disposed (Statistical Purposes),20210223,20210616
45,88225918,"Midland Credit Management, Inc.",2143SC000104,Small Claims,Disposed (Statistical Purposes),20210223,20210618
46,88226092,"Midland Credit Management, Inc.",2143SC000108,Small Claims,Disposed (Statistical Purposes),20210223,20210329
47,88226182,"Midland Credit Management, Inc.",2143SC000637,Small Claims,Disposed (Statistical Purposes),20210818,20220126
48,88226216,"Midland Credit Management, Inc.",2143SC000105,Small Claims,Disposed (Statistical Purposes),20210223,20210811
49,88226254,"Midland Credit Management, Inc.",2159SC000113,Small Claims,Disposed (Statistical Purposes),20210208,20211029
0,88226432,"Midland Credit Management, Inc.",2145SC000508,Small Claims,Open,20211105,20211105
1,88226468,"Midland Credit Management, Inc.",2143SC000649,Small Claims,Disposed (Statistical Purposes),20210818,20220126
2,88226558,"Midland Credit Management, Inc.",2143SC000110,Small Claims,Disposed (Statistical Purposes),20210223,20210616
3,88226586,"Midland Credit Management, Inc.",2143SC000647,Small Claims,Disposed (Statistical Purposes),20210818,20211027
4,88226716,"Midland Credit Management, Inc.",2143SC000106,Small Claims,Disposed (Statistical Purposes),20210223,20210616
5,88226917,"Midland Credit Management, Inc.",2143SC000648,Small Claims,Disposed (Statistical Purposes),20210818,20220126
6,88226952,"Midland Credit Management, Inc.",2145SC000171,Small Claims,Disposed (Statistical Purposes),20210503,20211020
7,88227003,"Midland Credit Management, Inc.",2145CV000075,Civil,Open,20210504,20210504
8,88227218,"Midland Credit Management, Inc.",2159SC000116,Small Claims,Disposed (Statistical Purposes),20210209,20211029
9,88227497,"Midland Credit Management, Inc.",2143SC000099,Small Claims,Disposed (Statistical Purposes),20210222,20210616
10,88227663,"Midland Credit Management, Inc.",2159CV000074,Civil,Open,20210208,20210208
11,88227940,"Midland Credit Management, Inc.",2159SC000111,Small Claims,Disposed (Statistical Purposes),20210208,20211029
12,88229135,"Midland Credit Management, Inc.",2059SC000996,Small Claims,Disposed (Statistical Purposes),20201030,20211108
13,88229592,"Midland Credit Management, Inc.",2159SC000115,Small Claims,Disposed (Statistical Purposes),20210209,20211029
14,88230021,"Midland Credit Management, Inc.",2059SC000986,Small Claims,Disposed (Statistical Purposes),20201030,20210104
15,88230253,"Midland Credit Management, Inc.",2059SC000980,Small Claims,Disposed (Statistical Purposes),20201029,20211116
16,88230465,"Midland Credit Management, Inc.",2086SC000492,Small Claims,Disposed (Statistical Purposes),20201228,20220207
17,88230753,"Midland Credit Management, Inc.",2159SC000112,Small Claims,Disposed (Statistical Purposes),20210208,20211029
18,88232341,"Midland Credit Management, Inc.",2059SC000988,Small Claims,Disposed (Statistical Purposes),20201030,20211116
19,88232998,"Midland Credit Management, Inc.",2059SC000987,Small Claims,Disposed (Statistical Purposes),20201030,20211116
20,88234124,"Midland Credit Management, Inc.",2059SC000994,Small Claims,Disposed (Statistical Purposes),20201030,20211116
21,88234937,"Midland Credit Management, Inc.",2143SC000103,Small Claims,Disposed (Statistical Purposes),20210225,20210714
22,88235754,"Midland Credit Management, Inc.",2129SC000268-EF,Small Claims,Disposed (Statistical Purposes),20211122,20211209
23,88236605,"Midland Credit Management, Inc.",2023SC000782,Small Claims,Disposed (Statistical Purposes),20200218,20210827
24,88236706,"Midland Credit Management, Inc.",2159SC000120,Small Claims,Disposed (Statistical Purposes),20210210,20211029
25,88237004,"Midland Credit Management, Inc.",2159SC000122,Small Claims,Disposed (Statistical Purposes),20210210,20211029
26,88237851,"Midland Credit Management, Inc.",2159SC000127,Small Claims,Disposed (Statistical Purposes),20210210,20210819
27,88238106,"Midland Credit Management, Inc.",2143SC000124,Small Claims,Disposed (Statistical Purposes),20210226,20210616
28,88238304,"Midland Credit Management, Inc.",2059SC000998,Small Claims,Disposed (Statistical Purposes),20201103,20211116
29,88238457,"Midland Credit Management, Inc.",2059SC000992,Small Claims,Disposed (Statistical Purposes),20201103,20211116
30,88238486,"Midland Credit Management, Inc.",2159SC000124,Small Claims,Disposed (Statistical Purposes),20210210,20211029
31,88238591,"Midland Credit Management, Inc.",2059SC000991,Small Claims,Disposed (Statistical Purposes),20201103,20211116
32,88238738,"Midland Credit Management, Inc.",2059SC000997,Small Claims,Disposed (Statistical Purposes),20201102,20210813
33,88239656,"Midland Credit Management, Inc.",2011SC000244,Small Claims,Suspended Covid 19 extended,20200127,20200511
34,88239677,"Midland Credit Management, Inc.",2143SC000666,Small Claims,Disposed (Statistical Purposes),20210823,20220126
35,88240443,"Midland Credit Management, Inc.",2143SC000674,Small Claims,Disposed (Statistical Purposes),20210823,20210907
36,88241280,"Midland Credit Management, Inc.",2011SC000239,Small Claims,Suspended Covid 19 extended,20200127,20200511
37,88241329,"Midland Credit Management, Inc.",2155SC000861,Small Claims,Open,20211230,20211230
38,88241455,"Midland Credit Management, Inc.",2036SC000935,Small Claims,Open,20201022,20201022
39,88242605,"Midland Credit Management, Inc.",2186SC000001,Small Claims,Disposed (Statistical Purposes),20210104,20220208
40,88243381,"Midland Credit Management, Inc.",2129SC000271-EF,Small Claims,Disposed (Statistical Purposes),20211129,20220104
41,88243525,"Midland Credit Management, Inc.",2143SC000165,Small Claims,Disposed (Statistical Purposes),20210301,20210618
42,88243735,"Midland Credit Management, Inc.",2011SC000243,Small Claims,Suspended Covid 19 extended,20200127,20200511
43,88243798,"Midland Credit Management, Inc.",2013SC000281,Small Claims,Disposed (Statistical Purposes),20200207,20210122
44,88243836,"Midland Credit Management, Inc.",2023SC000784,Small Claims,Disposed (Statistical Purposes),20200218,20211117
45,88244287,"Midland Credit Management, Inc.",2059SC001001,Small Claims,Open,20201105,20201105
46,88244632,"Midland Credit Management, Inc.",2011SC000247,Small Claims,Disposed (Statistical Purposes),20200127,20210525
47,88244708,"Midland Credit Management, Inc.",2159SC000121,Small Claims,Disposed (Statistical Purposes),20210210,20211029
48,88245163,"Midland Credit Management, Inc.",2159SC000129,Small Claims,Disposed (Statistical Purposes),20210211,20211029
49,88245900,"Midland Credit Management, Inc.",2159SC000135,Small Claims,Disposed (Statistical Purposes),20210211,20211029
0,88246090,"Midland Credit Management, Inc.",2159SC000136,Small Claims,Disposed (Statistical Purposes),20210211,20211029
1,88246307,"Midland Credit Management, Inc.",2159SC000125,Small Claims,Open,20210210,20210210
2,88247079,"Midland Credit Management, Inc.",2186SC000010,Small Claims,Disposed (Statistical Purposes),20210105,20220207
3,88247374,"Midland Credit Management, Inc.",2159SC000123,Small Claims,Disposed (Statistical Purposes),20210210,20211029
4,88247706,"Midland Credit Management, Inc.",2159SC000126,Small Claims,Disposed (Statistical Purposes),20210210,20211029
5,88247952,"Midland Credit Management, Inc.",2159SC000130,Small Claims,Disposed (Statistical Purposes),20210211,20211029
6,88248261,"Midland Credit Management, Inc.",2143SC000131,Small Claims,Disposed (Statistical Purposes),20210303,20210722
7,88248658,"Midland Credit Management, Inc.",2143SC000135,Small Claims,Disposed (Statistical Purposes),20210303,20210727
8,88248881,"Midland Credit Management, Inc.",2143SC000137,Small Claims,Disposed (Statistical Purposes),20210303,20210506
9,88248992,"Midland Credit Management, Inc.",2011SC000240,Small Claims,Suspended Covid 19 extended,20200127,20200511
10,88249085,"Midland Credit Management, Inc.",2143SC000133,Small Claims,Disposed (Statistical Purposes),20210303,20210630
11,88249251,"Midland Credit Management, Inc.",2143SC000132,Small Claims,Disposed (Statistical Purposes),20210303,20210402
12,88252040,"Midland Credit Management, Inc.",2129SC000273,Small Claims,Disposed (Statistical Purposes),20211202,20211220
13,88253758,"Midland Credit Management, Inc.",2143SC000136,Small Claims,Disposed (Statistical Purposes),20210303,20210630
14,88254085,"Midland Credit Management, Inc.",2128SC000367-EF,Small Claims,Disposed (Statistical Purposes),20210818,20211008
15,88254729,"Midland Credit Management, Inc.",2143SC000134,Small Claims,Disposed (Statistical Purposes),20210303,20210630
16,88255384,"Midland Credit Management, Inc.",2031SC000756,Small Claims,Covid 19 XXX Notice Issued,20200605,20210318
17,88257454,"Midland Credit Management, Inc.",2143SC000319,Small Claims,Disposed (Statistical Purposes),20210513,20210825
18,88257546,"Midland Credit Management, Inc.",2056SC002135,Small Claims,Open,20201218,20201218
19,88259161,"Midland Credit Management, Inc.",2036SC000960,Small Claims,Disposed (Statistical Purposes),20201028,20210930
20,88259438,"Midland Credit Management, Inc.",2143SC000146,Small Claims,Disposed (Statistical Purposes),20210304,20210630
21,88260011,"Midland Credit Management, Inc.",2143SC000160,Small Claims,Disposed (Statistical Purposes),20210304,20210428
22,88260678,"Midland Credit Management, Inc.",2013SC000280,Small Claims,Disposed (Statistical Purposes),20200207,20210115
23,88262127,"Midland Credit Management, Inc.",2143SC000163,Small Claims,Disposed (Statistical Purposes),20210304,20211215
24,88263433,"Midland Credit Management, Inc.",2143SC000147,Small Claims,Disposed (Statistical Purposes),20210304,20210630
25,88263760,"Midland Credit Management, Inc.",2143SC000159,Small Claims,Disposed (Statistical Purposes),20210304,20210630
26,88263910,"Midland Credit Management, Inc.",2056SC002139,Small Claims,Open,20201221,20201221
27,88267758,"Midland Credit Management, Inc.",2036SC000965,Small Claims,Open,20201030,20201030
28,88267991,"Midland Credit Management, Inc.",2131SC002188,Small Claims,Disposed (Statistical Purposes),20211221,20220207
29,88268300,"Midland Credit Management, Inc.",2036SC000964,Small Claims,Disposed (Statistical Purposes),20201030,20210930
30,88268751,"Midland Credit Management, Inc.",2128SC000057-EF,Small Claims,Disposed (Statistical Purposes),20210222,20210406
31,88269100,"Midland Credit Management, Inc.",2186SC000017,Small Claims,Disposed (Statistical Purposes),20210111,20210511
32,88269271,"Midland Credit Management, Inc.",2186SC000018,Small Claims,Disposed (Statistical Purposes),20210111,20220207
33,88269930,"Midland Credit Management, Inc.",2128SC000055,Small Claims,Open,20210222,20210222
34,88270160,"Midland Credit Management, Inc.",2128SC000056,Small Claims,Disposed (Statistical Purposes),20210222,20210415
35,88270217,"Midland Credit Management, Inc.",2059SC001007,Small Claims,Disposed (Statistical Purposes),20201112,20211116
36,88270896,"Midland Credit Management, Inc.",2143SC000908,Small Claims,Disposed (Statistical Purposes),20211115,20220126
37,88273198,"Midland Credit Management, Inc.",2143SC000699,Small Claims,Open,20210903,20210903
38,88273642,"Midland Credit Management, Inc.",2131SC002187,Small Claims,Disposed (Statistical Purposes),20211221,20220207
39,88273764,"Midland Credit Management, Inc.",2128SC000377-EF,Small Claims,Disposed (Statistical Purposes),20210827,20211007
40,88273896,"Midland Credit Management, Inc.",2186SC000024,Small Claims,Disposed (Statistical Purposes),20210114,20220207
41,88274133,"Midland Credit Management, Inc.",2128SC000378-EF,Small Claims,Disposed (Statistical Purposes),20210827,20211007
42,88274155,"Midland Credit Management, Inc.",2056SC002142,Small Claims,Open,20201223,20201223
43,88274332,"Midland Credit Management, Inc.",2131SC002186,Small Claims,Disposed (Statistical Purposes),20211221,20220207
44,88274381,"Midland Credit Management, Inc.",2023SC001360,Small Claims,Disposed (Statistical Purposes),20200312,20211217
45,88276642,"Midland Credit Management, Inc.",2186SC000580,Small Claims,Open,20210817,20210817
46,88276825,"Midland Credit Management, Inc.",2186SC000579,Small Claims,Open,20210816,20210816
47,88277786,"Midland Credit Management, Inc.",2186SC000577,Small Claims,Open,20210816,20210816
48,88278288,"Midland Credit Management, Inc.",2186SC000106,Small Claims,Open,20210222,20210222
49,88279639,"Midland Credit Management, Inc.",2031SC000765,Small Claims,Disposed (Statistical Purposes),20200615,20210212
0,88279842,"Midland Credit Management, Inc.",2143SC000700,Small Claims,Disposed (Statistical Purposes),20210907,20220202
1,88279957,"Midland Credit Management, Inc.",2036SC000970,Small Claims,Disposed (Statistical Purposes),20201104,20210930
2,88280169,"Midland Credit Management, Inc.",2186SC000025,Small Claims,Disposed (Statistical Purposes),20210115,20220207
3,88280397,"Midland Credit Management, Inc.",2031SC000764,Small Claims,Disposed (Statistical Purposes),20200615,20201215
4,88280632,"Midland Credit Management, Inc.",2056SC002143,Small Claims,Open,20201224,20201224
5,88281661,"Midland Credit Management, Inc.",2031SC000745,Small Claims,Disposed (Statistical Purposes),20200615,20210504
6,88281863,"Midland Credit Management, Inc.",2036SC000971,Small Claims,Disposed (Statistical Purposes),20201105,20211001
7,88282368,"Midland Credit Management, Inc.",2036SC000969,Small Claims,Disposed (Statistical Purposes),20201104,20210930
8,88283099,"Midland Credit Management, Inc.",2031SC000773,Small Claims,Disposed (Statistical Purposes),20200615,20210809
9,88283878,"Midland Credit Management, Inc.",2056SC001919,Small Claims,Open,20201119,20201119
10,88285447,"Midland Credit Management, Inc.",2031SC000772,Small Claims,Covid 19 XXX Notice Issued,20200615,20210318
11,88286043,"Midland Credit Management, Inc.",2128SC000076,Small Claims,Disposed (Statistical Purposes),20210301,20210429
12,88286171,"Midland Credit Management, Inc.",2128SC000072,Small Claims,Disposed (Statistical Purposes),20210301,20210429
13,88287442,"Midland Credit Management, Inc.",2128SC000384EF,Small Claims,Disposed (Statistical Purposes),20210902,20220106
14,88288189,"Midland Credit Management, Inc.",2056SC001379,Small Claims,Disposed (Statistical Purposes),20200820,20211214
15,88288714,"Midland Credit Management, Inc.",2036SC000975,Small Claims,Disposed (Statistical Purposes),20201109,20210923
16,88288978,"Midland Credit Management, Inc.",2036SC000974,Small Claims,Disposed (Statistical Purposes),20201109,20211001
17,88289387,"Midland Credit Management, Inc.",2056SC001382,Small Claims,Disposed (Statistical Purposes),20200820,20211214
18,88289661,"Midland Credit Management, Inc.",2186SC000036,Small Claims,Open,20210120,20210120
19,88289838,"Midland Credit Management, Inc.",2023SC001704,Small Claims,Suspended Covid 19 extended,20200605,20200605
20,88290055,"Midland Credit Management, Inc.",2186SC000030,Small Claims,Open,20210119,20210119
21,88291150,"Midland Credit Management, Inc.",2056SC001376,Small Claims,Disposed (Statistical Purposes),20200820,20200831
22,88291500,"Midland Credit Management, Inc.",2128SC000080,Small Claims,Disposed (Statistical Purposes),20210303,20210429
23,88291686,"Midland Credit Management, Inc.",2056SC001380,Small Claims,Disposed (Statistical Purposes),20200820,20211214
24,88292366,"Midland Credit Management, Inc.",2023SC001696,Small Claims,Suspended Covid 19 extended,20200605,20200605
25,88293190,"Midland Credit Management, Inc.",2023SC001700,Small Claims,Suspended Covid 19 extended,20200605,20200605
26,88293253,"Midland Credit Management, Inc.",2023SC001448,Small Claims,Open,20200313,20200313
27,88293566,"Midland Credit Management, Inc.",2023SC001723,Small Claims,Suspended Covid 19 extended,20200605,20200605
28,88293712,"Midland Credit Management, Inc.",2056SC001377,Small Claims,Closed,20200820,20201118
29,88293837,"Midland Credit Management, Inc.",2056SC001378,Small Claims,Disposed (Statistical Purposes),20200820,20211214
30,88293940,"Midland Credit Management, Inc.",2023SC001699,Small Claims,Suspended Covid 19 extended,20200605,20200605
31,88293942,"Midland Credit Management, Inc.",2056SC002148,Small Claims,Open,20201229,20201229
32,88294101,"Midland Credit Management, Inc.",2056SC002144,Small Claims,Open,20201228,20201228
33,88294568,"Midland Credit Management, Inc.",2023SC001703,Small Claims,Open,20200605,20200605
34,88295147,"Midland Credit Management, Inc.",2023SC001721,Small Claims,Suspended Covid 19 extended,20200605,20200605
35,88295512,"Midland Credit Management, Inc.",2056SC002149,Small Claims,Open,20201229,20201229
36,88295586,"Midland Credit Management, Inc.",2128SC000389-EF,Small Claims,Disposed (Statistical Purposes),20210906,20211104
37,88296048,"Midland Credit Management, Inc.",2128SC000388-EF,Small Claims,Disposed (Statistical Purposes),20210906,20211104
38,88296128,"Midland Credit Management, Inc.",2010SC000616,Small Claims,Disposed (Statistical Purposes),20201022,20210902
39,88296270,"Midland Credit Management, Inc.",2010SC000617,Small Claims,Disposed (Statistical Purposes),20201022,20210319
40,88296895,"Midland Credit Management, Inc.",2056SC001381,Small Claims,Disposed (Statistical Purposes),20200820,20211214
41,88296901,"Midland Credit Management, Inc.",2010SC000618,Small Claims,Disposed (Statistical Purposes),20201022,20210909
42,88297920,"Midland Credit Management, Inc.",2011SC000363,Small Claims,Disposed (Statistical Purposes),20200203,20201015
43,88298361,"Midland Credit Management, Inc.",2011SC000361,Small Claims,Disposed (Statistical Purposes),20200203,20220114
44,88298441,"Midland Credit Management, Inc.",2128SC000390-EF,Small Claims,Disposed (Statistical Purposes),20210907,20211104
45,88298502,"Midland Credit Management, Inc.",2011SC000379,Small Claims,Disposed (Statistical Purposes),20200203,20220114
46,88300866,"Midland Credit Management, Inc.",2056SC002151,Small Claims,Open,20201230,20201230
47,88301149,"Midland Credit Management, Inc.",2186SC000126,Small Claims,Open,20210304,20210304
48,88301263,"Midland Credit Management, Inc.",2186SC000137,Small Claims,Open,20210305,20210305
49,88301320,"Midland Credit Management, Inc.",2186SC000136,Small Claims,Open,20210305,20210305
0,88301417,"Midland Credit Management, Inc.",2023SC001729,Small Claims,Open,20200608,20200608
1,88302133,"Midland Credit Management, Inc.",2056SC002152,Small Claims,Open,20201230,20201230
2,88303140,"Midland Credit Management, Inc.",2056SC002154,Small Claims,Disposed (Statistical Purposes),20201230,20210504
3,88303214,"Midland Credit Management, Inc.",2023SC001750,Small Claims,Suspended Covid 19 extended,20200608,20200608
4,88303261,"Midland Credit Management, Inc.",2010SC000623,Small Claims,Disposed (Statistical Purposes),20201026,20210909
5,88303435,"Midland Credit Management, Inc.",2010SC000622,Small Claims,Disposed (Statistical Purposes),20201026,20210909
6,88303707,"Midland Credit Management, Inc.",2023SC001739,Small Claims,Open,20200608,20200608
7,88304434,"Midland Credit Management, Inc.",2023SC001736,Small Claims,Open,20200608,20200608
8,88304651,"Midland Credit Management, Inc.",2056SC002153,Small Claims,Closed,20201230,20211021
9,88304934,"Midland Credit Management, Inc.",2023SC001753,Small Claims,Suspended Covid 19 extended,20200608,20200608
10,88306425,"Midland Credit Management, Inc.",2143SC000203,Small Claims,Disposed (Statistical Purposes),20210323,20210714
11,88306936,"Midland Credit Management, Inc.",2143SC000721,Small Claims,Open,20210920,20210920
12,88307136,"Midland Credit Management, Inc.",2143SC000720,Small Claims,Open,20210920,20210920
13,88307755,"Midland Credit Management, Inc.",2186SC000618,Small Claims,Open,20210830,20210830
14,88307815,"Midland Credit Management, Inc.",2056SC001985,Small Claims,Open,20201125,20201125
15,88308569,"Midland Credit Management, Inc.",2010SC000630,Small Claims,Disposed (Statistical Purposes),20201030,20210902
16,88308910,"Midland Credit Management, Inc.",2143SC000175,Small Claims,Disposed (Statistical Purposes),20210322,20210728
17,88309047,"Midland Credit Management, Inc.",2056SC001427,Small Claims,Open,20200824,20200824
18,88309104,"Midland Credit Management, Inc.",2143SC000179,Small Claims,Disposed (Statistical Purposes),20210323,20210728
19,88309134,"Midland Credit Management, Inc.",2056SC001440,Small Claims,Disposed (Statistical Purposes),20200824,20211206
20,88309309,"Midland Credit Management, Inc.",2056SC001439,Small Claims,Disposed (Statistical Purposes),20200824,20220114
21,88309391,"Midland Credit Management, Inc.",2010SC000627,Small Claims,Disposed (Statistical Purposes),20201030,20210624
22,88309616,"Midland Credit Management, Inc.",2056SC001434,Small Claims,Open,20200824,20200824
23,88309854,"Midland Credit Management, Inc.",2056SC001423,Small Claims,Disposed (Statistical Purposes),20200824,20211217
24,88309970,"Midland Credit Management, Inc.",2056SC001438,Small Claims,Disposed (Statistical Purposes),20200824,20220114
25,88310449,"Midland Credit Management, Inc.",2131SC002254,Small Claims,Open,20211230,20211230
26,88310683,"Midland Credit Management, Inc.",2010SC000628,Small Claims,Disposed (Statistical Purposes),20201030,20210902
27,88310993,"Midland Credit Management, Inc.",2011SC000380,Small Claims,Disposed (Statistical Purposes),20200203,20220114
28,88311137,"Midland Credit Management, Inc.",2023SC001778,Small Claims,Open,20200611,20200611
29,88311162,"Midland Credit Management, Inc.",2010SC000629,Small Claims,Disposed (Statistical Purposes),20201030,20210902
30,88311382,"Midland Credit Management, Inc.",2023SC001776,Small Claims,Suspended Covid 19 extended,20200611,20200611
31,88311635,"Midland Credit Management, Inc.",2056SC001984,Small Claims,Open,20201125,20201125
32,88311724,"Midland Credit Management, Inc.",2186SC000629,Small Claims,Open,20210902,20210902
33,88311924,"Midland Credit Management, Inc.",2023SC001765,Small Claims,Suspended Covid 19 extended,20200611,20200611
34,88311951,"Midland Credit Management, Inc.",2056SC001980,Small Claims,Open,20201125,20201125
35,88312077,"Midland Credit Management, Inc.",2056SC001429,Small Claims,Open,20200824,20200824
36,88312099,"Midland Credit Management, Inc.",2143SC000202,Small Claims,Disposed (Statistical Purposes),20210323,20210714
37,88312201,"Midland Credit Management, Inc.",2023SC001777,Small Claims,Open,20200611,20200611
38,88312418,"Midland Credit Management, Inc.",2023SC001769,Small Claims,Open,20200611,20200611
39,88312524,"Midland Credit Management, Inc.",2143SC000218,Small Claims,Disposed (Statistical Purposes),20210322,20210714
40,88312857,"Midland Credit Management, Inc.",2023SC001774,Small Claims,Suspended Covid 19 extended,20200611,20200611
41,88313058,"Midland Credit Management, Inc.",2023SC001755,Small Claims,Disposed (Statistical Purposes),20200611,20210621
42,88313090,"Midland Credit Management, Inc.",2143SC000176,Small Claims,Disposed (Statistical Purposes),20210322,20210728
43,88313168,"Midland Credit Management, Inc.",2131CV000673,Civil,Open,20211230,20211230
44,88313297,"Midland Credit Management, Inc.",2143SC000217,Small Claims,Disposed (Statistical Purposes),20210322,20210714
45,88313568,"Midland Credit Management, Inc.",2143SC000174,Small Claims,Open,20210322,20210322
46,88313625,"Midland Credit Management, Inc.",2023SC001757,Small Claims,Suspended Covid 19 extended,20200611,20200611
47,88314136,"Midland Credit Management, Inc.",2143SC000177,Small Claims,Disposed (Statistical Purposes),20210322,20210728
48,88315046,"Midland Credit Management, Inc.",2056SC001979,Small Claims,Disposed (Statistical Purposes),20201125,20210603
49,88315333,"Midland Credit Management, Inc.",2131SC002253,Small Claims,Open,20211230,20211230
0,88315421,"Midland Credit Management, Inc.",2056SC001437,Small Claims,Closed,20200824,20220121
1,88315576,"Midland Credit Management, Inc.",2131SC002250,Small Claims,Open,20211230,20211230
2,88315773,"Midland Credit Management, Inc.",2056SC001430,Small Claims,Open,20200824,20200824
3,88315972,"Midland Credit Management, Inc.",2255SC000045,Small Claims,Open,20220131,20220131
4,88316268,"Midland Credit Management, Inc.",2056SC001428,Small Claims,Open,20200824,20200824
5,88316439,"Midland Credit Management, Inc.",2131SC002252,Small Claims,Open,20211230,20211230
6,88316879,"Midland Credit Management, Inc.",2056SC001442,Small Claims,Disposed (Statistical Purposes),20200825,20210616
7,88316999,"Midland Credit Management, Inc.",2143SC000183,Small Claims,Disposed (Statistical Purposes),20210324,20210728
8,88317103,"Midland Credit Management, Inc.",2010SC000523,Small Claims,Disposed (Statistical Purposes),20200821,20211216
9,88317199,"Midland Credit Management, Inc.",2010SC000637,Small Claims,Disposed (Statistical Purposes),20201102,20210624
10,88317294,"Midland Credit Management, Inc.",2056SC001441,Small Claims,Open,20200825,20200825
11,88317345,"Midland Credit Management, Inc.",2143SC000181,Small Claims,Disposed (Statistical Purposes),20210324,20210728
12,88317456,"Midland Credit Management, Inc.",2186SC000635,Small Claims,Open,20210906,20210906
13,88317665,"Midland Credit Management, Inc.",1950SC002514,Small Claims,Disposed (Statistical Purposes),20191219,20210914
14,88318186,"Midland Credit Management, Inc.",2010SC000644,Small Claims,Disposed (Statistical Purposes),20201103,20201211
15,88318386,"Midland Credit Management, Inc.",2010SC000640,Small Claims,Disposed (Statistical Purposes),20201103,20210902
16,88318874,"Midland Credit Management, Inc.",2010SC000643,Small Claims,Disposed (Statistical Purposes),20201103,20210813
17,88319205,"Midland Credit Management, Inc.",1950SC002513,Small Claims,Disposed (Statistical Purposes),20191219,20210709
18,88319280,"Midland Credit Management, Inc.",2010SC000522,Small Claims,Disposed (Statistical Purposes),20200821,20210520
19,88319713,"Midland Credit Management, Inc.",2186SC000060,Small Claims,Open,20210203,20210203
20,88319720,"Midland Credit Management, Inc.",1950SC002504,Small Claims,Covid 19 XXX Notice Issued,20191219,20200811
21,88320769,"Midland Credit Management, Inc.",2143SC000182,Small Claims,Disposed (Statistical Purposes),20210324,20210728
22,88320774,"Midland Credit Management, Inc.",2186SC000636,Small Claims,Open,20210907,20210907
23,88321019,"Midland Credit Management, Inc.",1950SC002507,Small Claims,Disposed (Statistical Purposes),20191219,20210616
24,88321260,"Midland Credit Management, Inc.",2186SC000634,Small Claims,Open,20210907,20210907
25,88321520,"Midland Credit Management, Inc.",2128SC000406-EF,Small Claims,Disposed (Statistical Purposes),20210921,20211202
26,88321759,"Midland Credit Management, Inc.",2231SC000001,Small Claims,Open,20220103,20220103
27,88321902,"Midland Credit Management, Inc.",2186SC000062,Small Claims,Open,20210204,20210204
28,88322561,"Midland Credit Management, Inc.",2186SC000161,Small Claims,Open,20210316,20210316
29,88322801,"Midland Credit Management, Inc.",2010SC000648,Small Claims,Disposed (Statistical Purposes),20201104,20210518
30,88322901,"Midland Credit Management, Inc.",2010SC000528,Small Claims,Disposed (Statistical Purposes),20200821,20200925
31,88323334,"Midland Credit Management, Inc.",2231SC000003,Small Claims,Open,20220103,20220103
32,88323359,"Midland Credit Management, Inc.",1950SC002508,Small Claims,Disposed (Statistical Purposes),20191219,20210518
33,88323423,"Midland Credit Management, Inc.",2143SC000730,Small Claims,Open,20210928,20210928
34,88323532,"Midland Credit Management, Inc.",2010SC000646,Small Claims,Disposed (Statistical Purposes),20201104,20210909
35,88323628,"Midland Credit Management, Inc.",1950SC002509,Small Claims,Covid 19 XXX Notice Issued,20191219,20200811
36,88323919,"Midland Credit Management, Inc.",2010SC000650,Small Claims,Disposed (Statistical Purposes),20201104,20210909
37,88324223,"Midland Credit Management, Inc.",2010SC000651,Small Claims,Disposed (Statistical Purposes),20201105,20210917
38,88324297,"Midland Credit Management, Inc.",2010SC000649,Small Claims,Disposed (Statistical Purposes),20201104,20210909
39,88324442,"Midland Credit Management, Inc.",2010SC000521,Small Claims,Disposed (Statistical Purposes),20200821,20210330
40,88324475,"Midland Credit Management, Inc.",2010SC000647,Small Claims,Disposed (Statistical Purposes),20201104,20210909
41,88324577,"Midland Credit Management, Inc.",2128SC000111-EF,Small Claims,Disposed (Statistical Purposes),20210323,20210415
42,88324984,"Midland Credit Management, Inc.",2010SC000529,Small Claims,Disposed (Statistical Purposes),20200821,20201008
43,88325120,"Midland Credit Management, Inc.",2031SC000797,Small Claims,Disposed (Statistical Purposes),20200629,20210604
44,88325960,"Midland Credit Management, Inc.",2143SC000204,Small Claims,Disposed (Statistical Purposes),20210326,20210714
45,88326095,"Midland Credit Management, Inc.",2143SC000736,Small Claims,Open,20210927,20210927
46,88326318,"Midland Credit Management, Inc.",2143SC000735,Small Claims,Open,20210927,20210927
47,88326527,"Midland Credit Management, Inc.",2255SC000063,Small Claims,Open,20220203,20220203
48,88326537,"Midland Credit Management, Inc.",2023SC001515,Small Claims,Disposed (Statistical Purposes),20200617,20210115
49,88326571,"Midland Credit Management, Inc.",2056SC001462,Small Claims,Open,20200831,20200831
0,88327017,"Midland Credit Management, Inc.",2056SC001463,Small Claims,Open,20200831,20200831
1,88327472,"Midland Credit Management, Inc.",2065SC000203,Small Claims,Open,20200608,20200608
2,88327948,"Midland Credit Management, Inc.",2156SC000030,Small Claims,Open,20210108,20210108
3,88328098,"Midland Credit Management, Inc.",2010SC000488,Small Claims,Disposed (Statistical Purposes),20200825,20200910
4,88328895,"Midland Credit Management, Inc.",2011SC000425,Small Claims,Disposed (Statistical Purposes),20200207,20220114
5,88329074,"Midland Credit Management, Inc.",2010SC000653,Small Claims,Disposed (Statistical Purposes),20201109,20210916
6,88329866,"Midland Credit Management, Inc.",2023SC001533,Small Claims,Disposed (Statistical Purposes),20200617,20201106
7,88331664,"Midland Credit Management, Inc.",2056SC002013,Small Claims,Open,20201201,20201201
8,88332102,"Midland Credit Management, Inc.",2143SC000742,Small Claims,Open,20211001,20211001
9,88332637,"Midland Credit Management, Inc.",2229SC000006-EF,Small Claims,Open,20220121,20220121
10,88332741,"Midland Credit Management, Inc.",2143SC000743,Small Claims,Open,20211001,20211001
11,88333053,"Midland Credit Management, Inc.",2131SC002001,Small Claims,Disposed (Statistical Purposes),20211117,20220106
12,88333487,"Midland Credit Management, Inc.",2143SC000189,Small Claims,Disposed (Statistical Purposes),20210330,20210728
13,88333871,"Midland Credit Management, Inc.",2011SC000427,Small Claims,Disposed (Statistical Purposes),20200207,20220114
14,88334614,"Midland Credit Management, Inc.",2011SC000422,Small Claims,Suspended Covid 19 extended,20200207,20200526
15,88335107,"Midland Credit Management, Inc.",2128SC000416-EF,Small Claims,Disposed (Statistical Purposes),20210929,20211203
16,88335901,"Midland Credit Management, Inc.",1950SC002525,Small Claims,Covid 19 XXX Notice Issued,20191224,20200908
17,88336269,"Midland Credit Management, Inc.",2023SC001409,Small Claims,Disposed (Statistical Purposes),20200324,20210302
18,88336407,"Midland Credit Management, Inc.",2065SC000212,Small Claims,Disposed (Statistical Purposes),20200615,20200723
19,88336853,"Midland Credit Management, Inc.",2229SC000008,Small Claims,Open,20220124,20220124
20,88336963,"Midland Credit Management, Inc.",1950SC002524,Small Claims,Covid 19 XXX Notice Issued,20191224,20200908
21,88337267,"Midland Credit Management, Inc.",2023SC001587,Small Claims,Disposed (Statistical Purposes),20200619,20220106
22,88338157,"Midland Credit Management, Inc.",2023SC001580,Small Claims,Suspended Covid 19 extended,20200619,20200723
23,88338357,"Midland Credit Management, Inc.",2143CV000285,Civil,Open,20211004,20211004
24,88339522,"Midland Credit Management, Inc.",2143SC000745,Small Claims,Open,20211004,20211004
25,88340144,"Midland Credit Management, Inc.",2010SC000656,Small Claims,Disposed (Statistical Purposes),20201112,20220120
26,88340477,"Midland Credit Management, Inc.",2143SC000230,Small Claims,Disposed (Statistical Purposes),20210401,20210728
27,88340497,"Midland Credit Management, Inc.",2186SC000669,Small Claims,Open,20210920,20210920
28,88340614,"Midland Credit Management, Inc.",2143SC000242,Small Claims,Disposed (Statistical Purposes),20210401,20210728
29,88340855,"Midland Credit Management, Inc.",2143SC000245,Small Claims,Disposed (Statistical Purposes),20210401,20210728
30,88340856,"Midland Credit Management, Inc.",2023SC001584,Small Claims,Suspended Covid 19 extended,20200619,20200723
31,88341294,"Midland Credit Management, Inc.",2131SC002032,Small Claims,Disposed (Statistical Purposes),20211119,20211221
32,88341643,"Midland Credit Management, Inc.",2131SC002005,Small Claims,Disposed (Statistical Purposes),20211118,20220106
33,88341902,"Midland Credit Management, Inc.",2143SC000244,Small Claims,Disposed (Statistical Purposes),20210401,20210728
34,88342026,"Midland Credit Management, Inc.",2131SC002033,Small Claims,Open,20211119,20211119
35,88342220,"Midland Credit Management, Inc.",2010SC000525,Small Claims,Disposed (Statistical Purposes),20200831,20210406
36,88342463,"Midland Credit Management, Inc.",2131SC002031,Small Claims,Disposed (Statistical Purposes),20211119,20211221
37,88342640,"Midland Credit Management, Inc.",2128SC000420-EF,Small Claims,Disposed (Statistical Purposes),20211004,20211203
38,88343108,"Midland Credit Management, Inc.",2056SC001488,Small Claims,Open,20200904,20200904
39,88343348,"Midland Credit Management, Inc.",2056SC001478,Small Claims,Open,20200903,20200903
40,88343389,"Midland Credit Management, Inc.",2010SC000524,Small Claims,Disposed (Statistical Purposes),20200831,20210415
41,88343595,"Midland Credit Management, Inc.",2143SC000241,Small Claims,Disposed (Statistical Purposes),20210401,20210812
42,88343931,"Midland Credit Management, Inc.",2143SC000228,Small Claims,Disposed (Statistical Purposes),20210401,20210728
43,88344463,"Midland Credit Management, Inc.",2056SC001483,Small Claims,Open,20200903,20200903
44,88344909,"Midland Credit Management, Inc.",2056SC001485,Small Claims,Disposed (Statistical Purposes),20200903,20201109
45,88345033,"Midland Credit Management, Inc.",2056SC001460,Small Claims,Open,20200903,20200903
46,88345206,"Midland Credit Management, Inc.",2065SC000215,Small Claims,Disposed (Statistical Purposes),20200622,20210222
47,88345341,"Midland Credit Management, Inc.",2131SC002011,Small Claims,Disposed (Statistical Purposes),20211119,20220124
48,88345717,"Midland Credit Management, Inc.",2056SC001457,Small Claims,Open,20200903,20200903
49,88345833,"Midland Credit Management, Inc.",2128SC000421-EF,Small Claims,Disposed (Statistical Purposes),20211005,20211202
0,88345876,"Midland Credit Management, Inc.",2131SC002030,Small Claims,Disposed (Statistical Purposes),20211119,20220120
1,88345960,"Midland Credit Management, Inc.",2143SC000748,Small Claims,Open,20211005,20211005
2,88346178,"Midland Credit Management, Inc.",2056SC001476,Small Claims,Open,20200903,20200903
3,88346219,"Midland Credit Management, Inc.",2186SC000199,Small Claims,Open,20210331,20210331
4,88346437,"Midland Credit Management, Inc.",2056SC001486,Small Claims,Open,20200904,20200904
5,88346567,"Midland Credit Management, Inc.",2186SC000197,Small Claims,Open,20210331,20210331
6,88346595,"Midland Credit Management, Inc.",2186SC000192,Small Claims,Open,20210330,20210330
7,88346777,"Midland Credit Management, Inc.",2186SC000196,Small Claims,Open,20210331,20210331
8,88346835,"Midland Credit Management, Inc.",2186SC000198,Small Claims,Open,20210331,20210331
9,88346937,"Midland Credit Management, Inc.",2186SC000201,Small Claims,Open,20210330,20210330
10,88347094,"Midland Credit Management, Inc.",2156SC000045,Small Claims,Open,20210114,20210114
11,88347290,"Midland Credit Management, Inc.",2065SC000216,Small Claims,Disposed (Statistical Purposes),20200623,20210208
12,88347610,"Midland Credit Management, Inc.",2056SC001484,Small Claims,Open,20200903,20200903
13,88347877,"Midland Credit Management, Inc.",2056SC001482,Small Claims,Open,20200903,20200903
14,88348152,"Midland Credit Management, Inc.",2056SC001475,Small Claims,Open,20200903,20200903
15,88348417,"Midland Credit Management, Inc.",2056SC001477,Small Claims,Open,20200903,20200903
16,88348534,"Midland Credit Management, Inc.",2056SC001490,Small Claims,Open,20200904,20200904
17,88348586,"Midland Credit Management, Inc.",2056SC001469,Small Claims,Open,20200903,20200903
18,88348918,"Midland Credit Management, Inc.",2143SC000238,Small Claims,Disposed (Statistical Purposes),20210405,20210728
19,88349013,"Midland Credit Management, Inc.",2011SC000409,Small Claims,Disposed (Statistical Purposes),20200206,20200309
20,88349076,"Midland Credit Management, Inc.",2029SC000135,Small Claims,Disposed (Statistical Purposes),20200825,20201005
21,88349225,"Midland Credit Management, Inc.",2056SC001487,Small Claims,Open,20200904,20200904
22,88349336,"Midland Credit Management, Inc.",2056SC001474,Small Claims,Open,20200903,20200903
23,88349345,"Midland Credit Management, Inc.",2056SC001489,Small Claims,Open,20200904,20200904
24,88349573,"Midland Credit Management, Inc.",2143SC000240,Small Claims,Disposed (Statistical Purposes),20210405,20210728
25,88349779,"Midland Credit Management, Inc.",2143SC000237,Small Claims,Disposed (Statistical Purposes),20210405,20210728
26,88350085,"Midland Credit Management, Inc.",2143SC000239,Small Claims,Open,20210405,20210405
27,88350463,"Midland Credit Management, Inc.",2143SC000236,Small Claims,Disposed (Statistical Purposes),20210405,20210728
28,88351412,"Midland Credit Management, Inc.",2023SC001621,Small Claims,Disposed (Statistical Purposes),20200623,20210813
29,88352395,"Midland Credit Management, Inc.",2056SC001500,Small Claims,Open,20200908,20200908
30,88352668,"Midland Credit Management, Inc.",2056SC001516,Small Claims,Open,20200908,20200908
31,88353079,"Midland Credit Management, Inc.",2056SC001505,Small Claims,Open,20200908,20200908
32,88353236,"Midland Credit Management, Inc.",2056SC001498,Small Claims,Open,20200908,20200908
33,88353586,"Midland Credit Management, Inc.",2056SC001499,Small Claims,Open,20200908,20200908
34,88353634,"Midland Credit Management, Inc.",2131SC002038,Small Claims,Disposed (Statistical Purposes),20211122,20220120
35,88353857,"Midland Credit Management, Inc.",2056SC001512,Small Claims,Open,20200908,20200908
36,88354879,"Midland Credit Management, Inc.",2056SC001506,Small Claims,Open,20200908,20200908
37,88355290,"Midland Credit Management, Inc.",2056SC001501,Small Claims,Disposed (Statistical Purposes),20200908,20210201
38,88355464,"Midland Credit Management, Inc.",2056SC001504,Small Claims,Open,20200908,20200908
39,88356124,"Midland Credit Management, Inc.",2056SC001503,Small Claims,Open,20200908,20200908
40,88356596,"Midland Credit Management, Inc.",2056SC001507,Small Claims,Open,20200908,20200908
41,88356822,"Midland Credit Management, Inc.",2056SC001509,Small Claims,Open,20200908,20200908
42,88357000,"Midland Credit Management, Inc.",2056SC001514,Small Claims,Open,20200908,20200908
43,88357598,"Midland Credit Management, Inc.",2056SC001508,Small Claims,Open,20200908,20200908
44,88357720,"Midland Credit Management, Inc.",2050SC000004,Small Claims,Disposed (Statistical Purposes),20200102,20210217
45,88357745,"Midland Credit Management, Inc.",2023SC001000,Small Claims,Disposed (Statistical Purposes),20200304,20211008
46,88358005,"Midland Credit Management, Inc.",2143CV000299,Civil,Open,20211012,20211012
47,88358122,"Midland Credit Management, Inc.",2056SC001517,Small Claims,Open,20200908,20200908
48,88358293,"Midland Credit Management, Inc.",2186SC000688,Small Claims,Open,20211001,20211001
49,88358332,"Midland Credit Management, Inc.",2186SC000686,Small Claims,Open,20211001,20211001
0,88358468,"Midland Credit Management, Inc.",2056SC001511,Small Claims,Open,20200908,20200908
1,88358680,"Midland Credit Management, Inc.",2056SC001513,Small Claims,Open,20200908,20200908
2,88358786,"Midland Credit Management, Inc.",2056SC002042,Small Claims,Open,20201203,20201203
3,88358811,"Midland Credit Management, Inc.",2056SC001515,Small Claims,Open,20200908,20200908
4,88359255,"Midland Credit Management, Inc.",2128SC000433-EF,Small Claims,Disposed (Statistical Purposes),20211014,20211202
5,88359487,"Midland Credit Management, Inc.",2056SC001502,Small Claims,Open,20200908,20200908
6,88359957,"Midland Credit Management, Inc.",2023SC001620,Small Claims,Disposed (Statistical Purposes),20200623,20220120
7,88360236,"Midland Credit Management, Inc.",2156SC000056,Small Claims,Open,20210119,20210119
8,88360264,"Midland Credit Management, Inc.",2010SC000538,Small Claims,Disposed (Statistical Purposes),20200908,20210527
9,88360623,"Midland Credit Management, Inc.",2231CV000056,Civil,Open,20220124,20220124
10,88361225,"Midland Credit Management, Inc.",2231SC000061,Small Claims,Open,20220124,20220124
11,88361405,"Midland Credit Management, Inc.",2231SC000060,Small Claims,Open,20220124,20220124
12,88361531,"Midland Credit Management, Inc.",2186SC000222,Small Claims,Open,20210409,20210409
13,88362379,"Midland Credit Management, Inc.",2156SC000062,Small Claims,Open,20210120,20210120
14,88362494,"Midland Credit Management, Inc.",2027SC000551,Small Claims,Disposed (Statistical Purposes),20201123,20210929
15,88362552,"Midland Credit Management, Inc.",2131SC002016,Small Claims,Open,20211124,20211124
16,88363295,"Midland Credit Management, Inc.",2056SC001520,Small Claims,Open,20200909,20200909
17,88364039,"Midland Credit Management, Inc.",2050SC000005,Small Claims,Disposed (Statistical Purposes),20200103,20210716
18,88364084,"Midland Credit Management, Inc.",2231CV000057,Civil,Open,20220125,20220125
19,88364115,"Midland Credit Management, Inc.",2186CV000312,Civil,Disposed (Statistical Purposes),20211005,20211220
20,88364155,"Midland Credit Management, Inc.",2027SC000555,Small Claims,Disposed (Statistical Purposes),20201123,20210305
21,88364567,"Midland Credit Management, Inc.",2056SC001521,Small Claims,Open,20200909,20200909
22,88364694,"Midland Credit Management, Inc.",2023SC001528,Small Claims,Disposed (Statistical Purposes),20200625,20211203
23,88364883,"Midland Credit Management, Inc.",2143SC000782,Small Claims,Open,20211014,20211014
24,88365236,"Midland Credit Management, Inc.",2131SC002027,Small Claims,Disposed (Statistical Purposes),20211126,20220124
25,88365371,"Midland Credit Management, Inc.",2010SC000541,Small Claims,Disposed (Statistical Purposes),20200910,20210429
26,88365429,"Midland Credit Management, Inc.",2131SC002024,Small Claims,Disposed (Statistical Purposes),20211126,20220124
27,88365530,"Midland Credit Management, Inc.",2023SC001529,Small Claims,Disposed (Statistical Purposes),20200625,20211203
28,88365605,"Midland Credit Management, Inc.",2023SC001025,Small Claims,Open,20200305,20200305
29,88366041,"Midland Credit Management, Inc.",2010SC000534,Small Claims,Disposed (Statistical Purposes),20200909,20210930
30,88366086,"Midland Credit Management, Inc.",2023SC001530,Small Claims,Disposed (Statistical Purposes),20200625,20211124
31,88366455,"Midland Credit Management, Inc.",2123SC003841,Small Claims,Open,20211117,20211117
32,88366459,"Midland Credit Management, Inc.",2131SC002023,Small Claims,Disposed (Statistical Purposes),20211126,20220124
33,88366487,"Midland Credit Management, Inc.",2143SC000784,Small Claims,Open,20211014,20211014
34,88366655,"Midland Credit Management, Inc.",2023SC001527,Small Claims,Disposed (Statistical Purposes),20200625,20211203
35,88367173,"Midland Credit Management, Inc.",2131SC002025,Small Claims,Disposed (Statistical Purposes),20211126,20220124
36,88367639,"Midland Credit Management, Inc.",2027SC000562,Small Claims,Disposed (Statistical Purposes),20201125,20211001
37,88367868,"Midland Credit Management, Inc.",2056SC001522,Small Claims,Open,20200910,20200910
38,88368378,"Midland Credit Management, Inc.",2027SC000561,Small Claims,Disposed (Statistical Purposes),20201125,20210929
39,88368639,"Midland Credit Management, Inc.",2010SC000542,Small Claims,Disposed (Statistical Purposes),20200911,20210527
40,88368897,"Midland Credit Management, Inc.",2027SC000556,Small Claims,Disposed (Statistical Purposes),20201124,20210929
41,88369406,"Midland Credit Management, Inc.",2131SC002043,Small Claims,Open,20211129,20211129
42,88369729,"Midland Credit Management, Inc.",2027SC000563,Small Claims,Disposed (Statistical Purposes),20201125,20210929
43,88369746,"Midland Credit Management, Inc.",2056SC002033,Small Claims,Disposed (Statistical Purposes),20201207,20211230
44,88369818,"Midland Credit Management, Inc.",2123SC003842,Small Claims,Open,20211117,20211117
45,88369859,"Midland Credit Management, Inc.",2027SC000558,Small Claims,Disposed (Statistical Purposes),20201124,20210901
46,88370106,"Midland Credit Management, Inc.",2143SC000787,Small Claims,Disposed (Statistical Purposes),20211015,20211103
47,88370324,"Midland Credit Management, Inc.",2131SC002045,Small Claims,Disposed (Statistical Purposes),20211129,20220103
48,88370845,"Midland Credit Management, Inc.",2128SC000444-EF,Small Claims,Disposed (Statistical Purposes),20211020,20211203
49,88371042,"Midland Credit Management, Inc.",2131SC002055,Small Claims,Disposed (Statistical Purposes),20211129,20220207
0,88371436,"Midland Credit Management, Inc.",2143CV000308,Civil,Open,20211015,20211015
1,88371487,"Midland Credit Management, Inc.",2123SC003840,Small Claims,Open,20211117,20211117
2,88371663,"Midland Credit Management, Inc.",2056SC002032,Small Claims,Open,20201207,20201207
3,88371872,"Midland Credit Management, Inc.",2131SC002044,Small Claims,Open,20211129,20211129
4,88372113,"Midland Credit Management, Inc.",2156SC000071,Small Claims,Open,20210122,20210122
5,88372424,"Midland Credit Management, Inc.",2131SC002052,Small Claims,Disposed (Statistical Purposes),20211129,20220207
6,88372709,"Midland Credit Management, Inc.",2056SC002031,Small Claims,Open,20201207,20201207
7,88372988,"Midland Credit Management, Inc.",2131SC002053,Small Claims,Disposed (Statistical Purposes),20211129,20220207
8,88373145,"Midland Credit Management, Inc.",2123SC003905,Small Claims,Open,20211119,20211119
9,88373216,"Midland Credit Management, Inc.",2131SC002047,Small Claims,Open,20211129,20211129
10,88373285,"Midland Credit Management, Inc.",2023SC001543,Small Claims,Suspended Covid 19 extended,20200630,20200721
11,88373395,"Midland Credit Management, Inc.",2131SC002042,Small Claims,Open,20211129,20211129
12,88374757,"Midland Credit Management, Inc.",2156SC000067,Small Claims,Open,20210121,20210121
13,88375155,"Midland Credit Management, Inc.",2027SC000565,Small Claims,Disposed (Statistical Purposes),20201130,20210127
14,88375192,"Midland Credit Management, Inc.",2056SC001529,Small Claims,Open,20200914,20200914
15,88375364,"Midland Credit Management, Inc.",2123SC003889,Small Claims,Open,20211119,20211119
16,88375543,"Midland Credit Management, Inc.",2231SC000071,Small Claims,Open,20220131,20220131
17,88375690,"Midland Credit Management, Inc.",2231CV000063,Civil,Open,20220131,20220131
18,88375694,"Midland Credit Management, Inc.",2027SC000564,Small Claims,Disposed (Statistical Purposes),20201130,20210929
19,88375858,"Midland Credit Management, Inc.",2023SC001570,Small Claims,Disposed (Statistical Purposes),20200630,20220125
20,88375862,"Midland Credit Management, Inc.",2156SC000066,Small Claims,Open,20210121,20210121
21,88375959,"Midland Credit Management, Inc.",2156SC000072,Small Claims,Open,20210122,20210122
22,88376079,"Midland Credit Management, Inc.",2023SC001571,Small Claims,Disposed (Statistical Purposes),20200630,20220114
23,88376529,"Midland Credit Management, Inc.",2128SC000146,Small Claims,Disposed (Statistical Purposes),20210420,20210604
24,88376632,"Midland Credit Management, Inc.",2131SC002063,Small Claims,Open,20211130,20211130
25,88376752,"Midland Credit Management, Inc.",2231SC000073,Small Claims,Open,20220131,20220131
26,88377050,"Midland Credit Management, Inc.",2056SC001528,Small Claims,Open,20200914,20200914
27,88377168,"Midland Credit Management, Inc.",2123SC003888,Small Claims,Open,20211119,20211119
28,88377436,"Midland Credit Management, Inc.",2056SC001530,Small Claims,Open,20200914,20200914
29,88377600,"Midland Credit Management, Inc.",2123SC003887,Small Claims,Open,20211119,20211119
30,88377660,"Midland Credit Management, Inc.",2231CV000065,Civil,Open,20220201,20220201
31,88378007,"Midland Credit Management, Inc.",2010SC000555,Small Claims,Disposed (Statistical Purposes),20200914,20210222
32,88378016,"Midland Credit Management, Inc.",2023SC001494,Small Claims,Disposed (Statistical Purposes),20200629,20211216
33,88378102,"Midland Credit Management, Inc.",2023SC001568,Small Claims,Disposed (Statistical Purposes),20200630,20220114
34,88378203,"Midland Credit Management, Inc.",2029SC000144,Small Claims,Disposed (Statistical Purposes),20200918,20201130
35,88378551,"Midland Credit Management, Inc.",2023SC001545,Small Claims,Suspended Covid 19 extended,20200630,20200721
36,88380077,"Midland Credit Management, Inc.",2023SC001548,Small Claims,Disposed (Statistical Purposes),20200630,20211116
37,88380393,"Midland Credit Management, Inc.",2186SC000712,Small Claims,Open,20211014,20211014
38,88380411,"Midland Credit Management, Inc.",2143SC000798,Small Claims,Open,20211020,20211020
39,88381050,"Midland Credit Management, Inc.",2231CV000066,Civil,Open,20220201,20220201
40,88381187,"Midland Credit Management, Inc.",2131SC002126,Small Claims,Open,20211202,20211202
41,88381380,"Midland Credit Management, Inc.",2143SC000791,Small Claims,Open,20211019,20211019
42,88381512,"Midland Credit Management, Inc.",2128SC000461,Small Claims,Disposed (Statistical Purposes),20211026,20211222
43,88381560,"Midland Credit Management, Inc.",2010SC000545,Small Claims,Disposed (Statistical Purposes),20200916,20210527
44,88381773,"Midland Credit Management, Inc.",2027SC000575,Small Claims,Disposed (Statistical Purposes),20201202,20211006
45,88381865,"Midland Credit Management, Inc.",2056SC002070,Small Claims,Open,20201209,20201209
46,88381878,"Midland Credit Management, Inc.",2128SC000455,Small Claims,Disposed (Statistical Purposes),20211025,20211230
47,88381980,"Midland Credit Management, Inc.",2131SC002124,Small Claims,Disposed (Statistical Purposes),20211202,20220110
48,88382048,"Midland Credit Management, Inc.",2128SC000459,Small Claims,Disposed (Statistical Purposes),20211026,20220120
49,88382152,"Midland Credit Management, Inc.",2056SC001547,Small Claims,Open,20200915,20200915
0,88382265,"Midland Credit Management, Inc.",2131SC002163,Small Claims,Open,20211202,20211202
1,88382681,"Midland Credit Management, Inc.",2056SC002071,Small Claims,Open,20201209,20201209
2,88382742,"Midland Credit Management, Inc.",2143SC000797,Small Claims,Open,20211020,20211020
3,88382839,"Midland Credit Management, Inc.",2029SC000145,Small Claims,Disposed (Statistical Purposes),20200922,20210125
4,88382892,"Midland Credit Management, Inc.",2056SC001548,Small Claims,Open,20200915,20200915
5,88383020,"Midland Credit Management, Inc.",2131SC002165,Small Claims,Disposed (Statistical Purposes),20211202,20220118
6,88383118,"Midland Credit Management, Inc.",2186CV000315,Civil,Open,20211013,20211013
7,88383190,"Midland Credit Management, Inc.",2128SC000456,Small Claims,Disposed (Statistical Purposes),20211025,20211230
8,88383446,"Midland Credit Management, Inc.",2056SC002054,Small Claims,Open,20201208,20201208
9,88383775,"Midland Credit Management, Inc.",2056SC001540,Small Claims,Open,20200915,20200915
10,88384274,"Midland Credit Management, Inc.",2131SC002128,Small Claims,Open,20211202,20211202
11,88385069,"Midland Credit Management, Inc.",2131SC002121,Small Claims,Open,20211202,20211202
12,88385311,"Midland Credit Management, Inc.",2131SC002120,Small Claims,Open,20211202,20211202
13,88385536,"Midland Credit Management, Inc.",2056SC002061,Small Claims,Open,20201208,20201208
14,88385718,"Midland Credit Management, Inc.",2131SC002127,Small Claims,Open,20211202,20211202
15,88385781,"Midland Credit Management, Inc.",2023SC001566,Small Claims,Disposed (Statistical Purposes),20200630,20220114
16,88385979,"Midland Credit Management, Inc.",2131SC002162,Small Claims,Open,20211202,20211202
17,88386379,"Midland Credit Management, Inc.",2123SC003918,Small Claims,Open,20211122,20211122
18,88386455,"Midland Credit Management, Inc.",2128SC000465,Small Claims,Disposed (Statistical Purposes),20211028,20211230
19,88386629,"Midland Credit Management, Inc.",2123SC003920,Small Claims,Open,20211122,20211122
20,88386710,"Midland Credit Management, Inc.",2056SC002077,Small Claims,Open,20201209,20201209
21,88386740,"Midland Credit Management, Inc.",2231SC000107,Small Claims,Open,20220203,20220203
22,88387162,"Midland Credit Management, Inc.",2056SC002062,Small Claims,Open,20201208,20201208
23,88387796,"Midland Credit Management, Inc.",2123SC003919,Small Claims,Open,20211122,20211122
24,88387839,"Midland Credit Management, Inc.",2143SC000287,Small Claims,Disposed (Statistical Purposes),20210421,20210811
25,88387974,"Midland Credit Management, Inc.",2056SC002060,Small Claims,Open,20201208,20201208
26,88388002,"Midland Credit Management, Inc.",2056SC001561,Small Claims,Open,20200917,20200917
27,88388128,"Midland Credit Management, Inc.",2056SC002078,Small Claims,Open,20201209,20201209
28,88388174,"Midland Credit Management, Inc.",2128SC000162,Small Claims,Disposed (Statistical Purposes),20210426,20210603
29,88388347,"Midland Credit Management, Inc.",2143SC000285,Small Claims,Disposed (Statistical Purposes),20210421,20211020
30,88388753,"Midland Credit Management, Inc.",2065SC000260-EF,Small Claims,Disposed (Statistical Purposes),20200722,20210426
31,88389047,"Midland Credit Management, Inc.",2186SC000724,Small Claims,Open,20211015,20211015
32,88389621,"Midland Credit Management, Inc.",2056SC001562,Small Claims,Open,20200917,20200917
33,88389809,"Midland Credit Management, Inc.",2056SC001568,Small Claims,Open,20200917,20200917
34,88389969,"Midland Credit Management, Inc.",2056SC001566,Small Claims,Open,20200917,20200917
35,88390517,"Midland Credit Management, Inc.",2010CV000313,Civil,Disposed (Statistical Purposes),20200921,20210123
36,88390685,"Midland Credit Management, Inc.",2131SC002072,Small Claims,Open,20211206,20211206
37,88390793,"Midland Credit Management, Inc.",2131SC002073,Small Claims,Open,20211206,20211206
38,88391242,"Midland Credit Management, Inc.",2156SC000093,Small Claims,Open,20210127,20210127
39,88391734,"Midland Credit Management, Inc.",2131CV000620,Civil,Open,20211206,20211206
40,88391764,"Midland Credit Management, Inc.",2056SC001554,Small Claims,Open,20200917,20200917
41,88391858,"Midland Credit Management, Inc.",2056SC001553,Small Claims,Disposed (Statistical Purposes),20200917,20210422
42,88392144,"Midland Credit Management, Inc.",2056SC001563,Small Claims,Open,20200917,20200917
43,88392935,"Midland Credit Management, Inc.",2143SC000835,Small Claims,Open,20211025,20211025
44,88392958,"Midland Credit Management, Inc.",2131SC002130,Small Claims,Open,20211206,20211206
45,88393082,"Midland Credit Management, Inc.",2143SC000834,Small Claims,Open,20211025,20211025
46,88393263,"Midland Credit Management, Inc.",2128SC000167,Small Claims,Disposed (Statistical Purposes),20210429,20210617
47,88393342,"Midland Credit Management, Inc.",2123SC003933,Small Claims,Open,20211126,20211126
48,88393476,"Midland Credit Management, Inc.",2056SC001552,Small Claims,Open,20200917,20200917
49,88393516,"Midland Credit Management, Inc.",2143SC000833,Small Claims,Open,20211025,20211025
0,88393616,"Midland Credit Management, Inc.",2128SC000469-EF,Small Claims,Disposed (Statistical Purposes),20211103,20211203
1,88393621,"Midland Credit Management, Inc.",2023SC001096,Small Claims,Disposed (Statistical Purposes),20200310,20211029
2,88393654,"Midland Credit Management, Inc.",2143SC000830,Small Claims,Open,20211025,20211025
3,88393671,"Midland Credit Management, Inc.",2123SC003932,Small Claims,Open,20211126,20211126
4,88393911,"Midland Credit Management, Inc.",2143CV000316,Civil,Open,20211025,20211025
5,88394159,"Midland Credit Management, Inc.",2128SC000168,Small Claims,Disposed (Statistical Purposes),20210429,20210617
6,88394318,"Midland Credit Management, Inc.",2231SC000117,Small Claims,Open,20220207,20220207
7,88394922,"Midland Credit Management, Inc.",2056SC001571,Small Claims,Open,20200917,20200917
8,88394923,"Midland Credit Management, Inc.",2023SC001070,Small Claims,Disposed (Statistical Purposes),20200309,20211029
9,88394943,"Midland Credit Management, Inc.",2027SC000579,Small Claims,Disposed (Statistical Purposes),20201210,20210330
10,88394968,"Midland Credit Management, Inc.",2143SC000266,Small Claims,Disposed (Statistical Purposes),20210426,20210811
11,88395071,"Midland Credit Management, Inc.",2056SC001567,Small Claims,Open,20200917,20200917
12,88395624,"Midland Credit Management, Inc.",2056SC001565,Small Claims,Open,20200917,20200917
13,88396119,"Midland Credit Management, Inc.",2023SC001094,Small Claims,Disposed (Statistical Purposes),20200310,20211029
14,88396732,"Midland Credit Management, Inc.",2010SC000565,Small Claims,Disposed (Statistical Purposes),20200921,20210603
15,88397035,"Midland Credit Management, Inc.",2131CV000621,Civil,Open,20211206,20211206
16,88397165,"Midland Credit Management, Inc.",2123SC003954,Small Claims,Open,20211129,20211129
17,88397345,"Midland Credit Management, Inc.",2123SC003953,Small Claims,Open,20211129,20211129
18,88397405,"Midland Credit Management, Inc.",2023SC001075,Small Claims,Disposed (Statistical Purposes),20200309,20211029
19,88397541,"Midland Credit Management, Inc.",2023SC001488,Small Claims,Disposed (Statistical Purposes),20200706,20211216
20,88397539,"Midland Credit Management, Inc.",2010SC000560,Small Claims,Disposed (Statistical Purposes),20200922,20210429
21,88397715,"Midland Credit Management, Inc.",2123SC003944,Small Claims,Open,20211129,20211129
22,88397849,"Midland Credit Management, Inc.",2123SC003943,Small Claims,Open,20211129,20211129
23,88397862,"Midland Credit Management, Inc.",2010SC000566,Small Claims,Disposed (Statistical Purposes),20200921,20210603
24,88398262,"Midland Credit Management, Inc.",2143SC000829,Small Claims,Open,20211025,20211025
25,88398412,"Midland Credit Management, Inc.",2143SC000832,Small Claims,Open,20211025,20211025
26,88398510,"Midland Credit Management, Inc.",2056SC002079,Small Claims,Open,20201210,20201210
27,88398991,"Midland Credit Management, Inc.",2023SC001101,Small Claims,Disposed (Statistical Purposes),20200310,20211014
28,88399295,"Midland Credit Management, Inc.",2010SC000562,Small Claims,Disposed (Statistical Purposes),20200923,20210513
29,88399559,"Midland Credit Management, Inc.",2056SC002084,Small Claims,Open,20201211,20201211
30,88399670,"Midland Credit Management, Inc.",2143SC000828,Small Claims,Open,20211027,20211027
31,88399699,"Midland Credit Management, Inc.",2143SC000826,Small Claims,Open,20211027,20211027
32,88399738,"Midland Credit Management, Inc.",2143SC000824,Small Claims,Disposed (Statistical Purposes),20211027,20220124
33,88399802,"Midland Credit Management, Inc.",2143SC000825,Small Claims,Open,20211027,20211027
34,88399933,"Midland Credit Management, Inc.",2023SC001098,Small Claims,Disposed (Statistical Purposes),20200310,20211014
35,88399979,"Midland Credit Management, Inc.",2143SC000822,Small Claims,Open,20211027,20211027
36,88400618,"Midland Credit Management, Inc.",2131SC002150,Small Claims,Open,20211208,20211208
37,88400842,"Midland Credit Management, Inc.",2023SC001095,Small Claims,Open,20200310,20200310
38,88401089,"Midland Credit Management, Inc.",2131SC002151,Small Claims,Open,20211208,20211208
39,88401201,"Midland Credit Management, Inc.",2027SC000584,Small Claims,Disposed (Statistical Purposes),20201215,20211006
40,88401262,"Midland Credit Management, Inc.",2123SC003967,Small Claims,Open,20211130,20211130
41,88401429,"Midland Credit Management, Inc.",2143SC000309,Small Claims,Disposed (Statistical Purposes),20210430,20210825
42,88401566,"Midland Credit Management, Inc.",2131CV000622,Civil,Open,20211208,20211208
43,88402141,"Midland Credit Management, Inc.",2131SC002133,Small Claims,Open,20211208,20211208
44,88402335,"Midland Credit Management, Inc.",2123SC003964,Small Claims,Open,20211130,20211130
45,88402486,"Midland Credit Management, Inc.",2123SC003962,Small Claims,Open,20211130,20211130
46,88402532,"Midland Credit Management, Inc.",2123SC003963,Small Claims,Open,20211130,20211130
47,88402879,"Midland Credit Management, Inc.",2023SC001091,Small Claims,Disposed (Statistical Purposes),20200310,20211029
48,88404110,"Midland Credit Management, Inc.",2128SC000180,Small Claims,Disposed (Statistical Purposes),20210510,20210706
49,88404191,"Midland Credit Management, Inc.",2010SC000579,Small Claims,Disposed (Statistical Purposes),20200928,20210121
0,88404472,"Midland Credit Management, Inc.",2023SC001099,Small Claims,Disposed (Statistical Purposes),20200310,20211014
1,88404628,"Midland Credit Management, Inc.",2010SC000571,Small Claims,Disposed (Statistical Purposes),20200928,20210603
2,88404740,"Midland Credit Management, Inc.",2023SC001084,Small Claims,Disposed (Statistical Purposes),20200309,20210423
3,88404960,"Midland Credit Management, Inc.",2023SC001884,Small Claims,Suspended Covid 19 extended,20200709,20200804
4,88405134,"Midland Credit Management, Inc.",2128SC000181,Small Claims,Disposed (Statistical Purposes),20210510,20210617
5,88405366,"Midland Credit Management, Inc.",2128CV000043,Civil,Open,20210510,20210510
6,88405368,"Midland Credit Management, Inc.",2143SC000848,Small Claims,Open,20211101,20211101
7,88405596,"Midland Credit Management, Inc.",2023SC001077,Small Claims,Disposed (Statistical Purposes),20200309,20211029
8,88406080,"Midland Credit Management, Inc.",2131CV000624,Civil,Open,20211210,20211210
9,88406399,"Midland Credit Management, Inc.",2143SC000849,Small Claims,Open,20211101,20211101
10,88406705,"Midland Credit Management, Inc.",2123SC003979,Small Claims,Open,20211202,20211202
11,88407863,"Midland Credit Management, Inc.",2128SC000182EF,Small Claims,Disposed (Statistical Purposes),20210511,20210702
12,88409633,"Midland Credit Management, Inc.",2056SC001618,Small Claims,Open,20200923,20200923
13,88409810,"Midland Credit Management, Inc.",2023SC001885,Small Claims,Disposed (Statistical Purposes),20200709,20210507
14,88410153,"Midland Credit Management, Inc.",2142SC000278,Small Claims,Open,20210817,20210817
15,88410205,"Midland Credit Management, Inc.",2143SC000859,Small Claims,Open,20211102,20211102
16,88410394,"Midland Credit Management, Inc.",2056SC002103,Small Claims,Open,20201215,20201215
17,88410512,"Midland Credit Management, Inc.",2031SC000945,Small Claims,Disposed (Statistical Purposes),20200730,20210927
18,88410854,"Midland Credit Management, Inc.",2143SC000868,Small Claims,Open,20211103,20211103
19,88410946,"Midland Credit Management, Inc.",2123SC004022,Small Claims,Open,20211206,20211206
20,88411708,"Midland Credit Management, Inc.",2143SC000866,Small Claims,Open,20211103,20211103
21,88411735,"Midland Credit Management, Inc.",2023SC001108,Small Claims,Disposed (Statistical Purposes),20200310,20201103
22,88412947,"Midland Credit Management, Inc.",2023SC001107,Small Claims,Disposed (Statistical Purposes),20200310,20210312
23,88413708,"Midland Credit Management, Inc.",2165SC000665,Small Claims,Open,20211123,20211123
24,88413828,"Midland Credit Management, Inc.",2165SC000666,Small Claims,Open,20211123,20211123
25,88413921,"Midland Credit Management, Inc.",2165SC000660-EF,Small Claims,Open,20211122,20211122
26,88414000,"Midland Credit Management, Inc.",2023SC001106,Small Claims,Disposed (Statistical Purposes),20200310,20201130
27,88414146,"Midland Credit Management, Inc.",2123CV001084,Civil,Open,20211207,20211207
28,88414402,"Midland Credit Management, Inc.",2056SC002111,Small Claims,Closed,20201216,20210728
29,88414409,"Midland Credit Management, Inc.",2123SC004023,Small Claims,Open,20211206,20211206
30,88414585,"Midland Credit Management, Inc.",2156SC000139,Small Claims,Open,20210203,20210203
31,88415011,"Midland Credit Management, Inc.",2027SC000593,Small Claims,Disposed (Statistical Purposes),20201224,20211006
32,88415181,"Midland Credit Management, Inc.",2031SC000972,Small Claims,Disposed (Statistical Purposes),20200731,20210927
33,88415341,"Midland Credit Management, Inc.",2027SC000592,Small Claims,Disposed (Statistical Purposes),20201224,20210421
34,88415437,"Midland Credit Management, Inc.",2123SC004025,Small Claims,Open,20211206,20211206
35,88416039,"Midland Credit Management, Inc.",2156SC000112,Small Claims,Open,20210202,20210202
36,88416315,"Midland Credit Management, Inc.",2123SC004024,Small Claims,Open,20211206,20211206
37,88416449,"Midland Credit Management, Inc.",2156SC000140,Small Claims,Open,20210203,20210203
38,88416703,"Midland Credit Management, Inc.",2029SC000154,Small Claims,Disposed (Statistical Purposes),20201020,20201106
39,88417528,"Midland Credit Management, Inc.",2156SC000111,Small Claims,Open,20210202,20210202
40,88418148,"Midland Credit Management, Inc.",2156SC000119,Small Claims,Open,20210202,20210202
41,88418203,"Midland Credit Management, Inc.",2186CV000341,Civil,Open,20211026,20211026
42,88418433,"Midland Credit Management, Inc.",2156SC000133,Small Claims,Disposed (Statistical Purposes),20210203,20210427
43,88419269,"Midland Credit Management, Inc.",2029SC000157,Small Claims,Disposed (Statistical Purposes),20201021,20201130
44,88419425,"Midland Credit Management, Inc.",2186SC000757,Small Claims,Open,20211027,20211027
45,88419834,"Midland Credit Management, Inc.",2142SC000285,Small Claims,Open,20210823,20210823
46,88420058,"Midland Credit Management, Inc.",2156SC000147,Small Claims,Open,20210205,20210205
47,88420384,"Midland Credit Management, Inc.",2165SC000671,Small Claims,Open,20211201,20211201
48,88420595,"Midland Credit Management, Inc.",2156SC000145,Small Claims,Open,20210205,20210205
49,88420604,"Midland Credit Management, Inc.",2027SC000595,Small Claims,Closed (Transferred),20201229,20210218
0,88420699,"Midland Credit Management, Inc.",2027SC000606,Small Claims,Closed (Transferred),20201229,20210218
1,88420972,"Midland Credit Management, Inc.",2165SC000672,Small Claims,Open,20211201,20211201
2,88421021,"Midland Credit Management, Inc.",2165SC000670,Small Claims,Open,20211201,20211201
3,88421164,"Midland Credit Management, Inc.",2027SC000604,Small Claims,Disposed (Statistical Purposes),20201229,20211006
4,88421449,"Midland Credit Management, Inc.",2107SC000311,Small Claims,Open,20210309,20210309
5,88421773,"Midland Credit Management, Inc.",2142SC000050,Small Claims,Open,20210222,20210222
6,88422283,"Midland Credit Management, Inc.",2056SC001647,Small Claims,Open,20200929,20200929
7,88422769,"Midland Credit Management, Inc.",2056SC001639,Small Claims,Open,20200929,20200929
8,88422784,"Midland Credit Management, Inc.",2027SC000613,Small Claims,Disposed (Statistical Purposes),20201228,20211006
9,88423088,"Midland Credit Management, Inc.",2027SC000598,Small Claims,Disposed (Statistical Purposes),20201229,20211006
10,88423274,"Midland Credit Management, Inc.",2165SC000673,Small Claims,Open,20211202,20211202
11,88423571,"Midland Credit Management, Inc.",2027SC000596,Small Claims,Disposed (Statistical Purposes),20201229,20211006
12,88423707,"Midland Credit Management, Inc.",2027SC000617,Small Claims,Disposed (Statistical Purposes),20201229,20211006
13,88423814,"Midland Credit Management, Inc.",2156SC000144,Small Claims,Closed,20210204,20211122
14,88423870,"Midland Credit Management, Inc.",2027SC000603,Small Claims,Disposed (Statistical Purposes),20201229,20210402
15,88424145,"Midland Credit Management, Inc.",2186CV000351,Civil,Open,20211101,20211101
16,88424161,"Midland Credit Management, Inc.",2156SC000148,Small Claims,Open,20210205,20210205
17,88424433,"Midland Credit Management, Inc.",2027SC000597,Small Claims,Disposed (Statistical Purposes),20201229,20211006
18,88424804,"Midland Credit Management, Inc.",2027SC000599,Small Claims,Disposed (Statistical Purposes),20201229,20211006
19,88424940,"Midland Credit Management, Inc.",2027SC000615,Small Claims,Open,20201229,20201229
20,88425752,"Midland Credit Management, Inc.",2027SC000614,Small Claims,Disposed (Statistical Purposes),20201229,20211006
21,88426586,"Midland Credit Management, Inc.",2029SC000165,Small Claims,Disposed (Statistical Purposes),20201028,20201214
22,88426767,"Midland Credit Management, Inc.",2127SC000113,Small Claims,Disposed (Statistical Purposes),20210217,20211027
23,88426881,"Midland Credit Management, Inc.",2127SC000112,Small Claims,Disposed (Statistical Purposes),20210217,20211027
24,88427162,"Midland Credit Management, Inc.",2010SC000225,Small Claims,Disposed (Statistical Purposes),20200227,20210114
25,88428622,"Midland Credit Management, Inc.",2142SC000293,Small Claims,Open,20210827,20210827
26,88428731,"Midland Credit Management, Inc.",2186SC000782,Small Claims,Open,20211103,20211103
27,88429624,"Midland Credit Management, Inc.",2165SC000676,Small Claims,Open,20211206,20211206
28,88429854,"Midland Credit Management, Inc.",2027SC000619,Small Claims,Disposed (Statistical Purposes),20201230,20211006
29,88429923,"Midland Credit Management, Inc.",2023SC001337,Small Claims,Disposed (Statistical Purposes),20200713,20211210
30,88429948,"Midland Credit Management, Inc.",2027SC000618,Small Claims,Disposed (Statistical Purposes),20201230,20211006
31,88430027,"Midland Credit Management, Inc.",2165SC000678,Small Claims,Open,20211206,20211206
32,88430197,"Midland Credit Management, Inc.",2027SC000620,Small Claims,Disposed (Statistical Purposes),20201230,20211006
33,88430308,"Midland Credit Management, Inc.",2165SC000677,Small Claims,Open,20211207,20211207
34,88431387,"Midland Credit Management, Inc.",2142SC000053,Small Claims,Open,20210301,20210301
35,88435327,"Midland Credit Management, Inc.",2127SC000002,Small Claims,Disposed (Statistical Purposes),20210104,20211006
36,88435402,"Midland Credit Management, Inc.",2127SC000003,Small Claims,Disposed (Statistical Purposes),20210104,20211006
37,88435547,"Midland Credit Management, Inc.",2142SC000064,Small Claims,Open,20210305,20210305
38,88435907,"Midland Credit Management, Inc.",2142SC000065,Small Claims,Open,20210305,20210305
39,88436167,"Midland Credit Management, Inc.",2142SC000296,Small Claims,Open,20210903,20210903
40,88436811,"Midland Credit Management, Inc.",2165SC000686,Small Claims,Open,20211210,20211210
41,88437793,"Midland Credit Management, Inc.",2123SC004095,Small Claims,Open,20211214,20211214
42,88438497,"Midland Credit Management, Inc.",2142SC000302,Small Claims,Open,20210907,20210907
43,88439451,"Midland Credit Management, Inc.",2018SC001380,Small Claims,Disposed (Statistical Purposes),20200914,20210910
44,88441158,"Midland Credit Management, Inc.",2018SC001381,Small Claims,Open,20200914,20200914
45,88442941,"Midland Credit Management, Inc.",2123SC004080,Small Claims,Open,20211214,20211214
46,88444675,"Midland Credit Management, Inc.",2018SC001382,Small Claims,Disposed (Statistical Purposes),20200915,20210616
47,88445386,"Midland Credit Management, Inc.",2138SC000925,Small Claims,Open,20210920,20210920
48,88446075,"Midland Credit Management, Inc.",2156SC000181,Small Claims,Closed,20210210,20210601
49,88447008,"Midland Credit Management, Inc.",2018SC001384,Small Claims,Disposed (Statistical Purposes),20200915,20210408
0,88447421,"Midland Credit Management, Inc.",2018SC001383,Small Claims,Disposed (Statistical Purposes),20200915,20210910
1,88447765,"Midland Credit Management, Inc.",2156SC000179,Small Claims,Open,20210210,20210210
2,88448978,"Midland Credit Management, Inc.",2011SC001258,Small Claims,Open,20200713,20200713
3,88449619,"Midland Credit Management, Inc.",2165SC000701,Small Claims,Open,20211214,20211214
4,88450470,"Midland Credit Management, Inc.",2010SC000270,Small Claims,Disposed (Statistical Purposes),20200306,20200324
5,88450986,"Midland Credit Management, Inc.",2138SC000927,Small Claims,Open,20210921,20210921
6,88451116,"Midland Credit Management, Inc.",2018SC001386,Small Claims,Disposed (Statistical Purposes),20200917,20210910
7,88452021,"Midland Credit Management, Inc.",2018CV000462,Civil,Disposed (Statistical Purposes),20200917,20201005
8,88452232,"Midland Credit Management, Inc.",2018SC001385,Small Claims,Disposed (Statistical Purposes),20200917,20210910
9,88452462,"Midland Credit Management, Inc.",2017SC000508,Small Claims,Open,20201221,20201221
10,88452529,"Midland Credit Management, Inc.",2017SC000509,Small Claims,Open,20201221,20201221
11,88452811,"Midland Credit Management, Inc.",2017SC000511,Small Claims,Open,20201221,20201221
12,88452851,"Midland Credit Management, Inc.",2061CV000055,Civil,Disposed (Statistical Purposes),20200302,20201221
13,88452915,"Midland Credit Management, Inc.",2017SC000510,Small Claims,Open,20201221,20201221
14,88453953,"Midland Credit Management, Inc.",2111SC003592EF,Small Claims,Open,20211214,20211214
15,88453986,"Midland Credit Management, Inc.",2111SC003606EF,Small Claims,Open,20211214,20211214
16,88454118,"Midland Credit Management, Inc.",2138SC000933,Small Claims,Open,20210927,20210927
17,88454218,"Midland Credit Management, Inc.",2111SC003590,Small Claims,Open,20211214,20211214
18,88454250,"Midland Credit Management, Inc.",2138SC000934,Small Claims,Open,20210927,20210927
19,88454559,"Midland Credit Management, Inc.",2111SC003591,Small Claims,Open,20211214,20211214
20,88455833,"Midland Credit Management, Inc.",2059SC000208,Small Claims,Suspended-Notices sent Covid-19,20200207,20200401
21,88456688,"Midland Credit Management, Inc.",2123CV000898,Civil,Open,20211006,20211006
22,88457584,"Midland Credit Management, Inc.",2127SC000217,Small Claims,Disposed (Statistical Purposes),20210323,20210421
23,88458119,"Midland Credit Management, Inc.",2127SC000219,Small Claims,Disposed (Statistical Purposes),20210323,20211103
24,88458823,"Midland Credit Management, Inc.",2265SC000036,Small Claims,Open,20220124,20220124
25,88458831,"Midland Credit Management, Inc.",2050SC000225,Small Claims,Disposed (Statistical Purposes),20200206,20211119
26,88459182,"Midland Credit Management, Inc.",2127SC000795,Small Claims,Disposed (Statistical Purposes),20210909,20220208
27,88459252,"Midland Credit Management, Inc.",2050SC000245,Small Claims,Disposed (Statistical Purposes),20200207,20211112
28,88459598,"Midland Credit Management, Inc.",2050SC000248,Small Claims,Covid 19 XXX Notice Issued,20200207,20210107
29,88459638,"Midland Credit Management, Inc.",2036SC001041,Small Claims,Disposed (Statistical Purposes),20201209,20211007
30,88459851,"Midland Credit Management, Inc.",2036SC001042,Small Claims,Disposed (Statistical Purposes),20201209,20211007
31,88460113,"Midland Credit Management, Inc.",2127SC000225,Small Claims,Open,20210324,20210324
32,88460573,"Midland Credit Management, Inc.",2265CV000023,Civil,Open,20220126,20220126
33,88460941,"Midland Credit Management, Inc.",2050SC000226,Small Claims,Disposed (Statistical Purposes),20200206,20210917
34,88461048,"Midland Credit Management, Inc.",2050SC000228,Small Claims,Covid 19 XXX Notice Issued,20200206,20201113
35,88461581,"Midland Credit Management, Inc.",2050SC000229,Small Claims,Disposed (Statistical Purposes),20200206,20211119
36,88461732,"Midland Credit Management, Inc.",2050SC000244,Small Claims,Covid 19 XXX Notice Issued,20200207,20210107
37,88461919,"Midland Credit Management, Inc.",2265SC000041-EF,Small Claims,Open,20220127,20220127
38,88462232,"Midland Credit Management, Inc.",2050SC000227,Small Claims,Disposed (Statistical Purposes),20200206,20210604
39,88462601,"Midland Credit Management, Inc.",2265SC000042-EF,Small Claims,Open,20220127,20220127
40,88463041,"Midland Credit Management, Inc.",2055SC000256,Small Claims,Disposed (Statistical Purposes),20200323,20200728
41,88463527,"Midland Credit Management, Inc.",2050SC000246,Small Claims,Disposed (Statistical Purposes),20200207,20211112
42,88464422,"Midland Credit Management, Inc.",2023SC002139,Small Claims,Open,20200904,20200904
43,88464475,"Midland Credit Management, Inc.",2023SC002141,Small Claims,Open,20200904,20200904
44,88464615,"Midland Credit Management, Inc.",2023SC002138,Small Claims,Open,20200904,20200904
45,88464919,"Midland Credit Management, Inc.",2023SC002137,Small Claims,Open,20200904,20200904
46,88464988,"Midland Credit Management, Inc.",2127SC000245,Small Claims,Disposed (Statistical Purposes),20210331,20211103
47,88465524,"Midland Credit Management, Inc.",2036SC001052,Small Claims,Disposed (Statistical Purposes),20201215,20211028
48,88465568,"Midland Credit Management, Inc.",2036SC001051,Small Claims,Disposed (Statistical Purposes),20201215,20210427
49,88465579,"Midland Credit Management, Inc.",2023SC002142,Small Claims,Open,20200904,20200904
0,88465708,"Midland Credit Management, Inc.",2036SC001050,Small Claims,Disposed (Statistical Purposes),20201215,20220107
1,88466406,"Midland Credit Management, Inc.",2265SC000053-EF,Small Claims,Open,20220203,20220203
2,88466597,"Midland Credit Management, Inc.",2265SC000054-EF,Small Claims,Open,20220203,20220203
3,88468156,"Midland Credit Management, Inc.",2127SC000251,Small Claims,Disposed (Statistical Purposes),20210401,20210506
4,88468253,"Midland Credit Management, Inc.",2127SC000249,Small Claims,Disposed (Statistical Purposes),20210401,20211103
5,88468419,"Midland Credit Management, Inc.",2127SC000252,Small Claims,Disposed (Statistical Purposes),20210401,20211110
6,88468737,"Midland Credit Management, Inc.",2036SC001058,Small Claims,Disposed (Statistical Purposes),20201217,20211007
7,88468767,"Midland Credit Management, Inc.",2127SC000253,Small Claims,Disposed (Statistical Purposes),20210401,20210901
8,88470086,"Midland Credit Management, Inc.",2036SC001059,Small Claims,Open,20201217,20201217
9,88470591,"Midland Credit Management, Inc.",2265SC000060,Small Claims,Open,20220207,20220207
10,88493310,"Midland Credit Management, Inc.",1923SC003832,Small Claims,Suspended Covid 19 extended,20191202,20200304
11,88506583,"Midland Credit Management, Inc.",2107SC001430EF,Small Claims,Open,20210809,20210809
12,88507897,"Midland Credit Management, Inc.",2107SC001428EF,Small Claims,Open,20210809,20210809
13,88517917,"Midland Credit Management, Inc.",1923SC003934,Small Claims,Disposed (Statistical Purposes),20191213,20200312
14,88527654,"Midland Credit Management, Inc.",1923SC003953,Small Claims,Disposed (Statistical Purposes),20191216,20200312
15,88528836,"Midland Credit Management, Inc.",1923SC003998,Small Claims,Disposed (Statistical Purposes),20191216,20210607
16,88530609,"Midland Credit Management, Inc.",1923SC003954,Small Claims,Disposed (Statistical Purposes),20191216,20200312
17,88531086,"Midland Credit Management, Inc.",1923SC003991,Small Claims,Disposed (Statistical Purposes),20191216,20200313
18,88531593,"Midland Credit Management, Inc.",2132SC001146,Small Claims,Disposed (Statistical Purposes),20210628,20210827
19,88535076,"Midland Credit Management, Inc.",1923SC003992,Small Claims,Disposed (Statistical Purposes),20191216,20200313
20,88537028,"Midland Credit Management, Inc.",2101SC000851,Small Claims,Closed,20210722,20211104
21,88537123,"Midland Credit Management, Inc.",1923SC003989,Small Claims,Disposed (Statistical Purposes),20191216,20200313
22,88539709,"Midland Credit Management, Inc.",2101SC000849,Small Claims,Open,20210722,20210722
23,88541017,"Midland Credit Management, Inc.",1923SC004003,Small Claims,Disposed (Statistical Purposes),20191216,20210716
24,88541737,"Midland Credit Management, Inc.",2132SC001200,Small Claims,Disposed (Statistical Purposes),20210630,20210830
25,88542643,"Midland Credit Management, Inc.",2132SC001198,Small Claims,Disposed (Statistical Purposes),20210630,20210830
26,88543389,"Midland Credit Management, Inc.",2101SC000850,Small Claims,Closed,20210722,20211224
27,88544578,"Midland Credit Management, Inc.",2132SC001201,Small Claims,Disposed (Statistical Purposes),20210630,20210830
28,88548288,"Midland Credit Management, Inc.",2132SC001220,Small Claims,Disposed (Statistical Purposes),20210630,20210827
29,88555331,"Midland Credit Management, Inc.",2101SC000857,Small Claims,Open,20210723,20210723
30,88556456,"Midland Credit Management, Inc.",2101SC000856,Small Claims,Open,20210723,20210723
31,88561180,"Midland Credit Management, Inc.",2132SC001649,Small Claims,Open,20210707,20210707
32,88561369,"Midland Credit Management, Inc.",2132SC001653,Small Claims,Open,20210707,20210707
33,88561413,"Midland Credit Management, Inc.",2132SC001651,Small Claims,Disposed (Statistical Purposes),20210707,20211020
34,88562670,"Midland Credit Management, Inc.",2132SC001650,Small Claims,Open,20210707,20210707
35,88563092,"Midland Credit Management, Inc.",2132SC001655,Small Claims,Open,20210707,20210707
36,88576755,"Midland Credit Management, Inc.",2132SC001292,Small Claims,Disposed (Statistical Purposes),20210714,20210831
37,88577024,"Midland Credit Management, Inc.",2132SC001278,Small Claims,Disposed (Statistical Purposes),20210713,20210831
38,88577156,"Midland Credit Management, Inc.",2132SC001291,Small Claims,Disposed (Statistical Purposes),20210714,20220216
39,88577524,"Midland Credit Management, Inc.",2132SC001293,Small Claims,Disposed (Statistical Purposes),20210714,20210907
40,88577595,"Midland Credit Management, Inc.",2132SC001279,Small Claims,Disposed (Statistical Purposes),20210713,20210831
41,88582812,"Midland Credit Management, Inc.",2132SC001891,Small Claims,Open,20210719,20210719
42,88582883,"Midland Credit Management, Inc.",2132SC001894,Small Claims,Open,20210719,20210719
43,88583018,"Midland Credit Management, Inc.",2132SC001892,Small Claims,Open,20210719,20210719
44,88583051,"Midland Credit Management, Inc.",2132SC001890,Small Claims,Open,20210719,20210719
45,88583173,"Midland Credit Management, Inc.",2132SC001889,Small Claims,Open,20210719,20210719
46,88583348,"Midland Credit Management, Inc.",2132SC001347,Small Claims,Disposed (Statistical Purposes),20210719,20210922
47,88584291,"Midland Credit Management, Inc.",2132SC001893,Small Claims,Open,20210719,20210719
48,88587957,"Midland Credit Management, Inc.",2132SC001914,Small Claims,Open,20210721,20210721
49,88588008,"Midland Credit Management, Inc.",2132SC001364,Small Claims,Disposed (Statistical Purposes),20210721,20210928
0,88589956,"Midland Credit Management, Inc.",2132SC001397,Small Claims,Disposed (Statistical Purposes),20210723,20210929
1,88590200,"Midland Credit Management, Inc.",2132SC001396,Small Claims,Disposed (Statistical Purposes),20210723,20210929
2,88591159,"Midland Credit Management, Inc.",2132SC001395,Small Claims,Disposed (Statistical Purposes),20210723,20210929
3,88597503,"Midland Credit Management, Inc.",2132SC001423,Small Claims,Disposed (Statistical Purposes),20210729,20211001
4,88597621,"Midland Credit Management, Inc.",2132SC001428,Small Claims,Open,20210729,20210729
5,88597687,"Midland Credit Management, Inc.",2132SC001425,Small Claims,Disposed (Statistical Purposes),20210729,20211001
6,88599277,"Midland Credit Management, Inc.",2132SC001421,Small Claims,Disposed (Statistical Purposes),20210729,20211001
7,88599533,"Midland Credit Management, Inc.",2132SC001427,Small Claims,Disposed (Statistical Purposes),20210729,20211001
8,88603372,"Midland Credit Management, Inc.",2132SC001448,Small Claims,Disposed (Statistical Purposes),20210802,20210917
9,88611801,"Midland Credit Management, Inc.",2132SC001479,Small Claims,Disposed (Statistical Purposes),20210810,20211004
10,88613279,"Midland Credit Management, Inc.",2132SC001471,Small Claims,Disposed (Statistical Purposes),20210809,20211004
11,88614161,"Midland Credit Management, Inc.",2132SC001477,Small Claims,Disposed (Statistical Purposes),20210810,20211004
12,88615108,"Midland Credit Management, Inc.",2132SC001476,Small Claims,Open,20210810,20210810
13,88615213,"Midland Credit Management, Inc.",2132SC001472,Small Claims,Disposed (Statistical Purposes),20210809,20211004
14,88616736,"Midland Credit Management, Inc.",2132SC001478,Small Claims,Disposed (Statistical Purposes),20210810,20211004
15,88617533,"Midland Credit Management, Inc.",2132SC001475,Small Claims,Disposed (Statistical Purposes),20210810,20211004
16,88619800,"Midland Credit Management, Inc.",2132SC001488,Small Claims,Disposed (Statistical Purposes),20210811,20211005
17,88619883,"Midland Credit Management, Inc.",2132SC001483,Small Claims,Open,20210811,20210811
18,88619923,"Midland Credit Management, Inc.",2132SC001487,Small Claims,Open,20210811,20210811
19,88620986,"Midland Credit Management, Inc.",2010SC000673,Small Claims,Open,20201116,20201116
20,88621497,"Midland Credit Management, Inc.",2251CV000043,Civil,Open,20220202,20220202
21,88623824,"Midland Credit Management, Inc.",2189SC000340,Small Claims,Disposed (Statistical Purposes),20210517,20210929
22,88624963,"Midland Credit Management, Inc.",2159SC000241,Small Claims,Closed,20210311,20220125
23,88627457,"Midland Credit Management, Inc.",2159SC001095,Small Claims,Open,20210827,20210827
24,88627572,"Midland Credit Management, Inc.",2189SC000079,Small Claims,Disposed (Statistical Purposes),20210519,20210630
25,88627867,"Midland Credit Management, Inc.",2010SC000682,Small Claims,Disposed (Statistical Purposes),20201119,20210617
26,88627927,"Midland Credit Management, Inc.",2189SC000342,Small Claims,Disposed (Statistical Purposes),20210518,20210929
27,88628131,"Midland Credit Management, Inc.",2159SC001093,Small Claims,Open,20210827,20210827
28,88628570,"Midland Credit Management, Inc.",2251CV000047,Civil,Open,20220208,20220208
29,88628813,"Midland Credit Management, Inc.",2031SC000548,Small Claims,Disposed (Statistical Purposes),20200309,20200716
30,88628978,"Midland Credit Management, Inc.",2031SC000544,Small Claims,Disposed (Statistical Purposes),20200309,20210805
31,88629340,"Midland Credit Management, Inc.",2031SC000545,Small Claims,Covid 19 XXX Notice Issued,20200309,20210304
32,88629435,"Midland Credit Management, Inc.",2023SC002607,Small Claims,Open,20201022,20201022
33,88630955,"Midland Credit Management, Inc.",2031SC000546,Small Claims,Disposed (Statistical Purposes),20200309,20210805
34,88632174,"Midland Credit Management, Inc.",2189SC000359,Small Claims,Disposed (Statistical Purposes),20210521,20210929
35,88632281,"Midland Credit Management, Inc.",2189SC000352,Small Claims,Disposed (Statistical Purposes),20210521,20211015
36,88632714,"Midland Credit Management, Inc.",2189SC000357,Small Claims,Disposed (Statistical Purposes),20210521,20210928
37,88632802,"Midland Credit Management, Inc.",2159SC000261,Small Claims,Disposed (Statistical Purposes),20210315,20211207
38,88633145,"Midland Credit Management, Inc.",2159SC000262,Small Claims,Disposed (Statistical Purposes),20210315,20211207
39,88633706,"Midland Credit Management, Inc.",2189SC000354,Small Claims,Disposed (Statistical Purposes),20210521,20210929
40,88633929,"Midland Credit Management, Inc.",2189SC000326,Small Claims,Disposed (Statistical Purposes),20210521,20210922
41,88634091,"Midland Credit Management, Inc.",2189SC000353,Small Claims,Disposed (Statistical Purposes),20210521,20211020
42,88634125,"Midland Credit Management, Inc.",2189SC000358,Small Claims,Disposed (Statistical Purposes),20210521,20210929
43,88634240,"Midland Credit Management, Inc.",2106SC000770EF,Small Claims,Disposed (Statistical Purposes),20210625,20220215
44,88634421,"Midland Credit Management, Inc.",2159SC000264,Small Claims,Disposed (Statistical Purposes),20210315,20211123
45,88634468,"Midland Credit Management, Inc.",2159SC000263,Small Claims,Disposed (Statistical Purposes),20210315,20211207
46,88634979,"Midland Credit Management, Inc.",2106SC000771EF,Small Claims,Open,20210625,20210625
47,88635012,"Midland Credit Management, Inc.",2189SC000356,Small Claims,Disposed (Statistical Purposes),20210521,20210929
48,88635080,"Midland Credit Management, Inc.",2189SC000373,Small Claims,Disposed (Statistical Purposes),20210521,20210929
49,88635143,"Midland Credit Management, Inc.",2031SC000547,Small Claims,Disposed (Statistical Purposes),20200309,20210805
0,88635256,"Midland Credit Management, Inc.",2031SC000542,Small Claims,Disposed (Statistical Purposes),20200309,20200716
1,88635751,"Midland Credit Management, Inc.",2031SC000569,Small Claims,Covid 19 XXX Notice Issued,20200309,20200618
2,88638887,"Midland Credit Management, Inc.",2189SC000349,Small Claims,Disposed (Statistical Purposes),20210524,20210929
3,88639506,"Midland Credit Management, Inc.",2189SC000348,Small Claims,Disposed (Statistical Purposes),20210524,20210929
4,88640644,"Midland Credit Management, Inc.",2189SC000350,Small Claims,Disposed (Statistical Purposes),20210524,20210929
5,88642792,"Midland Credit Management, Inc.",2159SC001118,Small Claims,Open,20210902,20210902
6,88643151,"Midland Credit Management, Inc.",2189SC000376,Small Claims,Disposed (Statistical Purposes),20210526,20211006
7,88646367,"Midland Credit Management, Inc.",2159SC000305,Small Claims,Disposed (Statistical Purposes),20210319,20211207
8,88647832,"Midland Credit Management, Inc.",2159SC000304,Small Claims,Disposed (Statistical Purposes),20210319,20211207
9,88648797,"Midland Credit Management, Inc.",2189SC000382,Small Claims,Disposed (Statistical Purposes),20210601,20211015
10,88648901,"Midland Credit Management, Inc.",2189SC000383,Small Claims,Disposed (Statistical Purposes),20210601,20211006
11,88648936,"Midland Credit Management, Inc.",2159SC001120,Small Claims,Open,20210903,20210903
12,88649372,"Midland Credit Management, Inc.",2189SC000384,Small Claims,Disposed (Statistical Purposes),20210601,20211006
13,88649514,"Midland Credit Management, Inc.",2189SC000385,Small Claims,Disposed (Statistical Purposes),20210601,20211006
14,88651574,"Midland Credit Management, Inc.",2106SC000781EF,Small Claims,Disposed (Statistical Purposes),20210628,20210715
15,88658119,"Midland Credit Management, Inc.",2106SC000782EF,Small Claims,Open,20210628,20210628
16,88673120,"Midland Credit Management, Inc.",2106SC000794EF,Small Claims,Disposed (Statistical Purposes),20210629,20220207
17,88674609,"Midland Credit Management, Inc.",2106SC000799EF,Small Claims,Open,20210630,20210630
18,88677600,"Midland Credit Management, Inc.",2189SC000210,Small Claims,Disposed (Statistical Purposes),20210625,20220112
19,88680538,"Midland Credit Management, Inc.",2106SC000800EF,Small Claims,Disposed (Statistical Purposes),20210630,20220207
20,88681557,"Midland Credit Management, Inc.",2189SC000212,Small Claims,Disposed (Statistical Purposes),20210628,20220112
21,88681664,"Midland Credit Management, Inc.",2189SC000211,Small Claims,Disposed (Statistical Purposes),20210628,20220112
22,88681916,"Midland Credit Management, Inc.",2189SC000468,Small Claims,Disposed (Statistical Purposes),20210628,20211103
23,88685624,"Midland Credit Management, Inc.",2189SC000470,Small Claims,Open,20210630,20210630
24,88686609,"Midland Credit Management, Inc.",2189SC000477,Small Claims,Disposed (Statistical Purposes),20210702,20211103
25,88686663,"Midland Credit Management, Inc.",2189SC000473,Small Claims,Open,20210701,20210701
26,88686762,"Midland Credit Management, Inc.",2189SC000475,Small Claims,Disposed (Statistical Purposes),20210701,20211110
27,88687006,"Midland Credit Management, Inc.",2189SC000479,Small Claims,Disposed (Statistical Purposes),20210702,20211110
28,88687953,"Midland Credit Management, Inc.",2189SC000485,Small Claims,Disposed (Statistical Purposes),20210702,20211110
29,88688261,"Midland Credit Management, Inc.",2189SC000482,Small Claims,Disposed (Statistical Purposes),20210702,20211110
30,88688484,"Midland Credit Management, Inc.",2189SC000478,Small Claims,Open,20210702,20210702
31,88688682,"Midland Credit Management, Inc.",2189SC000472,Small Claims,Open,20210701,20210701
32,88688819,"Midland Credit Management, Inc.",2189SC000480,Small Claims,Closed,20210702,20211013
33,88702288,"Midland Credit Management, Inc.",2189SC000487,Small Claims,Disposed (Statistical Purposes),20210708,20211110
34,88708726,"Midland Credit Management, Inc.",2189SC000245,Small Claims,Disposed (Statistical Purposes),20210713,20220112
35,88709489,"Midland Credit Management, Inc.",2189SC000246,Small Claims,Disposed (Statistical Purposes),20210713,20211124
36,88712783,"Midland Credit Management, Inc.",2189SC000249,Small Claims,Disposed (Statistical Purposes),20210714,20220112
37,88716148,"Midland Credit Management, Inc.",2189SC000285,Small Claims,Disposed (Statistical Purposes),20210719,20211201
38,88718601,"Midland Credit Management, Inc.",2189SC000539,Small Claims,Disposed (Statistical Purposes),20210721,20220126
39,88719291,"Midland Credit Management, Inc.",2189SC000521,Small Claims,Disposed (Statistical Purposes),20210722,20211201
40,88719770,"Midland Credit Management, Inc.",2189SC000522,Small Claims,Disposed (Statistical Purposes),20210722,20211201
41,88720556,"Midland Credit Management, Inc.",2189SC000541,Small Claims,Disposed (Statistical Purposes),20210721,20211208
42,88720793,"Midland Credit Management, Inc.",2189SC000520,Small Claims,Open,20210722,20210722
43,88720922,"Midland Credit Management, Inc.",2189SC000540,Small Claims,Disposed (Statistical Purposes),20210721,20211208
44,88722086,"Midland Credit Management, Inc.",2189SC000534,Small Claims,Disposed (Statistical Purposes),20210723,20211208
45,88722266,"Midland Credit Management, Inc.",2189SC000535,Small Claims,Open,20210723,20210723
46,88723032,"Midland Credit Management, Inc.",2189CV000156,Civil,Open,20210726,20210726
47,88724773,"Midland Credit Management, Inc.",2189SC000297,Small Claims,Disposed (Statistical Purposes),20210728,20211201
48,88725922,"Midland Credit Management, Inc.",2189SC000300,Small Claims,Disposed (Statistical Purposes),20210729,20220103
49,88726011,"Midland Credit Management, Inc.",2189SC000301,Small Claims,Disposed (Statistical Purposes),20210729,20211229
0,88734054,"Midland Credit Management, Inc.",2189SC000360,Small Claims,Disposed (Statistical Purposes),20210809,20220112
1,88736722,"Midland Credit Management, Inc.",2189SC000361,Small Claims,Disposed (Statistical Purposes),20210810,20220112
2,88736847,"Midland Credit Management, Inc.",2189SC000362,Small Claims,Disposed (Statistical Purposes),20210810,20211214
3,88742554,"Midland Credit Management, Inc.",2106SC000838,Small Claims,Open,20210709,20210709
4,88743058,"Midland Credit Management, Inc.",2106SC000837,Small Claims,Open,20210709,20210709
5,88744697,"Midland Credit Management, Inc.",2116SC000291EF,Small Claims,Disposed (Statistical Purposes),20210518,20211101
6,88745249,"Midland Credit Management, Inc.",2116SC000283EF,Small Claims,Disposed (Statistical Purposes),20210518,20211108
7,88749035,"Midland Credit Management, Inc.",2106SC000839,Small Claims,Disposed (Statistical Purposes),20210709,20210824
8,88753216,"Midland Credit Management, Inc.",2116SC000303,Small Claims,Disposed (Statistical Purposes),20210524,20210920
9,88755236,"Midland Credit Management, Inc.",2116SC000306EF,Small Claims,Disposed (Statistical Purposes),20210525,20211108
10,88755880,"Midland Credit Management, Inc.",2116SC000305EF,Small Claims,Disposed (Statistical Purposes),20210525,20211115
11,88758923,"Midland Credit Management, Inc.",2116SC000318EF,Small Claims,Disposed (Statistical Purposes),20210527,20211108
12,88758978,"Midland Credit Management, Inc.",2116SC000317EF,Small Claims,Disposed (Statistical Purposes),20210527,20211108
13,88776927,"Midland Credit Management, Inc.",2106SC000873EF,Small Claims,Open,20210714,20210714
14,88782458,"Midland Credit Management, Inc.",2106SC000849EF,Small Claims,Open,20210713,20210713
15,88791071,"Midland Credit Management, Inc.",2116SC000372EF,Small Claims,Disposed (Statistical Purposes),20210621,20211213
16,88794303,"Midland Credit Management, Inc.",2116SC000375EF,Small Claims,Disposed (Statistical Purposes),20210623,20211213
17,88798518,"Midland Credit Management, Inc.",2116SC000382EF,Small Claims,Disposed (Statistical Purposes),20210625,20211213
18,88802217,"Midland Credit Management, Inc.",2116SC000390,Small Claims,Disposed (Statistical Purposes),20210628,20211206
19,88822281,"Midland Credit Management, Inc.",2116SC000440EF,Small Claims,Disposed (Statistical Purposes),20210713,20211206
20,88848341,"Midland Credit Management, Inc.",2116SC000482,Small Claims,Disposed (Statistical Purposes),20210729,20220124
21,88861924,"Midland Credit Management, Inc.",2116SC000520EF,Small Claims,Disposed (Statistical Purposes),20210810,20220124
22,88862184,"Midland Credit Management, Inc.",2116SC000521EF,Small Claims,Disposed (Statistical Purposes),20210810,20220207
23,88875390,"Midland Credit Management, Inc.",2149SC000436,Small Claims,Disposed (Statistical Purposes),20210519,20210826
24,88875833,"Midland Credit Management, Inc.",2149SC000437,Small Claims,Closed,20210519,20210826
25,88876885,"Midland Credit Management, Inc.",2149SC000446,Small Claims,Disposed (Statistical Purposes),20210519,20210831
26,88878594,"Midland Credit Management, Inc.",2149SC000466EF,Small Claims,Disposed (Statistical Purposes),20210521,20210826
27,88879486,"Midland Credit Management, Inc.",2149SC000461EF,Small Claims,Disposed (Statistical Purposes),20210520,20210826
28,88882775,"Midland Credit Management, Inc.",2149SC000475,Small Claims,Open,20210525,20210525
29,88882836,"Midland Credit Management, Inc.",2149SC000474,Small Claims,Disposed (Statistical Purposes),20210525,20211005
30,88882955,"Midland Credit Management, Inc.",2149SC000471,Small Claims,Disposed (Statistical Purposes),20210525,20210831
31,88883144,"Midland Credit Management, Inc.",2149SC000472,Small Claims,Disposed (Statistical Purposes),20210525,20210831
32,88883303,"Midland Credit Management, Inc.",2149SC000479,Small Claims,Closed,20210525,20210901
33,88889154,"Midland Credit Management, Inc.",2149SC000495,Small Claims,Disposed (Statistical Purposes),20210528,20210901
34,88891138,"Midland Credit Management, Inc.",2149SC000499EF,Small Claims,Disposed (Statistical Purposes),20210602,20210826
35,88891490,"Midland Credit Management, Inc.",2149CV000295,Civil,Open,20210603,20210603
36,88895821,"Midland Credit Management, Inc.",2149SC000529,Small Claims,Disposed (Statistical Purposes),20210609,20210909
37,88896942,"Midland Credit Management, Inc.",2149SC000515,Small Claims,Disposed (Statistical Purposes),20210608,20210908
38,88897194,"Midland Credit Management, Inc.",2149SC000516,Small Claims,Closed,20210608,20210908
39,88897317,"Midland Credit Management, Inc.",2149SC000514,Small Claims,Disposed (Statistical Purposes),20210608,20210908
40,88897372,"Midland Credit Management, Inc.",2149SC000522,Small Claims,Disposed (Statistical Purposes),20210608,20210908
41,88918664,"Midland Credit Management, Inc.",2150SC000985,Small Claims,Open,20210602,20210602
42,88920885,"Midland Credit Management, Inc.",2150CV000463,Civil,Open,20210608,20210608
43,88927947,"Midland Credit Management, Inc.",2150SC001120,Small Claims,Open,20210616,20210616
44,88939505,"Midland Credit Management, Inc.",2150SC001213,Small Claims,Open,20210628,20210628
45,88940895,"Midland Credit Management, Inc.",2150SC001219,Small Claims,Open,20210629,20210629
46,88941099,"Midland Credit Management, Inc.",2150SC001222,Small Claims,Open,20210629,20210629
47,88941437,"Midland Credit Management, Inc.",2150SC001223,Small Claims,Open,20210629,20210629
48,88950020,"Midland Credit Management, Inc.",2150SC001262,Small Claims,Open,20210709,20210709
49,88953738,"Midland Credit Management, Inc.",2150SC001269,Small Claims,Open,20210714,20210714
0,88959189,"Midland Credit Management, Inc.",2150SC001313,Small Claims,Open,20210719,20210719
1,88959239,"Midland Credit Management, Inc.",2150SC001314,Small Claims,Disposed (Statistical Purposes),20210719,20220107
2,88965699,"Midland Credit Management, Inc.",2150SC001372,Small Claims,Open,20210726,20210726
3,88966610,"Midland Credit Management, Inc.",2150SC001370,Small Claims,Open,20210726,20210726
4,88973434,"Midland Credit Management, Inc.",2150SC001426,Small Claims,Open,20210802,20210802
5,88978719,"Midland Credit Management, Inc.",2205SC000069,Small Claims,Open,20220302,20220302
6,88978746,"Midland Credit Management, Inc.",2205SC000066EF,Small Claims,Open,20220301,20220301
7,88978773,"Midland Credit Management, Inc.",2205SC000063,Small Claims,Open,20220301,20220301
8,88979215,"Midland Credit Management, Inc.",2206SC000179EF,Small Claims,Open,20220301,20220301
9,88979284,"Midland Credit Management, Inc.",2206SC000178EF,Small Claims,Open,20220301,20220301
10,88979876,"Midland Credit Management, Inc.",2201SC000207EF,Small Claims,Open,20220302,20220302
11,88980668,"Midland Credit Management, Inc.",2248SC000098,Small Claims,Open,20220301,20220301
12,88980687,"Midland Credit Management, Inc.",2248SC000103,Small Claims,Open,20220302,20220302
13,88980775,"Midland Credit Management, Inc.",2248SC000111,Small Claims,Open,20220304,20220304
14,88981577,"Midland Credit Management, Inc.",2215CV000193,Civil,Open,20220301,20220301
15,88981609,"Midland Credit Management, Inc.",2215SC000448,Small Claims,Open,20220301,20220301
16,88982274,"Midland Credit Management, Inc.",2252CV000078,Civil,Open,20220301,20220301
17,88982319,"Midland Credit Management, Inc.",2252SC000076,Small Claims,Open,20220301,20220301
18,88982497,"Midland Credit Management, Inc.",2214SC000174,Small Claims,Open,20220301,20220301
19,88982845,"Midland Credit Management, Inc.",2220SC000106,Small Claims,Open,20220302,20220302
20,88982866,"Midland Credit Management, Inc.",2220SC000107,Small Claims,Open,20220302,20220302
21,88982874,"Midland Credit Management, Inc.",2220SC000102,Small Claims,Open,20220301,20220301
22,88983095,"Midland Credit Management, Inc.",2268SC000052,Small Claims,Open,20220301,20220301
23,88983121,"Midland Credit Management, Inc.",2268SC000051EF,Small Claims,Open,20220301,20220301
24,88984052,"Midland Credit Management, Inc.",2298SC000057EF,Small Claims,Open,20220302,20220302
25,88984269,"Midland Credit Management, Inc.",2232SC000260,Small Claims,Open,20220301,20220301
26,88984305,"Midland Credit Management, Inc.",2232SC000261,Small Claims,Open,20220301,20220301
27,88984360,"Midland Credit Management, Inc.",2232SC000264,Small Claims,Open,20220302,20220302
28,88984907,"Midland Credit Management, Inc.",2232SC000307,Small Claims,Open,20220307,20220307
29,88984952,"Midland Credit Management, Inc.",2289SC000090,Small Claims,Open,20220301,20220301
30,88985361,"Midland Credit Management, Inc.",2249SC000132EF,Small Claims,Disposed (Statistical Purposes),20220302,20220404
31,88985397,"Midland Credit Management, Inc.",2249SC000133EF,Small Claims,Disposed (Statistical Purposes),20220302,20220404
32,88985440,"Midland Credit Management, Inc.",2249SC000136EF,Small Claims,Closed,20220304,20220407
33,88985779,"Midland Credit Management, Inc.",2263SC000045,Small Claims,Open,20220307,20220307
34,88986000,"Midland Credit Management, Inc.",2241SC000074,Small Claims,Open,20220307,20220307
35,88986605,"Midland Credit Management, Inc.",2218SC000335,Small Claims,Open,20220301,20220301
36,88986610,"Midland Credit Management, Inc.",2218SC000344,Small Claims,Open,20220301,20220301
37,88986669,"Midland Credit Management, Inc.",2218SC000342,Small Claims,Open,20220301,20220301
38,88986681,"Midland Credit Management, Inc.",2218SC000348,Small Claims,Open,20220301,20220301
39,88986747,"Midland Credit Management, Inc.",2218SC000358,Small Claims,Open,20220302,20220302
40,88986963,"Midland Credit Management, Inc.",2261SC000103-EF,Small Claims,Open,20220301,20220301
41,88987290,"Midland Credit Management, Inc.",2211SC000339,Small Claims,Open,20220301,20220301
42,88987485,"Midland Credit Management, Inc.",2211SC000351EF,Small Claims,Open,20220304,20220304
43,88987537,"Midland Credit Management, Inc.",2211SC000350EF,Small Claims,Open,20220304,20220304
44,88987696,"Midland Credit Management, Inc.",2213SC000256,Small Claims,Open,20220301,20220301
45,88987766,"Midland Credit Management, Inc.",2213SC000252,Small Claims,Open,20220301,20220301
46,88987781,"Midland Credit Management, Inc.",2213SC000257,Small Claims,Open,20220302,20220302
47,88987788,"Midland Credit Management, Inc.",2213SC000254,Small Claims,Open,20220301,20220301
48,88988259,"Midland Credit Management, Inc.",2250SC000318,Small Claims,Open,20220302,20220302
49,88989042,"Midland Credit Management, Inc.",2287SC000025EF,Small Claims,Open,20220301,20220301
0,88989101,"Midland Credit Management, Inc.",2233SC000308,Small Claims,Open,20220301,20220301
1,88989170,"Midland Credit Management, Inc.",2233SC000303,Small Claims,Open,20220301,20220301
2,88989187,"Midland Credit Management, Inc.",2233SC000305,Small Claims,Open,20220301,20220301
3,88989213,"Midland Credit Management, Inc.",2233SC000304,Small Claims,Open,20220301,20220301
4,88990166,"Midland Credit Management, Inc.",2228SC000070,Small Claims,Disposed (Statistical Purposes),20220301,20220421
5,88990381,"Midland Credit Management, Inc.",2242SC000050,Small Claims,Open,20220301,20220301
6,88990660,"Midland Credit Management, Inc.",2243SC000096,Small Claims,Open,20220301,20220301
7,88990701,"Midland Credit Management, Inc.",2243SC000100,Small Claims,Open,20220302,20220302
8,88991110,"Midland Credit Management, Inc.",2227SC000100,Small Claims,Open,20220302,20220302
9,88991125,"Midland Credit Management, Inc.",2227SC000099,Small Claims,Open,20220302,20220302
10,88991475,"Midland Credit Management, Inc.",2259SC000167,Small Claims,Open,20220302,20220302
11,88991709,"Midland Credit Management, Inc.",2259CV000117,Civil,Open,20220304,20220304
12,88991945,"Midland Credit Management, Inc.",2256SC000330,Small Claims,Open,20220302,20220302
13,88992168,"Midland Credit Management, Inc.",2236SC000107,Small Claims,Open,20220301,20220301
14,88992173,"Midland Credit Management, Inc.",2236SC000106,Small Claims,Open,20220301,20220301
15,2730476,Harvest Credit Management VII L L C,1326SP000097,Supplementary Process,Disposed (Statistical Purposes),20130715,20130919
16,16531085,Harvest Credit Management VII L L C,1026CV000345,Civil,Disposed (Statistical Purposes),20100621,20100907
17,3032796,Midland Credit Management,1286CV000227,Civil,Disposed (Statistical Purposes),20120424,20121106
18,7620715,Midland Credit Management,1254SC001043,Small Claims,Disposed (Statistical Purposes),20120726,20120824
19,20414949,Midland Credit Management,0607SP000677,Supplementary Process,Disposed (Statistical Purposes),20060911,20070126
20,22914915,Midland Credit Management,0615SP000254,Supplementary Process,Disposed (Statistical Purposes),20060413,20060623
21,25642829,Midland Credit Management,0854SC000913,Small Claims,Disposed (Statistical Purposes),20080721,20081110
22,30476988,Midland Credit Management,0611SP000375,Supplementary Process,Disposed (Statistical Purposes),20060508,20080219
23,32307594,Midland Credit Management,0822SC000414,Small Claims,Disposed (Statistical Purposes),20080603,20080731
24,41071428,Midland Credit Management,0662SC005194,Small Claims,Disposed (Statistical Purposes),20061218,20070420
25,47000119,Midland Credit Management,0854SC000730,Small Claims,Disposed (Statistical Purposes),20080604,20080903
26,52345668,Midland Credit Management,0623SC005816,Small Claims,Disposed (Statistical Purposes),20061218,20061228
27,61937100,Midland Credit Management,0611SP000344,Supplementary Process,Disposed (Statistical Purposes),20060427,20060724
28,68127214,Midland Credit Management,1386SP000001,Supplementary Process,Disposed (Statistical Purposes),20130102,20130312
29,75784544,Midland Credit Management,0776CV00114,Administrative Civil Actions,Closed,20070417,20080314
30,77472023,Midland Credit Management,2031CV000334,Civil,Disposed (Statistical Purposes),20200914,20211207
31,77524785,Midland Credit Management,2156CV001507,Civil,Open,20211026,20211026
32,77530688,Midland Credit Management,2123SC000062,Small Claims,Open,20210108,20210108
33,77558875,Midland Credit Management,2123SC000232,Small Claims,Open,20210203,20210203
34,77572623,Midland Credit Management,2136SC001010,Small Claims,Disposed (Statistical Purposes),20210916,20220208
35,77611205,Midland Credit Management,2136SC001152,Small Claims,Open,20211022,20211022
36,77612609,Midland Credit Management,2136SC001151,Small Claims,Open,20211022,20211022
37,77612619,Midland Credit Management,2136SC001153,Small Claims,Open,20211022,20211022
38,77616602,Midland Credit Management,2136SC001146,Small Claims,Open,20211028,20211028
39,77616816,Midland Credit Management,2136SC001145,Small Claims,Open,20211028,20211028
40,77617030,Midland Credit Management,2136SC001147,Small Claims,Open,20211028,20211028
41,77617087,Midland Credit Management,2136SC001150,Small Claims,Open,20211028,20211028
42,77618100,Midland Credit Management,2136SC001157,Small Claims,Open,20211029,20211029
43,79956222,Midland Credit Management,2103CV000016,Civil,Disposed (Statistical Purposes),20210316,20210602
44,80047956,Midland Credit Management,2106CV000512,Civil,Open,20211216,20211216
45,80180775,Midland Credit Management,2004SC000042,Small Claims,Disposed (Statistical Purposes),20200421,20210225
46,80342938,Midland Credit Management,2125SC000165,Small Claims,Open,20210212,20210212
47,80390731,Midland Credit Management,2125SC001290,Small Claims,Open,20211116,20211116
48,80396823,Midland Credit Management,2125SC001291,Small Claims,Open,20211116,20211116
49,80413313,Midland Credit Management,2125SC001364,Small Claims,Open,20211201,20211201
0,80436238,Midland Credit Management,2125SC001316,Small Claims,Open,20211119,20211119
1,80480285,Midland Credit Management,2125SC001317,Small Claims,Open,20211122,20211122
2,80483027,Midland Credit Management,2125SC001326,Small Claims,Open,20211122,20211122
3,80510615,Midland Credit Management,2125SC001338,Small Claims,Open,20211126,20211126
4,80562777,Midland Credit Management,1907SC002226,Small Claims,Suspended Covid 19 extended,20191226,20200406
5,80600882,Midland Credit Management,2114SC000448,Small Claims,Open,20210427,20210427
6,80606314,Midland Credit Management,2114SC000444,Small Claims,Open,20210427,20210427
7,80649461,Midland Credit Management,2114SC000160,Small Claims,Disposed (Statistical Purposes),20210223,20220201
8,80817719,Midland Credit Management,1915SC003662,Small Claims,Disposed (Statistical Purposes),20191219,20210406
9,80883842,Midland Credit Management,2132SC002722,Small Claims,Open,20211122,20211122
10,80961357,Midland Credit Management,2069SC000275,Small Claims,Disposed (Statistical Purposes),20200603,20210630
11,81028206,Midland Credit Management,2154CV000138,Civil,Open,20210304,20210304
12,81117759,Midland Credit Management,2016SC000493,Small Claims,Disposed (Statistical Purposes),20201026,20210222
13,81168381,Midland Credit Management,2069SC000324,Small Claims,Disposed (Statistical Purposes),20200707,20210921
14,81181713,Midland Credit Management,1998SC000680EF,Small Claims,Suspended Covid 19 extended,20191227,20200401
15,81212280,Midland Credit Management,2141CV000017,Civil,Open,20210211,20210211
16,81225367,Midland Credit Management,2017SC000387,Small Claims,Open,20200911,20200911
17,81242237,Midland Credit Management,2135SC000127,Small Claims,Open,20211117,20211117
18,81387151,Midland Credit Management,2061SC000489,Small Claims,Disposed (Statistical Purposes),20200623,20201006
19,81422391,Midland Credit Management,2017SC000412,Small Claims,Open,20201019,20201019
20,81518493,Midland Credit Management,2118SC000404,Small Claims,Disposed (Statistical Purposes),20210305,20220131
21,81640022,Midland Credit Management,2117CV000031,Civil,Disposed (Statistical Purposes),20210319,20210603
22,81665784,Midland Credit Management,2150SC000148,Small Claims,Open,20210210,20210210
23,81687755,Midland Credit Management,2132SC002514,Small Claims,Open,20211025,20211025
24,81755993,Midland Credit Management,2166SC000719,Small Claims,Open,20211208,20211208
25,81799173,Midland Credit Management,2118SC000234,Small Claims,Disposed (Statistical Purposes),20210216,20211220
26,81913207,Midland Credit Management,2188SC000008,Small Claims,Disposed (Statistical Purposes),20210212,20210325
27,81940556,Midland Credit Management,2016CV000122,Civil,Disposed (Statistical Purposes),20200730,20210811
28,81972832,Midland Credit Management,2145CV000187,Civil,Open,20211230,20211230
29,82001231,Midland Credit Management,2117SC000134,Small Claims,Open,20210402,20210402
30,82012168,Midland Credit Management,2066SC000469,Small Claims,Closed,20201209,20210504
31,82111728,Midland Credit Management,2140SC000110,Small Claims,Open,20210824,20210824
32,82140871,Midland Credit Management,2142SC000032,Small Claims,Open,20210205,20210205
33,82323547,Midland Credit Management,2028SC000171,Small Claims,Disposed (Statistical Purposes),20200626,20201015
34,82335764,Midland Credit Management,1954SC001354,Small Claims,Disposed (Statistical Purposes),20191230,20210805
35,82362304,Midland Credit Management,2050SC000307,Small Claims,Disposed (Statistical Purposes),20200213,20211022
36,82362924,Midland Credit Management,2050SC000304,Small Claims,Disposed (Statistical Purposes),20200213,20211022
37,82388713,Midland Credit Management,2050SC000306,Small Claims,Disposed (Statistical Purposes),20200213,20200407
38,82424120,Midland Credit Management,2056CV001012,Civil,Disposed (Statistical Purposes),20201109,20210309
39,82508320,Midland Credit Management,2116SC000043,Small Claims,Disposed (Statistical Purposes),20210204,20210524
40,82511861,Midland Credit Management,2116SC000041,Small Claims,Open,20210204,20210204
41,82514080,Midland Credit Management,2116SC000042,Small Claims,Disposed (Statistical Purposes),20210204,20210614
42,82516281,Midland Credit Management,2116SC000046,Small Claims,Open,20210204,20210204
43,82518566,Midland Credit Management,2116SC000044,Small Claims,Disposed (Statistical Purposes),20210204,20210324
44,82526670,Midland Credit Management,2116SC000045,Small Claims,Disposed (Statistical Purposes),20210204,20210409
45,82527643,Midland Credit Management,2053CV000467,Civil,Open,20201203,20201203
46,82530130,Midland Credit Management,2116SC000040,Small Claims,Disposed (Statistical Purposes),20210204,20210510
47,82562058,Midland Credit Management,2186SC000853,Small Claims,Open,20211202,20211202
48,82562905,Midland Credit Management,2026SC000464,Small Claims,Disposed (Statistical Purposes),20201102,20210811
49,82616035,Midland Credit Management,2186SC000878,Small Claims,Open,20211210,20211210
0,82753596,Midland Credit Management,2017SC000052,Small Claims,Disposed (Statistical Purposes),20200123,20201015
1,82838282,Midland Credit Management,2043CV000124,Civil,Disposed (Statistical Purposes),20200730,20201224
2,82950888,Midland Credit Management,2056SC001057,Small Claims,Closed,20200706,20210810
3,83195114,Midland Credit Management,2160SC001193,Small Claims,Open,20211126,20211126
4,83196394,Midland Credit Management,2160SC001192,Small Claims,Open,20211126,20211126
5,83203015,Midland Credit Management,2062CV000959,Civil,Disposed (Statistical Purposes),20201027,20210715
6,83358374,Midland Credit Management,2067CV000171,Civil,Disposed (Statistical Purposes),20201007,20210210
7,84424473,Midland Credit Management,2125SC000724,Small Claims,Disposed (Statistical Purposes),20210707,20220201
8,85836273,Midland Credit Management,2133SC001189,Small Claims,Open,20210524,20210524
9,85880321,Midland Credit Management,2142SC000239,Small Claims,Open,20210730,20210730
10,86499538,Midland Credit Management,2151CV000200,Civil,Closed,20210723,20210726
11,87994926,Midland Credit Management,2056CV000921,Civil,Disposed (Statistical Purposes),20201023,20210406
12,88019586,Midland Credit Management,2023CV000560,Civil,Open,20200811,20200811
13,88099654,Midland Credit Management,2223CV000078,Civil,Open,20220125,20220125
14,88153822,Midland Credit Management,2050SC001343,Small Claims,Disposed (Statistical Purposes),20200922,20210723
15,88191925,Midland Credit Management,2086CV000400,Civil,Disposed (Statistical Purposes),20201207,20210519
16,88239089,Midland Credit Management,2186CV000001,Civil,Open,20210104,20210104
17,88348432,Midland Credit Management,2186SC000207,Small Claims,Open,20210401,20210401
18,88363171,Midland Credit Management,2056CV001110,Civil,Open,20201203,20201204
19,88369608,Midland Credit Management,2131SC002048,Small Claims,Open,20211129,20211129
20,88512217,Midland Credit Management,1923SC003938,Small Claims,Suspended Covid 19 extended,20191213,20200819
21,88829007,Midland Credit Management,2116SC000449,Small Claims,Disposed (Statistical Purposes),20210719,20210913
22,88965497,Midland Credit Management,2150CV000625,Civil,Disposed (Statistical Purposes),20210727,20220218
23,3301692,Meredith Management Corp.,14H85SP003887,Housing Court Summary Process,Active,20140919,20140919
24,3303266,Meredith Management Corp.,14H85SP003888,Housing Court Summary Process,Active,20140919,20140919
25,14954151,Meredith Management Corp.,10H85SP002997,Housing Court Summary Process,Closed,20100813,20120105
26,16369052,Meredith Management Corp.,10H85SP004613,Housing Court Summary Process,Closed,20101126,20101214
27,41135590,Meredith Management Corp.,07H85SP004537,Housing Court Summary Process,Closed,20071123,20071211
28,41139395,Meredith Management Corp.,07H85SP004536,Housing Court Summary Process,Active,20071123,20071123
29,41143559,Meredith Management Corp.,07H85SP004534,Housing Court Summary Process,Active,20071123,20071123
30,41146291,Meredith Management Corp.,07H85SP004533,Housing Court Summary Process,Active,20071123,20071123
31,41182214,Meredith Management Corp.,09H85SP002907,Housing Court Summary Process,Active,20090828,20090828
32,41317324,Meredith Management Corp.,07H85SP000508,Housing Court Summary Process,Closed,20070209,20070226
33,41328268,Meredith Management Corp.,07H85SP000506,Housing Court Summary Process,Closed,20070209,20070228
34,41331148,Meredith Management Corp.,07H85SP000507,Housing Court Summary Process,Closed,20070209,20070226
35,41811072,Meredith Management Corp.,15H85SP000872,Housing Court Summary Process,Active,20150309,20150309
36,41816456,Meredith Management Corp.,15H85SP000873,Housing Court Summary Process,Closed,20150309,20150324
37,41818316,Meredith Management Corp.,15H85SP000874,Housing Court Summary Process,Active,20150309,20150309
38,42107974,Meredith Management Corp.,08H85SP000584,Housing Court Summary Process,Closed,20080213,20080220
39,42110093,Meredith Management Corp.,08H85SP000586,Housing Court Summary Process,Closed,20080213,20090428
40,42111503,Meredith Management Corp.,08H85SP000588,Housing Court Summary Process,Closed,20080213,20080226
41,42116616,Meredith Management Corp.,08H85SP000597,Housing Court Summary Process,Closed,20080213,20090429
42,42117918,Meredith Management Corp.,08H85SP000595,Housing Court Summary Process,Closed,20080213,20080226
43,42120046,Meredith Management Corp.,08H85SP000591,Housing Court Summary Process,Closed,20080213,20080220
44,42120466,Meredith Management Corp.,08H85SP000594,Housing Court Summary Process,Closed,20080213,20090417
45,42125758,Meredith Management Corp.,08H85SP000592,Housing Court Summary Process,Active,20080213,20080213
46,44459769,Meredith Management Corp.,08H85SP003539,Housing Court Summary Process,Active,20080922,20080922
47,44462863,Meredith Management Corp.,08H85SP003540,Housing Court Summary Process,Closed,20080922,20090316
48,44774105,Meredith Management Corp.,09H85SP001411,Housing Court Summary Process,Closed,20090504,20090518
49,44774552,Meredith Management Corp.,09H85SP001414,Housing Court Summary Process,Closed,20090504,20090518
0,55660230,Meredith Management Corp.,14H85SP001098,Housing Court Summary Process,Closed,20140317,20140401
1,55666891,Meredith Management Corp.,14H85SP001097,Housing Court Summary Process,Closed,20140317,20140401
2,56234050,Meredith Management Corp.,14H85SP001940,Housing Court Summary Process,Closed,20140519,20140604
3,56250112,Meredith Management Corp.,14H85SP001939,Housing Court Summary Process,Closed,20140519,20140603
4,61559369,Meredith Management Corp.,07H85SP000585,Housing Court Summary Process,Closed,20070212,20070226
5,66435070,Meredith Management Corp.,13H85SP001495,Housing Court Summary Process,Closed,20130422,20130507
6,66460034,Meredith Management Corp.,13H85SP001496,Housing Court Summary Process,Closed,20130422,20130507
7,70637274,Meredith Management Corp.,14H85SP000414,Housing Court Summary Process,Closed,20140203,20140225
8,70638765,Meredith Management Corp.,14H85SP000415,Housing Court Summary Process,Closed,20140203,20140225
9,3314290,Franklin Credit Management Corp.,1409CV000123,Civil,Disposed (Statistical Purposes),20141008,20150609
10,42243965,Franklin Credit Management Corp.,08H85SP001170,Housing Court Summary Process,Closed,20080328,20080411
11,47485837,Franklin Credit Management Corp.,0951SP000271,Supplementary Process,Disposed (Statistical Purposes),20090722,20090914
12,54349302,Franklin Credit Management Corp.,08 MISC 388893,Servicemembers,Closed,20081119,20150211
13,54538031,Franklin Credit Management Corp.,08 MISC 389035,Servicemembers,Closed,20081124,20100405
14,60882983,Franklin Credit Management Corp.,07 MISC 350779,Servicemembers,Closed,20070626,20070912
15,61891722,Franklin Credit Management Corp.,08 MISC 368673,Servicemembers,Closed,20080107,20080528
16,62352249,Franklin Credit Management Corp.,08 MISC 388712,Servicemembers,Closed,20081117,20090527
17,62381689,Franklin Credit Management Corp.,08 MISC 388015,Servicemembers,Closed,20081104,20150211
18,84413382,Franklin Credit Management Corp.,1781CV02827,Contract / Business Cases,Open,20170927,20170927
19,3502205,Harvest Credit Management II LLC,1260SP000193,Supplementary Process,Disposed (Statistical Purposes),20120605,20120823
20,4044995,Harvest Credit Management Metris Direct Merchants,1031SP000215,Supplementary Process,Disposed (Statistical Purposes),20100330,20100408
21,5197250,Harvest Credit Management Metris Direct Merchants,1223CV002297,Civil,Disposed (Statistical Purposes),20121205,20140318
22,14974858,Harvest Credit Management Metris Direct Merchants,1036SP000399,Supplementary Process,Disposed (Statistical Purposes),20100721,20100908
23,18598657,Harvest Credit Management Metris Direct Merchants,1004SP000020,Supplementary Process,Disposed (Statistical Purposes),20100329,20120810
24,19912544,Harvest Credit Management Metris Direct Merchants,0507CV001283,Civil,Disposed (Statistical Purposes),20050923,20051216
25,19913474,Harvest Credit Management Metris Direct Merchants,0507CV001282,Civil,Disposed (Statistical Purposes),20050923,20051216
26,19914120,Harvest Credit Management Metris Direct Merchants,0507CV001280,Civil,Disposed (Statistical Purposes),20050923,20051215
27,19931895,Harvest Credit Management Metris Direct Merchants,0507CV001436,Civil,Disposed (Statistical Purposes),20051104,20060303
28,20079577,Harvest Credit Management Metris Direct Merchants,0607CV000523,Civil,Disposed (Statistical Purposes),20060525,20060727
29,20316794,Harvest Credit Management Metris Direct Merchants,0602CV000202,Civil,Disposed (Statistical Purposes),20060501,20060724
30,20851678,Harvest Credit Management Metris Direct Merchants,0634CV000331,Civil,Disposed (Statistical Purposes),20060501,20061003
31,21097030,Harvest Credit Management Metris Direct Merchants,0708CV000233,Civil,Pending,20070801,20070801
32,22128294,Harvest Credit Management Metris Direct Merchants,0514CV000818,Civil,Disposed (Statistical Purposes),20050922,20051130
33,22128472,Harvest Credit Management Metris Direct Merchants,0514CV000819,Civil,Disposed (Statistical Purposes),20050922,20051130
34,23010211,Harvest Credit Management Metris Direct Merchants,0615CV000994,Civil,Disposed (Statistical Purposes),20060511,20060620
35,24996299,Harvest Credit Management Metris Direct Merchants,0814CV001192,Civil,Disposed (Statistical Purposes),20080903,20090112
36,25436314,Harvest Credit Management Metris Direct Merchants,0854CV000326,Civil,Disposed (Statistical Purposes),20080310,20080626
37,25667599,Harvest Credit Management Metris Direct Merchants,0632CV001224,Civil,Disposed (Statistical Purposes),20060927,20061116
38,25738746,Harvest Credit Management Metris Direct Merchants,0632CV000621,Civil,Disposed (Statistical Purposes),20060524,20060711
39,26282184,Harvest Credit Management Metris Direct Merchants,0649CV000939,Civil,Disposed (Statistical Purposes),20060925,20070117
40,26562011,Harvest Credit Management Metris Direct Merchants,0649CV000469,Civil,Disposed (Statistical Purposes),20060522,20060802
41,26713706,Harvest Credit Management Metris Direct Merchants,0639SP000064,Supplementary Process,Disposed (Statistical Purposes),20060522,20060926
42,26866481,Harvest Credit Management Metris Direct Merchants,0589CV000509,Civil,Disposed (Statistical Purposes),20050923,20051216
43,27736738,Harvest Credit Management Metris Direct Merchants,0611CV000567,Civil,Disposed (Statistical Purposes),20060314,20061214
44,27975415,Harvest Credit Management Metris Direct Merchants,0539CV000277,Civil,Disposed (Statistical Purposes),20050922,20051109
45,28138100,Harvest Credit Management Metris Direct Merchants,0541CV000295,Civil,Disposed (Statistical Purposes),20050923,20051109
46,28140220,Harvest Credit Management Metris Direct Merchants,0541CV000296,Civil,Disposed (Statistical Purposes),20050923,20051108
47,28496520,Harvest Credit Management Metris Direct Merchants,0538CV000541,Civil,Disposed (Statistical Purposes),20050922,20051107
48,28507065,Harvest Credit Management Metris Direct Merchants,0598CV000337,Civil,Disposed (Statistical Purposes),20051104,20060501
49,28515801,Harvest Credit Management Metris Direct Merchants,0658CV000302,Civil,Disposed (Statistical Purposes),20060511,20060808
0,29123483,Harvest Credit Management Metris Direct Merchants,0532CV001284,Civil,Disposed (Statistical Purposes),20051104,20060120
1,29251706,Harvest Credit Management Metris Direct Merchants,0618CV000704,Civil,Disposed (Statistical Purposes),20060530,20060717
2,29499721,Harvest Credit Management Metris Direct Merchants,0518CV001730,Civil,Disposed (Statistical Purposes),20050922,20051122
3,29505152,Harvest Credit Management Metris Direct Merchants,0518CV001731,Civil,Disposed (Statistical Purposes),20050922,20051114
4,29536144,Harvest Credit Management Metris Direct Merchants,0661CV000139,Civil,Disposed (Statistical Purposes),20060418,20060606
5,30396529,Harvest Credit Management Metris Direct Merchants,0513CV001317,Civil,Disposed (Statistical Purposes),20050922,20051215
6,30677259,Harvest Credit Management Metris Direct Merchants,0613CV000700,Civil,Disposed (Statistical Purposes),20060522,20060712
7,30898548,Harvest Credit Management Metris Direct Merchants,0521CV000398,Civil,Disposed (Statistical Purposes),20050923,20051108
8,31571893,Harvest Credit Management Metris Direct Merchants,0517CV000342,Civil,Disposed (Statistical Purposes),20051103,20051228
9,31705732,Harvest Credit Management Metris Direct Merchants,0666CV000253,Civil,Disposed (Statistical Purposes),20060501,20060613
10,32288933,Harvest Credit Management Metris Direct Merchants,0633SP000081,Supplementary Process,Disposed (Statistical Purposes),20060213,20060630
11,32540303,Harvest Credit Management Metris Direct Merchants,0633SP000318,Supplementary Process,Disposed (Statistical Purposes),20060626,20060728
12,33236934,Harvest Credit Management Metris Direct Merchants,0643SP000214,Supplementary Process,Disposed (Statistical Purposes),20060911,20070110
13,33481335,Harvest Credit Management Metris Direct Merchants,0643CV000249,Civil,Disposed (Statistical Purposes),20060522,20060802
14,34960754,Harvest Credit Management Metris Direct Merchants,0659CV000583,Civil,Disposed (Statistical Purposes),20060619,20070116
15,35064376,Harvest Credit Management Metris Direct Merchants,0656CV000894,Civil,Disposed (Statistical Purposes),20060418,20060522
16,35945495,Harvest Credit Management Metris Direct Merchants,0610CV000418,Civil,Disposed (Statistical Purposes),20060501,20060712
17,35950787,Harvest Credit Management Metris Direct Merchants,0510CV000782,Civil,Disposed (Statistical Purposes),20050922,20051121
18,35966761,Harvest Credit Management Metris Direct Merchants,0510CV000784,Civil,Disposed (Statistical Purposes),20050922,20051121
19,36698684,Harvest Credit Management Metris Direct Merchants,0531CV000869,Civil,Disposed (Statistical Purposes),20050927,20060118
20,36855127,Harvest Credit Management Metris Direct Merchants,0631CV000435,Civil,Disposed (Statistical Purposes),20060512,20060626
21,36944148,Harvest Credit Management Metris Direct Merchants,0631CV000460,Civil,Disposed (Statistical Purposes),20060522,20060717
22,37596244,Harvest Credit Management Metris Direct Merchants,0660SP000114,Supplementary Process,Disposed (Statistical Purposes),20060419,20060525
23,37649684,Harvest Credit Management Metris Direct Merchants,0544CV000455,Civil,Disposed (Statistical Purposes),20050923,20060201
24,37927530,Harvest Credit Management Metris Direct Merchants,0644SP000057,Supplementary Process,Disposed (Statistical Purposes),20060313,20060717
25,38410722,Harvest Credit Management Metris Direct Merchants,0562CV001857,Civil,Disposed (Statistical Purposes),20050923,20051118
26,39287662,Harvest Credit Management Metris Direct Merchants,0526CV000603,Civil,Disposed (Statistical Purposes),20051222,20060411
27,39321933,Harvest Credit Management Metris Direct Merchants,0543CV000424,Civil,Disposed (Statistical Purposes),20051103,20060922
28,39862075,Harvest Credit Management Metris Direct Merchants,0657CV000327,Civil,Disposed (Statistical Purposes),20060501,20060706
29,39878944,Harvest Credit Management Metris Direct Merchants,0657CV000326,Civil,Disposed (Statistical Purposes),20060501,20060706
30,40065110,Harvest Credit Management Metris Direct Merchants,0667CV000362,Civil,Disposed (Statistical Purposes),20060522,20060707
31,41096555,Harvest Credit Management Metris Direct Merchants,0662CV003039,Civil,Disposed (Statistical Purposes),20061215,20080910
32,41952545,Harvest Credit Management Metris Direct Merchants,0560CV000617,Civil,Disposed (Statistical Purposes),20051104,20060320
33,42699340,Harvest Credit Management Metris Direct Merchants,0562CV002138,Civil,Disposed (Statistical Purposes),20051103,20060105
34,45583190,Harvest Credit Management Metris Direct Merchants,0532CV001136,Civil,Disposed (Statistical Purposes),20050926,20051207
35,45583878,Harvest Credit Management Metris Direct Merchants,0532CV001137,Civil,Disposed (Statistical Purposes),20050926,20051207
36,45942368,Harvest Credit Management Metris Direct Merchants,0614CV000862,Civil,Disposed (Statistical Purposes),20060925,20071116
37,46133425,Harvest Credit Management Metris Direct Merchants,0650CV000721,Civil,Disposed (Statistical Purposes),20060511,20061003
38,46180973,Harvest Credit Management Metris Direct Merchants,0651CV000445,Civil,Disposed (Statistical Purposes),20060626,20061113
39,46185677,Harvest Credit Management Metris Direct Merchants,0654CV000993,Civil,Disposed (Statistical Purposes),20060925,20071030
40,47664834,Harvest Credit Management Metris Direct Merchants,1007SP000694,Supplementary Process,Disposed (Statistical Purposes),20100809,20101008
41,49985143,Harvest Credit Management Metris Direct Merchants,0656SP000559,Supplementary Process,Disposed (Statistical Purposes),20060626,20060822
42,51375609,Harvest Credit Management Metris Direct Merchants,0606CV000406,Civil,Disposed (Statistical Purposes),20060522,20060713
43,53351307,Harvest Credit Management Metris Direct Merchants,0623CV000040,Civil,Disposed (Statistical Purposes),20060106,20060323
44,53764831,Harvest Credit Management Metris Direct Merchants,0623CV001201,Civil,Disposed (Statistical Purposes),20060511,20060720
45,53772853,Harvest Credit Management Metris Direct Merchants,0613CV000650,Civil,Disposed (Statistical Purposes),20060511,20060713
46,55348208,Harvest Credit Management Metris Direct Merchants,0656CV001175,Civil,Disposed (Statistical Purposes),20060511,20060619
47,59169357,Harvest Credit Management Metris Direct Merchants,0656CV002191,Civil,Disposed (Statistical Purposes),20060828,20061122
48,59219613,Harvest Credit Management Metris Direct Merchants,0515CV001798,Civil,Disposed (Statistical Purposes),20050928,20051206
49,60731616,Harvest Credit Management Metris Direct Merchants,0615SP000155,Supplementary Process,Disposed (Statistical Purposes),20060213,20060731
0,63170850,Harvest Credit Management Metris Direct Merchants,0618CV000578,Civil,Disposed (Statistical Purposes),20060501,20060901
1,65793481,Harvest Credit Management Metris Direct Merchants,0681CV02178,Contract / Business Cases,Closed,20060619,20060905
2,69913440,Harvest Credit Management Metris Direct Merchants,0601CV002092,Civil,Closed,20060512,20060512
3,70403619,Harvest Credit Management Metris Direct Merchants,0501CV004483,Civil,Closed,20051103,20060104
4,70502134,Harvest Credit Management Metris Direct Merchants,0501CV003901,Civil,Closed,20050923,20051018
5,70502184,Harvest Credit Management Metris Direct Merchants,0501CV003896,Civil,Closed,20050923,20051125
6,76253662,Harvest Credit Management Metris Direct Merchants,0662SP000162,Supplementary Process,Disposed (Statistical Purposes),20060228,20060512
7,4063588,Harvest Credit Managements VII,1148SP000106,Supplementary Process,Disposed (Statistical Purposes),20110321,20131017
8,4260877,"Meredith Management Corporation, agent",10H85SP000181,Housing Court Summary Process,Closed,20100115,20100202
9,4263460,"Meredith Management Corporation, agent",10H85SP000183,Housing Court Summary Process,Closed,20100115,20100202
10,12247186,"Meredith Management Corporation, agent",10H85SP001722,Housing Court Summary Process,Closed,20100521,20100607
11,12262758,"Meredith Management Corporation, agent",10H85SP001724,Housing Court Summary Process,Closed,20100521,20100607
12,44381539,"Meredith Management Corporation, agent",08H85SP003123,Housing Court Summary Process,Active,20080825,20080825
13,60223002,"Meredith Management Corporation, agent",08H85SP002903,Housing Court Summary Process,Active,20080811,20080811
14,60234376,"Meredith Management Corporation, agent",08H85SP002902,Housing Court Summary Process,Active,20080811,20080811
15,60237793,"Meredith Management Corporation, agent",08H85SP002904,Housing Court Summary Process,Closed,20080811,20101118
16,4343997,"Portfolio Recovery Associates, LLC assignee of Midland Credit Management assignee of Columbus Bank and Trust",1270SC000278,Small Claims,Disposed (Statistical Purposes),20121018,20130129
17,73020049,"Portfolio Recovery Associates, LLC assignee of Midland Credit Management assignee of Columbus Bank and Trust",1314SC000412,Small Claims,Disposed (Statistical Purposes),20130313,20130806
18,5874020,Harvard Credit Management Vii Llc,1167SP000076,Supplementary Process,Disposed (Statistical Purposes),20110328,20120106
19,10991215,Harvard Credit Management Vii Llc,1021SC000706,Small Claims,Disposed (Statistical Purposes),20101018,20110228
20,5886662,Harvest Credit Management Vii.,1125SP000652,Supplementary Process,Disposed (Statistical Purposes),20110322,20110714
21,6006030,Harvest Credit ManagementVII,1367SP000165,Supplementary Process,Disposed (Statistical Purposes),20131007,20131212
22,33025970,Harvest Credit ManagementVII,0928SC000750,Small Claims,Disposed (Statistical Purposes),20090915,20091203
23,52067205,Harvest Credit ManagementVII,0823CV000502,Civil,Disposed (Statistical Purposes),20080212,20080417
24,52068178,Harvest Credit ManagementVII,0823CV000501,Civil,Disposed (Statistical Purposes),20080212,20080423
25,6293015,Harvest Credit Management LLC,1134SP000481,Supplementary Process,Disposed (Statistical Purposes),20111031,20120301
26,8984457,Harvest Credit Management LLC,1141SC000529,Small Claims,Disposed (Statistical Purposes),20110901,20111108
27,18567609,Harvest Credit Management LLC,1007SC001686,Small Claims,Disposed (Statistical Purposes),20101221,20110307
28,19174663,Harvest Credit Management LLC,1007SP000050,Supplementary Process,Disposed (Statistical Purposes),20100128,20100401
29,20281748,Harvest Credit Management LLC,0515CV000131,Civil,Disposed (Statistical Purposes),20050201,20050303
30,22165144,Harvest Credit Management LLC,0569CV000003,Civil,Disposed (Statistical Purposes),20050105,20050505
31,24357114,Harvest Credit Management LLC,0513CV000060,Civil,Disposed (Statistical Purposes),20050119,20050411
32,24564513,Harvest Credit Management LLC,0550SC000117,Small Claims,Disposed (Statistical Purposes),20050125,20051101
33,24580784,Harvest Credit Management LLC,0550CV000109,Civil,Disposed (Statistical Purposes),20050127,20050401
34,26735645,Harvest Credit Management LLC,0663SP000080,Supplementary Process,Disposed (Statistical Purposes),20060629,20060922
35,28348570,Harvest Credit Management LLC,0543CV000016,Civil,Disposed (Statistical Purposes),20050120,20050420
36,31312358,Harvest Credit Management LLC,0661SP000202,Supplementary Process,Disposed (Statistical Purposes),20061221,20070329
37,33465205,Harvest Credit Management LLC,1536SP000102,Supplementary Process,Pending,20150518,20150518
38,33659201,Harvest Credit Management LLC,0740SP000047,Supplementary Process,Disposed (Statistical Purposes),20070720,20070831
39,34294544,Harvest Credit Management LLC,0786SP000051,Supplementary Process,Disposed (Statistical Purposes),20070320,20070430
40,34407432,Harvest Credit Management LLC,1536SP000161,Supplementary Process,Pending,20150810,20150810
41,35396589,Harvest Credit Management LLC,0736CV001510,Civil,Disposed (Statistical Purposes),20071031,20080124
42,38205988,Harvest Credit Management LLC,0744SP000066,Supplementary Process,Disposed (Statistical Purposes),20070321,20070611
43,39623605,Harvest Credit Management LLC,0651SP000341,Supplementary Process,Disposed (Statistical Purposes),20061222,20070507
44,39627273,Harvest Credit Management LLC,0651SP000342,Supplementary Process,Disposed (Statistical Purposes),20061222,20070507
45,40884261,Harvest Credit Management LLC,0662SC004495,Small Claims,Disposed (Statistical Purposes),20061020,20070309
46,45534638,Harvest Credit Management LLC,0532CV000095,Civil,Disposed (Statistical Purposes),20050131,20050617
47,45731696,Harvest Credit Management LLC,0589CV000023,Civil,Disposed (Statistical Purposes),20050120,20050413
48,45787877,Harvest Credit Management LLC,0562SP000064,Supplementary Process,Disposed (Statistical Purposes),20050209,20050322
49,51893595,Harvest Credit Management LLC,0615SP000126,Supplementary Process,Disposed (Statistical Purposes),20060308,20070803
0,62731135,Harvest Credit Management LLC,0511CV000108,Civil,Disposed (Statistical Purposes),20050119,20050630
1,6306732,"Harvest Credit Management MBNA America Bank, N.A.",1131SP000440,Supplementary Process,Disposed (Statistical Purposes),20110912,20120507
2,17607555,"Harvest Credit Management MBNA America Bank, N.A.",1316CV000191,Civil,Disposed (Statistical Purposes),20130715,20140326
3,21675105,"Harvest Credit Management MBNA America Bank, N.A.",0520CV000746,Civil,Disposed (Statistical Purposes),20051103,20060213
4,27493301,"Harvest Credit Management MBNA America Bank, N.A.",0549CV000801,Civil,Disposed (Statistical Purposes),20050923,20051115
5,33476652,"Harvest Credit Management MBNA America Bank, N.A.",0543CV000379,Civil,Disposed (Statistical Purposes),20050927,20051115
6,39967991,"Harvest Credit Management MBNA America Bank, N.A.",0559CV000911,Civil,Disposed (Statistical Purposes),20051103,20060117
7,48736208,"Harvest Credit Management MBNA America Bank, N.A.",1661CV000085,Civil,Pending,20160502,20160502
8,52186364,"Harvest Credit Management MBNA America Bank, N.A.",0633CV000631,Civil,Disposed (Statistical Purposes),20060501,20060622
9,73438099,"Harvest Credit Management MBNA America Bank, N.A.",1331CV000029,Civil,Disposed (Statistical Purposes),20130114,20140417
10,6625529,"Harvest Credit Management, VII, LLC",1262SP000388,Supplementary Process,Disposed (Statistical Purposes),20120713,20121018
11,19000521,"Harvest Credit Management, VII, LLC",1206SP000379,Supplementary Process,Disposed (Statistical Purposes),20120731,20130701
12,19301542,"Harvest Credit Management, VII, LLC",1106SC000922,Small Claims,Disposed (Statistical Purposes),20110927,20111206
13,19305201,"Harvest Credit Management, VII, LLC",1106SC000923,Small Claims,Disposed (Statistical Purposes),20110927,20111101
14,19308301,"Harvest Credit Management, VII, LLC",1106SC000924,Small Claims,Disposed (Statistical Purposes),20110927,20111206
15,20645965,"Harvest Credit Management, VII, LLC",0807CV002059,Civil,Disposed (Statistical Purposes),20081208,20090316
16,30408002,"Harvest Credit Management, VII, LLC",0638CV000842,Civil,Disposed (Statistical Purposes),20061218,20070302
17,36362449,"Harvest Credit Management, VII, LLC",0922CV000385,Civil,Disposed (Statistical Purposes),20090601,20090807
18,47811583,"Harvest Credit Management, VII, LLC",1106SP000523,Supplementary Process,Disposed (Statistical Purposes),20110908,20130109
19,6673838,Harvest Credit Management VI LLC,1211SP000458,Supplementary Process,Disposed (Statistical Purposes),20120625,20120917
20,39888890,Harvest Credit Management VI LLC,0756SP000809,Supplementary Process,Disposed (Statistical Purposes),20070730,20070904
21,52554460,Harvest Credit Management VI LLC,1315CV001197,Civil,Disposed (Statistical Purposes),20130731,20140521
22,57267336,Harvest Credit Management VI LLC,0833CV002139,Civil,Disposed (Statistical Purposes),20081014,20090112
23,60731165,Harvest Credit Management VI LLC,0933SP000409,Supplementary Process,Disposed (Statistical Purposes),20090421,20100201
24,62098559,Harvest Credit Management VI LLC,0956CV001825,Civil,Disposed (Statistical Purposes),20090601,20090818
25,6746076,"Harvest Credit Management, VII JP Morgan Chase",1045SP000244,Supplementary Process,Disposed (Statistical Purposes),20101012,20110801
26,35654356,"Harvest Credit Management, VII JP Morgan Chase",0622CV000416,Civil,Disposed (Statistical Purposes),20061002,20061211
27,6865565,"Midland Credit Management, Inc",1028SC000371,Small Claims,Disposed (Statistical Purposes),20100712,20100903
28,16158448,"Midland Credit Management, Inc",1042CV000026,Civil,Disposed (Statistical Purposes),20100125,20100707
29,16222138,"Midland Credit Management, Inc",1142SP000035,Supplementary Process,Disposed (Statistical Purposes),20110225,20110510
30,18013173,"Midland Credit Management, Inc",1405CV000250,Civil,Disposed (Statistical Purposes),20141119,20150413
31,21435099,"Midland Credit Management, Inc",0748SP000251,Supplementary Process,Disposed (Statistical Purposes),20071203,20080114
32,21787121,"Midland Credit Management, Inc",0720CV000053,Civil,Disposed (Statistical Purposes),20070126,20070601
33,24240709,"Midland Credit Management, Inc",0614SP000444,Supplementary Process,Disposed (Statistical Purposes),20061011,20070226
34,24359089,"Midland Credit Management, Inc",0714CV000090,Civil,Disposed (Statistical Purposes),20070122,20070905
35,25538717,"Midland Credit Management, Inc",0816SP000103,Supplementary Process,Disposed (Statistical Purposes),20080417,20080529
36,25585161,"Midland Credit Management, Inc",0769CV000072,Civil,Disposed (Statistical Purposes),20070209,20070618
37,26597389,"Midland Credit Management, Inc",0789CV000112,Civil,Disposed (Statistical Purposes),20070212,20070608
38,26608405,"Midland Credit Management, Inc",0789CV000114,Civil,Disposed (Statistical Purposes),20070212,20070608
39,26611263,"Midland Credit Management, Inc",0789CV000115,Civil,Disposed (Statistical Purposes),20070212,20070608
40,30561273,"Midland Credit Management, Inc",0916SC000748,Small Claims,Disposed (Statistical Purposes),20090630,20091006
41,31849896,"Midland Credit Management, Inc",0788CV000015,Civil,Disposed (Statistical Purposes),20070129,20070702
42,33468955,"Midland Credit Management, Inc",0728CV000018,Civil,Disposed (Statistical Purposes),20070122,20070411
43,33591936,"Midland Credit Management, Inc",0743SC001136,Small Claims,Disposed (Statistical Purposes),20071011,20071204
44,34806466,"Midland Credit Management, Inc",1510SC001058,Small Claims,Disposed (Statistical Purposes),20150824,20151015
45,35653114,"Midland Credit Management, Inc",0813SC002639,Small Claims,Disposed (Statistical Purposes),20081020,20081229
46,35749323,"Midland Credit Management, Inc",0736CV000221,Civil,Disposed (Statistical Purposes),20070212,20070613
47,37546745,"Midland Credit Management, Inc",0760CV000062,Civil,Disposed (Statistical Purposes),20070124,20070525
48,38325112,"Midland Credit Management, Inc",0653CV000283,Civil,Disposed (Statistical Purposes),20060313,20060719
49,39058828,"Midland Credit Management, Inc",0753CV000218,Civil,Disposed (Statistical Purposes),20070212,20070613
0,46625018,"Midland Credit Management, Inc",0753CV000136,Civil,Disposed (Statistical Purposes),20070126,20070522
1,46625476,"Midland Credit Management, Inc",0753CV000135,Civil,Disposed (Statistical Purposes),20070126,20070521
2,50152697,"Midland Credit Management, Inc",0750CV000106,Civil,Disposed (Statistical Purposes),20070122,20070511
3,50652975,"Midland Credit Management, Inc",0507SP000714,Supplementary Process,Disposed (Statistical Purposes),20051122,20060217
4,52612861,"Midland Credit Management, Inc",0723SC001534,Small Claims,Disposed (Statistical Purposes),20070417,20070604
5,64507604,"Midland Credit Management, Inc",0316SC000368,Small Claims,Disposed (Statistical Purposes),20030401,20030805
6,69351689,"Midland Credit Management, Inc",0313SC001068,Small Claims,Disposed (Statistical Purposes),20030403,20030924
7,69493718,"Midland Credit Management, Inc",0684CV05261,Contract / Business Cases,Closed,20061218,20070525
8,77467897,"Midland Credit Management, Inc",2031SC001099,Small Claims,Disposed (Statistical Purposes),20200910,20210714
9,77468668,"Midland Credit Management, Inc",2031SC001102,Small Claims,Open,20200911,20200911
10,77468843,"Midland Credit Management, Inc",2031SC001101,Small Claims,Open,20200911,20200911
11,77469492,"Midland Credit Management, Inc",1988SC000168,Small Claims,Disposed (Statistical Purposes),20191224,20201020
12,77471558,"Midland Credit Management, Inc",2144SC001059,Small Claims,Open,20211119,20211119
13,77472322,"Midland Credit Management, Inc",2144SC001060,Small Claims,Open,20211119,20211119
14,77474875,"Midland Credit Management, Inc",2144SC001073,Small Claims,Open,20211122,20211122
15,77475654,"Midland Credit Management, Inc",2023SC002557,Small Claims,Open,20201117,20201117
16,77475698,"Midland Credit Management, Inc",2023SC002560,Small Claims,Open,20201117,20201117
17,77478614,"Midland Credit Management, Inc",2070SC000080,Small Claims,Disposed (Statistical Purposes),20200602,20210205
18,77478926,"Midland Credit Management, Inc",2144SC001093,Small Claims,Open,20211129,20211129
19,77480283,"Midland Credit Management, Inc",2070SC000082,Small Claims,Disposed (Statistical Purposes),20200605,20210208
20,77481210,"Midland Credit Management, Inc",2144SC001095,Small Claims,Open,20211202,20211202
21,77481271,"Midland Credit Management, Inc",2144SC001097,Small Claims,Open,20211202,20211202
22,77481306,"Midland Credit Management, Inc",2144SC001094,Small Claims,Open,20211202,20211202
23,77481342,"Midland Credit Management, Inc",2144SC001096,Small Claims,Open,20211202,20211202
24,77482609,"Midland Credit Management, Inc",2023SC002672,Small Claims,Open,20201123,20201123
25,77482668,"Midland Credit Management, Inc",2023SC002677,Small Claims,Open,20201123,20201123
26,77484228,"Midland Credit Management, Inc",2144SC001150,Small Claims,Open,20211209,20211209
27,77495491,"Midland Credit Management, Inc",2144CV000294,Civil,Open,20211220,20211220
28,77504234,"Midland Credit Management, Inc",2023SC002800,Small Claims,Open,20201209,20201209
29,77504897,"Midland Credit Management, Inc",2023SC002801,Small Claims,Open,20201209,20201209
30,77507200,"Midland Credit Management, Inc",2023SC002808,Small Claims,Open,20201211,20201211
31,77508449,"Midland Credit Management, Inc",2023SC002843,Small Claims,Open,20201215,20201215
32,77509159,"Midland Credit Management, Inc",2023SC002844,Small Claims,Open,20201215,20201215
33,77509371,"Midland Credit Management, Inc",2031SC001263,Small Claims,Disposed (Statistical Purposes),20201021,20210519
34,77510490,"Midland Credit Management, Inc",2031SC001282,Small Claims,Disposed (Statistical Purposes),20201023,20210512
35,77510711,"Midland Credit Management, Inc",2031SC001281,Small Claims,Disposed (Statistical Purposes),20201023,20210511
36,77510813,"Midland Credit Management, Inc",2031SC001283,Small Claims,Open,20201023,20201023
37,77518144,"Midland Credit Management, Inc",2023CV000959,Civil,Disposed (Statistical Purposes),20201228,20210429
38,77528478,"Midland Credit Management, Inc",2123SC000034,Small Claims,Open,20210106,20210106
39,77531032,"Midland Credit Management, Inc",2053SC000537,Small Claims,Disposed (Statistical Purposes),20200619,20210329
40,77531443,"Midland Credit Management, Inc",2065SC000301,Small Claims,Disposed (Statistical Purposes),20200824,20210706
41,77531484,"Midland Credit Management, Inc",2065SC000303,Small Claims,Disposed (Statistical Purposes),20200824,20210706
42,77531571,"Midland Credit Management, Inc",2065SC000302,Small Claims,Disposed (Statistical Purposes),20200824,20210706
43,77539342,"Midland Credit Management, Inc",2053SC000573,Small Claims,Disposed (Statistical Purposes),20200703,20210224
44,77555161,"Midland Credit Management, Inc",2136SC000207,Small Claims,Disposed (Statistical Purposes),20210226,20211028
45,77555260,"Midland Credit Management, Inc",2136SC000217,Small Claims,Open,20210226,20210226
46,77555456,"Midland Credit Management, Inc",2136SC000206,Small Claims,Disposed (Statistical Purposes),20210226,20211028
47,77555725,"Midland Credit Management, Inc",2136SC000205,Small Claims,Open,20210226,20210226
48,77556580,"Midland Credit Management, Inc",2136SC000224,Small Claims,Disposed (Statistical Purposes),20210301,20211028
49,77556625,"Midland Credit Management, Inc",2136SC000223,Small Claims,Disposed (Statistical Purposes),20210301,20210525
0,77556790,"Midland Credit Management, Inc",2136SC000225,Small Claims,Disposed (Statistical Purposes),20210301,20211028
1,77556954,"Midland Credit Management, Inc",2136SC000232,Small Claims,Disposed (Statistical Purposes),20210301,20211028
2,77557026,"Midland Credit Management, Inc",2136SC000233,Small Claims,Disposed (Statistical Purposes),20210301,20211028
3,77557195,"Midland Credit Management, Inc",2136SC000226,Small Claims,Disposed (Statistical Purposes),20210301,20211028
4,77557378,"Midland Credit Management, Inc",2136SC000229,Small Claims,Disposed (Statistical Purposes),20210301,20211028
5,77557608,"Midland Credit Management, Inc",2136SC000235,Small Claims,Open,20210301,20210301
6,77557648,"Midland Credit Management, Inc",2136SC000231,Small Claims,Disposed (Statistical Purposes),20210301,20211028
7,77557805,"Midland Credit Management, Inc",2136SC000234,Small Claims,Disposed (Statistical Purposes),20210301,20211028
8,77557993,"Midland Credit Management, Inc",2136SC000230,Small Claims,Disposed (Statistical Purposes),20210301,20211028
9,77558975,"Midland Credit Management, Inc",2123SC000236,Small Claims,Open,20210203,20210203
10,77559110,"Midland Credit Management, Inc",2123SC000233,Small Claims,Open,20210203,20210203
11,77559292,"Midland Credit Management, Inc",2136SC000239,Small Claims,Disposed (Statistical Purposes),20210303,20211028
12,77559339,"Midland Credit Management, Inc",2136SC000238,Small Claims,Disposed (Statistical Purposes),20210303,20211202
13,77559449,"Midland Credit Management, Inc",2123SC000239,Small Claims,Open,20210203,20210203
14,77559474,"Midland Credit Management, Inc",2123SC000244,Small Claims,Open,20210203,20210203
15,77559876,"Midland Credit Management, Inc",2123SC000243,Small Claims,Open,20210203,20210203
16,77560397,"Midland Credit Management, Inc",2123SC000237,Small Claims,Open,20210203,20210203
17,77560445,"Midland Credit Management, Inc",2123SC000234,Small Claims,Open,20210203,20210203
18,77560525,"Midland Credit Management, Inc",2123SC000235,Small Claims,Open,20210203,20210203
19,77560671,"Midland Credit Management, Inc",2123SC000240,Small Claims,Open,20210203,20210203
20,77566351,"Midland Credit Management, Inc",2136CV000123,Civil,Open,20210315,20210315
21,77572729,"Midland Credit Management, Inc",2136SC001003,Small Claims,Open,20210916,20210916
22,77573487,"Midland Credit Management, Inc",2136SC001000,Small Claims,Open,20210915,20210915
23,77573702,"Midland Credit Management, Inc",2136SC000278,Small Claims,Disposed (Statistical Purposes),20210322,20220208
24,77574205,"Midland Credit Management, Inc",2065SC000427-EF,Small Claims,Open,20201112,20201112
25,77574410,"Midland Credit Management, Inc",2136SC000284,Small Claims,Disposed (Statistical Purposes),20210322,20211117
26,77574475,"Midland Credit Management, Inc",2136SC001021,Small Claims,Open,20210917,20210917
27,77577771,"Midland Credit Management, Inc",2136CV000463,Civil,Open,20210920,20210920
28,77578333,"Midland Credit Management, Inc",2136CV000462,Civil,Open,20210920,20210920
29,77581264,"Midland Credit Management, Inc",2136SC000315,Small Claims,Disposed (Statistical Purposes),20210329,20211105
30,77581677,"Midland Credit Management, Inc",2136SC000318,Small Claims,Open,20210329,20210329
31,77581890,"Midland Credit Management, Inc",2136SC000316,Small Claims,Disposed (Statistical Purposes),20210329,20211104
32,77582581,"Midland Credit Management, Inc",2136SC000317,Small Claims,Disposed (Statistical Purposes),20210329,20211104
33,77583769,"Midland Credit Management, Inc",2136CV000465,Civil,Open,20210924,20210924
34,77585185,"Midland Credit Management, Inc",2062SC001081,Small Claims,Disposed (Statistical Purposes),20200602,20200902
35,77586960,"Midland Credit Management, Inc",2136SC000339,Small Claims,Disposed (Statistical Purposes),20210331,20211105
36,77588149,"Midland Credit Management, Inc",2136SC000341,Small Claims,Open,20210331,20210331
37,77588318,"Midland Credit Management, Inc",2136SC000342,Small Claims,Disposed (Statistical Purposes),20210331,20211104
38,77588835,"Midland Credit Management, Inc",2136SC000321,Small Claims,Disposed (Statistical Purposes),20210331,20211104
39,77588951,"Midland Credit Management, Inc",2136SC000340,Small Claims,Open,20210331,20210331
40,77591324,"Midland Credit Management, Inc",2136SC000343,Small Claims,Disposed (Statistical Purposes),20210401,20210910
41,77591443,"Midland Credit Management, Inc",2136SC000344,Small Claims,Disposed (Statistical Purposes),20210401,20211104
42,77595110,"Midland Credit Management, Inc",2136SC000350,Small Claims,Disposed (Statistical Purposes),20210405,20211118
43,77595462,"Midland Credit Management, Inc",2136CV000484,Civil,Open,20211004,20211004
44,77596879,"Midland Credit Management, Inc",2136SC000349,Small Claims,Open,20210405,20210405
45,77597322,"Midland Credit Management, Inc",2062SC001090,Small Claims,Disposed (Statistical Purposes),20200605,20211015
46,77597693,"Midland Credit Management, Inc",2062SC001088,Small Claims,Disposed (Statistical Purposes),20200605,20210112
47,77597742,"Midland Credit Management, Inc",2136CV000488,Civil,Open,20211006,20211006
48,77597788,"Midland Credit Management, Inc",2136CV000486,Civil,Open,20211005,20211005
49,77603770,"Midland Credit Management, Inc",2055SC000675,Small Claims,Open,20201216,20201216
0,77607551,"Midland Credit Management, Inc",2136CV000508,Civil,Open,20211018,20211018
1,77607589,"Midland Credit Management, Inc",2062SC001126,Small Claims,Disposed (Statistical Purposes),20200615,20210825
2,77607967,"Midland Credit Management, Inc",2136CV000507,Civil,Open,20211018,20211018
3,77608558,"Midland Credit Management, Inc",2062SC001125,Small Claims,Disposed (Statistical Purposes),20200615,20210126
4,77610535,"Midland Credit Management, Inc",2136SC000412,Small Claims,Disposed (Statistical Purposes),20210421,20211115
5,77610817,"Midland Credit Management, Inc",2136SC000410,Small Claims,Disposed (Statistical Purposes),20210421,20211118
6,77611040,"Midland Credit Management, Inc",2136SC000409,Small Claims,Disposed (Statistical Purposes),20210421,20211118
7,77611274,"Midland Credit Management, Inc",2136SC000413,Small Claims,Disposed (Statistical Purposes),20210421,20211118
8,77611799,"Midland Credit Management, Inc",2136SC000411,Small Claims,Disposed (Statistical Purposes),20210421,20211118
9,77612077,"Midland Credit Management, Inc",2062SC001134,Small Claims,Disposed (Statistical Purposes),20200619,20210126
10,77612174,"Midland Credit Management, Inc",2062SC001141,Small Claims,Disposed (Statistical Purposes),20200619,20210126
11,77612650,"Midland Credit Management, Inc",2062SC001135,Small Claims,Disposed (Statistical Purposes),20200619,20210126
12,77612771,"Midland Credit Management, Inc",2062SC001136,Small Claims,Disposed (Statistical Purposes),20200619,20210126
13,77612874,"Midland Credit Management, Inc",2062SC001133,Small Claims,Disposed (Statistical Purposes),20200619,20210126
14,77614597,"Midland Credit Management, Inc",2136CV000522,Civil,Open,20211025,20211025
15,77617279,"Midland Credit Management, Inc",2136SC000415,Small Claims,Disposed (Statistical Purposes),20210427,20211118
16,77617387,"Midland Credit Management, Inc",2136SC000423,Small Claims,Disposed (Statistical Purposes),20210427,20211118
17,77617448,"Midland Credit Management, Inc",2136SC000416,Small Claims,Disposed (Statistical Purposes),20210427,20211118
18,77617535,"Midland Credit Management, Inc",2136SC000422,Small Claims,Disposed (Statistical Purposes),20210427,20211206
19,77618485,"Midland Credit Management, Inc",2062SC001204,Small Claims,Disposed (Statistical Purposes),20200626,20220202
20,77618996,"Midland Credit Management, Inc",2062SC001202,Small Claims,Disposed (Statistical Purposes),20200626,20210408
21,77619700,"Midland Credit Management, Inc",2062SC001213,Small Claims,Disposed (Statistical Purposes),20200626,20210202
22,77622587,"Midland Credit Management, Inc",2136SC000439,Small Claims,Disposed (Statistical Purposes),20210504,20211118
23,77623411,"Midland Credit Management, Inc",2062SC001160,Small Claims,Disposed (Statistical Purposes),20200629,20210127
24,77624177,"Midland Credit Management, Inc",2136SC000438,Small Claims,Open,20210504,20210504
25,77629131,"Midland Credit Management, Inc",2062SC001181,Small Claims,Disposed (Statistical Purposes),20200703,20220201
26,77630146,"Midland Credit Management, Inc",2062SC001701,Small Claims,Disposed (Statistical Purposes),20200904,20210409
27,77631410,"Midland Credit Management, Inc",2153SC000401,Small Claims,Disposed (Statistical Purposes),20210427,20220121
28,77667702,"Midland Credit Management, Inc",2115SC001149,Small Claims,Disposed (Statistical Purposes),20210521,20220203
29,77668276,"Midland Credit Management, Inc",2115SC001159,Small Claims,Open,20210521,20210521
30,77668449,"Midland Credit Management, Inc",2115SC001150,Small Claims,Open,20210521,20210521
31,77669622,"Midland Credit Management, Inc",2115SC001144,Small Claims,Disposed (Statistical Purposes),20210521,20220203
32,77670290,"Midland Credit Management, Inc",2115SC001146,Small Claims,Disposed (Statistical Purposes),20210521,20220203
33,77673233,"Midland Credit Management, Inc",2115SC001147,Small Claims,Disposed (Statistical Purposes),20210521,20220203
34,77673349,"Midland Credit Management, Inc",2115SC001157,Small Claims,Open,20210521,20210521
35,77673617,"Midland Credit Management, Inc",2115SC001148,Small Claims,Open,20210521,20210521
36,77674203,"Midland Credit Management, Inc",2115SC001151,Small Claims,Open,20210521,20210521
37,77675393,"Midland Credit Management, Inc",2115SC001145,Small Claims,Open,20210521,20210521
38,77676383,"Midland Credit Management, Inc",2115SC001153,Small Claims,Disposed (Statistical Purposes),20210521,20220203
39,77704068,"Midland Credit Management, Inc",2141SC000293,Small Claims,Open,20210719,20210719
40,77704074,"Midland Credit Management, Inc",2141SC000294,Small Claims,Open,20210719,20210719
41,77704104,"Midland Credit Management, Inc",2141SC000296,Small Claims,Open,20210720,20210720
42,77704291,"Midland Credit Management, Inc",2141SC000297,Small Claims,Open,20210720,20210720
43,77704298,"Midland Credit Management, Inc",2141SC000291,Small Claims,Open,20210719,20210719
44,77705289,"Midland Credit Management, Inc",2141SC000299,Small Claims,Open,20210721,20210721
45,77705309,"Midland Credit Management, Inc",2141SC000304,Small Claims,Open,20210722,20210722
46,77705330,"Midland Credit Management, Inc",2141SC000305,Small Claims,Open,20210722,20210722
47,77705358,"Midland Credit Management, Inc",2141SC000303,Small Claims,Open,20210722,20210722
48,77716848,"Midland Credit Management, Inc",2138SC000425,Small Claims,Open,20210519,20210519
49,77716953,"Midland Credit Management, Inc",2138SC000426,Small Claims,Open,20210519,20210519
0,77717240,"Midland Credit Management, Inc",2118SC001461,Small Claims,Open,20210727,20210727
1,77717568,"Midland Credit Management, Inc",2118SC001463,Small Claims,Open,20210727,20210727
2,77717867,"Midland Credit Management, Inc",2118SC001457,Small Claims,Open,20210727,20210727
3,77719621,"Midland Credit Management, Inc",2138SC000416,Small Claims,Open,20210524,20210524
4,77720387,"Midland Credit Management, Inc",2138SC000419,Small Claims,Open,20210524,20210524
5,77720801,"Midland Credit Management, Inc",2138SC000420,Small Claims,Open,20210524,20210524
6,77721026,"Midland Credit Management, Inc",2138SC000421,Small Claims,Open,20210524,20210524
7,77721231,"Midland Credit Management, Inc",2138SC000422,Small Claims,Open,20210524,20210524
8,77721322,"Midland Credit Management, Inc",2138SC000417,Small Claims,Open,20210524,20210524
9,77721466,"Midland Credit Management, Inc",2138SC000423,Small Claims,Open,20210524,20210524
10,77722809,"Midland Credit Management, Inc",2138SC000428,Small Claims,Open,20210526,20210526
11,77722904,"Midland Credit Management, Inc",2138SC000430,Small Claims,Open,20210527,20210527
12,77723625,"Midland Credit Management, Inc",2138SC000432,Small Claims,Open,20210527,20210527
13,77734501,"Midland Credit Management, Inc",2118SC001445,Small Claims,Open,20210804,20210804
14,77734740,"Midland Credit Management, Inc",2118SC001444,Small Claims,Open,20210804,20210804
15,77735553,"Midland Credit Management, Inc",2118SC001438,Small Claims,Open,20210804,20210804
16,77735639,"Midland Credit Management, Inc",2118SC001443,Small Claims,Open,20210804,20210804
17,77740923,"Midland Credit Management, Inc",2138SC000517,Small Claims,Open,20210615,20210615
18,77759932,"Midland Credit Management, Inc",2118SC001682,Small Claims,Open,20210813,20210813
19,77760385,"Midland Credit Management, Inc",2118SC001683,Small Claims,Open,20210813,20210813
20,77760553,"Midland Credit Management, Inc",2118SC001656,Small Claims,Open,20210813,20210813
21,77760900,"Midland Credit Management, Inc",2161SC000336,Small Claims,Disposed (Statistical Purposes),20210517,20211026
22,77762628,"Midland Credit Management, Inc",2138SC000572,Small Claims,Open,20210628,20210628
23,77762861,"Midland Credit Management, Inc",2138SC000571,Small Claims,Open,20210628,20210628
24,77766470,"Midland Credit Management, Inc",2161SC000338,Small Claims,Disposed (Statistical Purposes),20210518,20211026
25,77768073,"Midland Credit Management, Inc",2138SC000587,Small Claims,Open,20210701,20210701
26,77768395,"Midland Credit Management, Inc",2161CV000092,Civil,Open,20210518,20210518
27,77768444,"Midland Credit Management, Inc",2138SC000580,Small Claims,Open,20210702,20210702
28,77768601,"Midland Credit Management, Inc",2138SC000577,Small Claims,Open,20210702,20210702
29,77768758,"Midland Credit Management, Inc",2138SC000585,Small Claims,Open,20210702,20210702
30,77769223,"Midland Credit Management, Inc",2138SC000578,Small Claims,Open,20210702,20210702
31,77769945,"Midland Credit Management, Inc",2138SC000584,Small Claims,Disposed (Statistical Purposes),20210702,20210914
32,77770255,"Midland Credit Management, Inc",2138SC000582,Small Claims,Open,20210702,20210702
33,77770433,"Midland Credit Management, Inc",2138SC000579,Small Claims,Open,20210702,20210702
34,77770837,"Midland Credit Management, Inc",2138SC000583,Small Claims,Open,20210702,20210702
35,77770874,"Midland Credit Management, Inc",2138SC000581,Small Claims,Open,20210702,20210702
36,77772326,"Midland Credit Management, Inc",2161SC000352,Small Claims,Disposed (Statistical Purposes),20210521,20211102
37,77774129,"Midland Credit Management, Inc",2161SC000351,Small Claims,Disposed (Statistical Purposes),20210521,20211102
38,77791268,"Midland Credit Management, Inc",2138SC000602,Small Claims,Open,20210706,20210706
39,77791741,"Midland Credit Management, Inc",2138SC000603,Small Claims,Open,20210706,20210706
40,77792396,"Midland Credit Management, Inc",2138SC000599,Small Claims,Open,20210706,20210706
41,77794424,"Midland Credit Management, Inc",2138SC000634,Small Claims,Open,20210709,20210709
42,77797022,"Midland Credit Management, Inc",2161SC000487,Small Claims,Disposed (Statistical Purposes),20210706,20211228
43,77797143,"Midland Credit Management, Inc",2161SC000484,Small Claims,Disposed (Statistical Purposes),20210706,20210810
44,77797448,"Midland Credit Management, Inc",2161SC000486,Small Claims,Disposed (Statistical Purposes),20210706,20211228
45,77798041,"Midland Credit Management, Inc",2138SC000650,Small Claims,Open,20210712,20210716
46,77798327,"Midland Credit Management, Inc",2161SC000482,Small Claims,Disposed (Statistical Purposes),20210706,20211101
47,77798600,"Midland Credit Management, Inc",2161SC000483,Small Claims,Disposed (Statistical Purposes),20210706,20211228
48,77798985,"Midland Credit Management, Inc",2138SC000652,Small Claims,Open,20210712,20210712
49,77799161,"Midland Credit Management, Inc",2138SC000651,Small Claims,Open,20210712,20210712
0,77799350,"Midland Credit Management, Inc",2161SC000485,Small Claims,Disposed (Statistical Purposes),20210706,20211228
1,77803339,"Midland Credit Management, Inc",2138SC000660,Small Claims,Open,20210716,20210716
2,77803340,"Midland Credit Management, Inc",2138SC000660,Small Claims,Open,20210716,20210716
3,77805371,"Midland Credit Management, Inc",2111SC001282,Small Claims,Open,20210517,20210517
4,77805744,"Midland Credit Management, Inc",2138SC000676,Small Claims,Open,20210719,20210719
5,77806116,"Midland Credit Management, Inc",2138SC000675,Small Claims,Open,20210719,20210719
6,77808325,"Midland Credit Management, Inc",2138SC000679,Small Claims,Open,20210720,20210720
7,77808504,"Midland Credit Management, Inc",2138SC000678,Small Claims,Open,20210720,20210720
8,77811622,"Midland Credit Management, Inc",2138SC000673,Small Claims,Disposed (Statistical Purposes),20210722,20210811
9,77811652,"Midland Credit Management, Inc",2138SC000665,Small Claims,Open,20210722,20210722
10,77811866,"Midland Credit Management, Inc",2138SC000671,Small Claims,Disposed (Statistical Purposes),20210722,20210819
11,77812536,"Midland Credit Management, Inc",2138SC000668,Small Claims,Open,20210722,20210722
12,77812642,"Midland Credit Management, Inc",2138SC000666,Small Claims,Open,20210722,20210722
13,77812735,"Midland Credit Management, Inc",2138SC000667,Small Claims,Open,20210722,20210722
14,77813840,"Midland Credit Management, Inc",2138SC000672,Small Claims,Open,20210722,20210722
15,77828754,"Midland Credit Management, Inc",2111SC001355,Small Claims,Open,20210524,20210524
16,77828790,"Midland Credit Management, Inc",2111SC001364,Small Claims,Open,20210524,20210524
17,77829229,"Midland Credit Management, Inc",2111SC001395,Small Claims,Open,20210524,20210524
18,77829414,"Midland Credit Management, Inc",2111SC001368,Small Claims,Open,20210524,20210524
19,77829540,"Midland Credit Management, Inc",2111SC001358,Small Claims,Open,20210524,20210524
20,77829676,"Midland Credit Management, Inc",2111SC001397,Small Claims,Open,20210524,20210524
21,77829804,"Midland Credit Management, Inc",2111SC001356,Small Claims,Open,20210524,20210524
22,77829879,"Midland Credit Management, Inc",2111SC001362,Small Claims,Open,20210524,20210524
23,77830636,"Midland Credit Management, Inc",2111SC001398,Small Claims,Open,20210524,20210524
24,77830681,"Midland Credit Management, Inc",2111SC001388,Small Claims,Open,20210524,20210524
25,77830788,"Midland Credit Management, Inc",2111SC001379,Small Claims,Open,20210524,20210524
26,77831427,"Midland Credit Management, Inc",2111SC001360,Small Claims,Open,20210524,20210524
27,77831957,"Midland Credit Management, Inc",2111SC001393,Small Claims,Open,20210524,20210524
28,77832089,"Midland Credit Management, Inc",2111SC001370,Small Claims,Open,20210524,20210524
29,77832190,"Midland Credit Management, Inc",2111SC001372,Small Claims,Open,20210524,20210524
30,77832316,"Midland Credit Management, Inc",2111SC001396,Small Claims,Open,20210524,20210524
31,77832359,"Midland Credit Management, Inc",2111SC001390,Small Claims,Open,20210524,20210524
32,77832998,"Midland Credit Management, Inc",2111SC001392,Small Claims,Open,20210524,20210524
33,77834638,"Midland Credit Management, Inc",2111SC001366,Small Claims,Open,20210524,20210524
34,77838934,"Midland Credit Management, Inc",2111SC001402,Small Claims,Open,20210526,20210526
35,77840565,"Midland Credit Management, Inc",2111SC001400,Small Claims,Disposed (Statistical Purposes),20210526,20211108
36,77840713,"Midland Credit Management, Inc",2111SC001401,Small Claims,Open,20210526,20210526
37,77862050,"Midland Credit Management, Inc",2111SC001507,Small Claims,Open,20210603,20210603
38,77863279,"Midland Credit Management, Inc",2111SC001508,Small Claims,Open,20210603,20210603
39,77873365,"Midland Credit Management, Inc",2111SC001831,Small Claims,Open,20210701,20210701
40,77878702,"Midland Credit Management, Inc",2111SC001829,Small Claims,Open,20210701,20210701
41,77879570,"Midland Credit Management, Inc",2111SC001828,Small Claims,Open,20210701,20210701
42,77881334,"Midland Credit Management, Inc",2161SC000581,Small Claims,Disposed (Statistical Purposes),20210805,20211207
43,77884696,"Midland Credit Management, Inc",2111SC001865,Small Claims,Open,20210702,20210702
44,77885175,"Midland Credit Management, Inc",2111SC001857,Small Claims,Open,20210702,20210702
45,77885574,"Midland Credit Management, Inc",2111SC001852,Small Claims,Open,20210702,20210702
46,77886660,"Midland Credit Management, Inc",2111SC001876,Small Claims,Open,20210702,20210702
47,77889120,"Midland Credit Management, Inc",2111SC001878,Small Claims,Open,20210702,20210702
48,77893982,"Midland Credit Management, Inc",2111SC001895,Small Claims,Open,20210706,20210706
49,77894145,"Midland Credit Management, Inc",2111SC001894,Small Claims,Open,20210706,20210706
0,77894287,"Midland Credit Management, Inc",2111SC001890,Small Claims,Open,20210706,20210706
1,77894636,"Midland Credit Management, Inc",2111SC001898,Small Claims,Open,20210706,20210706
2,77895156,"Midland Credit Management, Inc",2111SC001900,Small Claims,Open,20210706,20210706
3,77895243,"Midland Credit Management, Inc",2111SC001901,Small Claims,Open,20210706,20210706
4,77895380,"Midland Credit Management, Inc",2111SC001886,Small Claims,Open,20210706,20210706
5,77895420,"Midland Credit Management, Inc",2111SC001881,Small Claims,Open,20210706,20210706
6,77895539,"Midland Credit Management, Inc",2111SC001884,Small Claims,Open,20210706,20210706
7,77895693,"Midland Credit Management, Inc",2111SC001892,Small Claims,Open,20210706,20210706
8,77904589,"Midland Credit Management, Inc",2111SC001936,Small Claims,Open,20210709,20210709
9,77912389,"Midland Credit Management, Inc",2111SC001964,Small Claims,Disposed (Statistical Purposes),20210712,20210730
10,77912989,"Midland Credit Management, Inc",2111SC001959,Small Claims,Open,20210712,20210712
11,77914508,"Midland Credit Management, Inc",2111SC001957,Small Claims,Open,20210712,20210712
12,77915280,"Midland Credit Management, Inc",2111SC001962,Small Claims,Open,20210712,20210712
13,77920240,"Midland Credit Management, Inc",2111SC001281,Small Claims,Open,20210517,20210517
14,77920648,"Midland Credit Management, Inc",2111SC001277,Small Claims,Open,20210517,20210517
15,77922194,"Midland Credit Management, Inc",2111SC001276,Small Claims,Open,20210517,20210517
16,77922575,"Midland Credit Management, Inc",2111SC001284,Small Claims,Open,20210517,20210517
17,77922670,"Midland Credit Management, Inc",2111SC001279,Small Claims,Open,20210517,20210517
18,77922943,"Midland Credit Management, Inc",2111SC001280,Small Claims,Open,20210517,20210517
19,77923242,"Midland Credit Management, Inc",2111SC001283,Small Claims,Open,20210517,20210517
20,77923466,"Midland Credit Management, Inc",2111SC001269,Small Claims,Open,20210517,20210517
21,77934655,"Midland Credit Management, Inc",2111SC001983,Small Claims,Open,20210715,20210715
22,77939520,"Midland Credit Management, Inc",2111SC002011,Small Claims,Open,20210719,20210719
23,77940411,"Midland Credit Management, Inc",2111SC002019,Small Claims,Open,20210719,20210719
24,77940578,"Midland Credit Management, Inc",2111SC002022,Small Claims,Open,20210719,20210719
25,77943656,"Midland Credit Management, Inc",2111SC002006,Small Claims,Open,20210719,20210719
26,77944086,"Midland Credit Management, Inc",2111SC002012,Small Claims,Open,20210719,20210719
27,77944176,"Midland Credit Management, Inc",2111SC002007,Small Claims,Open,20210719,20210719
28,77945354,"Midland Credit Management, Inc",2111SC002013,Small Claims,Open,20210719,20210719
29,77959642,"Midland Credit Management, Inc",2111SC002073,Small Claims,Open,20210726,20210726
30,77959683,"Midland Credit Management, Inc",2111SC002071,Small Claims,Open,20210726,20210726
31,77961855,"Midland Credit Management, Inc",2121SC000354,Small Claims,Disposed (Statistical Purposes),20210720,20211116
32,77964271,"Midland Credit Management, Inc",2121SC000359,Small Claims,Disposed (Statistical Purposes),20210721,20211116
33,77968562,"Midland Credit Management, Inc",2121SC000363,Small Claims,Disposed (Statistical Purposes),20210723,20210907
34,77968595,"Midland Credit Management, Inc",2121SC000364,Small Claims,Open,20210723,20210723
35,77983481,"Midland Credit Management, Inc",2121SC000375,Small Claims,Disposed (Statistical Purposes),20210728,20211116
36,77986478,"Midland Credit Management, Inc",2121SC000383,Small Claims,Disposed (Statistical Purposes),20210804,20211116
37,77986809,"Midland Credit Management, Inc",2121SC000384,Small Claims,Disposed (Statistical Purposes),20210804,20211116
38,78004883,"Midland Credit Management, Inc",2166SC000242,Small Claims,Covid 19 XXX Notice Issued,20210521,20220112
39,78004949,"Midland Credit Management, Inc",2166SC000241,Small Claims,Covid 19 XXX Notice Issued,20210521,20220112
40,78005174,"Midland Credit Management, Inc",2166SC000428,Small Claims,Disposed (Statistical Purposes),20210806,20220208
41,78012319,"Midland Credit Management, Inc",2166SC000254,Small Claims,Covid 19 XXX Notice Issued,20210526,20220112
42,78012528,"Midland Credit Management, Inc",2166SC000256,Small Claims,Covid 19 XXX Notice Issued,20210526,20220112
43,78013161,"Midland Credit Management, Inc",2166SC000255,Small Claims,Covid 19 XXX Notice Issued,20210526,20220112
44,78024174,"Midland Credit Management, Inc",2188SC000048,Small Claims,Disposed (Statistical Purposes),20210518,20210708
45,78024355,"Midland Credit Management, Inc",2188SC000047,Small Claims,Disposed (Statistical Purposes),20210518,20210708
46,78027493,"Midland Credit Management, Inc",2166SC000280,Small Claims,Covid 19 XXX Notice Issued,20210603,20220112
47,78027528,"Midland Credit Management, Inc",2166SC000278,Small Claims,Covid 19 XXX Notice Issued,20210603,20220112
48,78027762,"Midland Credit Management, Inc",2166SC000282,Small Claims,Covid 19 XXX Notice Issued,20210603,20220112
49,78035859,"Midland Credit Management, Inc",2166SC000297,Small Claims,Open,20210611,20210611
0,78065439,"Midland Credit Management, Inc",2166SC000349,Small Claims,Disposed (Statistical Purposes),20210707,20220127
1,78065650,"Midland Credit Management, Inc",2166SC000344,Small Claims,Open,20210707,20210707
2,78065751,"Midland Credit Management, Inc",2166SC000350,Small Claims,Open,20210707,20210707
3,78066275,"Midland Credit Management, Inc",2166SC000342,Small Claims,Open,20210707,20210707
4,78066326,"Midland Credit Management, Inc",2166SC000347,Small Claims,Open,20210707,20210707
5,78066390,"Midland Credit Management, Inc",2166SC000351,Small Claims,Open,20210707,20210707
6,78067149,"Midland Credit Management, Inc",2117SC000223,Small Claims,Open,20210524,20210524
7,78067220,"Midland Credit Management, Inc",2117SC000222,Small Claims,Open,20210524,20210524
8,78069912,"Midland Credit Management, Inc",2166SC000360,Small Claims,Open,20210714,20210714
9,78074007,"Midland Credit Management, Inc",2117SC000238,Small Claims,Disposed (Statistical Purposes),20210602,20210930
10,78074180,"Midland Credit Management, Inc",2117SC000240,Small Claims,Open,20210602,20210602
11,78074225,"Midland Credit Management, Inc",2117SC000239,Small Claims,Open,20210602,20210602
12,78079258,"Midland Credit Management, Inc",2166SC000381,Small Claims,Closed,20210723,20210813
13,78084249,"Midland Credit Management, Inc",2166SC000403,Small Claims,Open,20210728,20210728
14,78085296,"Midland Credit Management, Inc",2166SC000402,Small Claims,Open,20210728,20210728
15,78085609,"Midland Credit Management, Inc",2166SC000401,Small Claims,Open,20210728,20210728
16,78086128,"Midland Credit Management, Inc",2166SC000399,Small Claims,Open,20210728,20210728
17,78091846,"Midland Credit Management, Inc",2150SC000931,Small Claims,Open,20210524,20210524
18,78093032,"Midland Credit Management, Inc",2150SC000919,Small Claims,Open,20210525,20210525
19,78507800,"Midland Credit Management, Inc",2008SC000122,Small Claims,Disposed (Statistical Purposes),20200618,20211130
20,78579720,"Midland Credit Management, Inc",2108SC000269,Small Claims,Open,20210907,20210907
21,78579749,"Midland Credit Management, Inc",2108SC000270,Small Claims,Open,20210907,20210907
22,79818665,"Midland Credit Management, Inc",2034SC000781,Small Claims,Disposed (Statistical Purposes),20200928,20211015
23,79823618,"Midland Credit Management, Inc",2034SC000783,Small Claims,Disposed (Statistical Purposes),20200928,20211025
24,79827482,"Midland Credit Management, Inc",2034SC000777,Small Claims,Disposed (Statistical Purposes),20200928,20210730
25,79828541,"Midland Credit Management, Inc",2034SC000776,Small Claims,Open,20200928,20200928
26,79836069,"Midland Credit Management, Inc",2034SC000936,Small Claims,Open,20201202,20201202
27,79836735,"Midland Credit Management, Inc",2006SC000190,Small Claims,Disposed (Statistical Purposes),20200131,20210927
28,79837404,"Midland Credit Management, Inc",2006SC000191,Small Claims,Disposed (Statistical Purposes),20200131,20210927
29,79838603,"Midland Credit Management, Inc",2006SC000189,Small Claims,Disposed (Statistical Purposes),20200131,20210927
30,79842135,"Midland Credit Management, Inc",2006SC000188,Small Claims,Disposed (Statistical Purposes),20200131,20210927
31,79860276,"Midland Credit Management, Inc",2048SC000233,Small Claims,Open,20200616,20200616
32,79873017,"Midland Credit Management, Inc",2034SC000944,Small Claims,Open,20201209,20201209
33,79878600,"Midland Credit Management, Inc",2006SC000201,Small Claims,Disposed (Statistical Purposes),20200204,20210928
34,79879682,"Midland Credit Management, Inc",2006SC000214,Small Claims,Disposed (Statistical Purposes),20200204,20211018
35,79881454,"Midland Credit Management, Inc",2006SC000202,Small Claims,Covid 19 XXX Notice Issued,20200204,20210604
36,79883066,"Midland Credit Management, Inc",2048SC000237,Small Claims,Disposed (Statistical Purposes),20200619,20210219
37,79900230,"Midland Credit Management, Inc",1905SC000696,Small Claims,Covid 19 XXX Notice Issued,20191230,20200818
38,79900666,"Midland Credit Management, Inc",2006SC000216,Small Claims,Covid 19 XXX Notice Issued,20200204,20210309
39,79902337,"Midland Credit Management, Inc",2006SC000205,Small Claims,Covid 19 XXX Notice Issued,20200204,20210309
40,79902670,"Midland Credit Management, Inc",1905SC000695,Small Claims,Disposed (Statistical Purposes),20191230,20200310
41,79905208,"Midland Credit Management, Inc",2006SC000215,Small Claims,Disposed (Statistical Purposes),20200204,20210927
42,79906022,"Midland Credit Management, Inc",2102SC000020,Small Claims,Disposed (Statistical Purposes),20210106,20210802
43,79906840,"Midland Credit Management, Inc",2006SC000217,Small Claims,Disposed (Statistical Purposes),20200204,20210927
44,79907753,"Midland Credit Management, Inc",2006SC000206,Small Claims,Disposed (Statistical Purposes),20200204,20210928
45,79908649,"Midland Credit Management, Inc",2102SC000017,Small Claims,Disposed (Statistical Purposes),20210106,20211208
46,79910146,"Midland Credit Management, Inc",2102SC000019,Small Claims,Disposed (Statistical Purposes),20210106,20211208
47,79910273,"Midland Credit Management, Inc",2006SC000213,Small Claims,Disposed (Statistical Purposes),20200204,20200422
48,79912248,"Midland Credit Management, Inc",2006SC000204,Small Claims,Covid 19 XXX Notice Issued,20200204,20210309
49,79913088,"Midland Credit Management, Inc",2102SC000005,Small Claims,Disposed (Statistical Purposes),20210106,20211201
0,79914103,"Midland Credit Management, Inc",2102SC000006,Small Claims,Disposed (Statistical Purposes),20210106,20210212
1,79921187,"Midland Credit Management, Inc",2006SC000207,Small Claims,Disposed (Statistical Purposes),20200204,20210927
2,79922776,"Midland Credit Management, Inc",2034SC000947,Small Claims,Disposed (Statistical Purposes),20201215,20220203
3,79923648,"Midland Credit Management, Inc",2006SC000212,Small Claims,Covid 19 XXX Notice Issued,20200204,20210309
4,79924901,"Midland Credit Management, Inc",2006SC000211,Small Claims,Disposed (Statistical Purposes),20200204,20220126
5,79942645,"Midland Credit Management, Inc",2034SC000950,Small Claims,Disposed (Statistical Purposes),20201216,20220114
6,79959929,"Midland Credit Management, Inc",2034SC000499,Small Claims,Open,20200615,20200615
7,79962153,"Midland Credit Management, Inc",2134SC001527,Small Claims,Open,20211208,20211208
8,79962837,"Midland Credit Management, Inc",2034SC000820,Small Claims,Disposed (Statistical Purposes),20201016,20211022
9,79964153,"Midland Credit Management, Inc",2106SC001663,Small Claims,Open,20211207,20211207
10,79964157,"Midland Credit Management, Inc",2134SC001526,Small Claims,Open,20211208,20211208
11,79967938,"Midland Credit Management, Inc",2001SC000887,Small Claims,Closed,20201030,20201030
12,79971420,"Midland Credit Management, Inc",2001SC000885,Small Claims,Open,20201030,20201030
13,79973104,"Midland Credit Management, Inc",2034SC000819,Small Claims,Disposed (Statistical Purposes),20201016,20211015
14,79978888,"Midland Credit Management, Inc",2034SC000545,Small Claims,Open,20200619,20200619
15,79994568,"Midland Credit Management, Inc",2106SC001681,Small Claims,Open,20211213,20211213
16,79997448,"Midland Credit Management, Inc",2001SC000889,Small Claims,Disposed (Statistical Purposes),20201102,20210304
17,79999286,"Midland Credit Management, Inc",2034SC000519,Small Claims,Open,20200624,20200624
18,79999954,"Midland Credit Management, Inc",2034SC000520,Small Claims,Open,20200624,20200624
19,80011874,"Midland Credit Management, Inc",2034SC000833,Small Claims,Disposed (Statistical Purposes),20201019,20211015
20,80016686,"Midland Credit Management, Inc",2006SC000258,Small Claims,Covid 19 XXX Notice Issued,20200210,20210412
21,80019277,"Midland Credit Management, Inc",2006SC000257,Small Claims,Suspended Covid 19 extended,20200210,20210412
22,80020839,"Midland Credit Management, Inc",1902SC000815EF,Small Claims,Disposed (Statistical Purposes),20191223,20210915
23,80022619,"Midland Credit Management, Inc",1902SC000813EF,Small Claims,Disposed (Statistical Purposes),20191223,20210409
24,80024928,"Midland Credit Management, Inc",2006SC000266,Small Claims,Disposed (Statistical Purposes),20200211,20211122
25,80025490,"Midland Credit Management, Inc",2106SC000243,Small Claims,Open,20210303,20210303
26,80027283,"Midland Credit Management, Inc",2006SC000256,Small Claims,Suspended Covid 19 extended,20200210,20210412
27,80027284,"Midland Credit Management, Inc",2001SC000888,Small Claims,Disposed (Statistical Purposes),20201102,20210415
28,80028147,"Midland Credit Management, Inc",2106SC000251,Small Claims,Disposed (Statistical Purposes),20210303,20210414
29,80028948,"Midland Credit Management, Inc",2034SC000832,Small Claims,Disposed (Statistical Purposes),20201019,20201223
30,80029514,"Midland Credit Management, Inc",2006SC000485,Small Claims,Disposed (Statistical Purposes),20200309,20220124
31,80031829,"Midland Credit Management, Inc",2106SC000250,Small Claims,Disposed (Statistical Purposes),20210303,20210920
32,80032413,"Midland Credit Management, Inc",2106SC000247,Small Claims,Disposed (Statistical Purposes),20210303,20220131
33,80033056,"Midland Credit Management, Inc",2034SC000536,Small Claims,Open,20200629,20200629
34,80035863,"Midland Credit Management, Inc",2006SC000428,Small Claims,Disposed (Statistical Purposes),20200310,20200706
35,80036107,"Midland Credit Management, Inc",2106SC000249,Small Claims,Disposed (Statistical Purposes),20210303,20210920
36,80036563,"Midland Credit Management, Inc",2034SC001020,Small Claims,Disposed (Statistical Purposes),20201224,20220121
37,80037153,"Midland Credit Management, Inc",2006SC000806,Small Claims,Covid 19 XXX Notice Issued,20200909,20210421
38,80037299,"Midland Credit Management, Inc",2106SC000246,Small Claims,Disposed (Statistical Purposes),20210303,20210920
39,80037421,"Midland Credit Management, Inc",2006SC000429,Small Claims,Covid 19 XXX Notice Issued,20200310,20210226
40,80037442,"Midland Credit Management, Inc",2006SC000944,Small Claims,Disposed (Statistical Purposes),20201020,20210816
41,80037508,"Midland Credit Management, Inc",2106SC000248,Small Claims,Disposed (Statistical Purposes),20210303,20210920
42,80039454,"Midland Credit Management, Inc",2006SC000807,Small Claims,Disposed (Statistical Purposes),20200909,20211213
43,80040524,"Midland Credit Management, Inc",2006SC000945,Small Claims,Disposed (Statistical Purposes),20201020,20210816
44,80041903,"Midland Credit Management, Inc",2006SC000808,Small Claims,Disposed (Statistical Purposes),20200909,20211213
45,80044123,"Midland Credit Management, Inc",2034SC000839,Small Claims,Open,20201021,20201021
46,80045877,"Midland Credit Management, Inc",2034SC000840,Small Claims,Disposed (Statistical Purposes),20201021,20211029
47,80047068,"Midland Credit Management, Inc",2134SC001024,Small Claims,Open,20210819,20210819
48,80048011,"Midland Credit Management, Inc",2006SC000958,Small Claims,Disposed (Statistical Purposes),20201022,20211004
49,80050804,"Midland Credit Management, Inc",2006SC000814,Small Claims,Covid 19 XXX Notice Issued,20200911,20220131
0,80051550,"Midland Credit Management, Inc",2006SC000811,Small Claims,Covid 19 XXX Notice Issued,20200911,20220131
1,80052539,"Midland Credit Management, Inc",2006SC000810,Small Claims,Covid 19 XXX Notice Issued,20200911,20220131
2,80053208,"Midland Credit Management, Inc",2006SC000813,Small Claims,Covid 19 XXX Notice Issued,20200911,20220131
3,80054190,"Midland Credit Management, Inc",2006SC000959,Small Claims,Disposed (Statistical Purposes),20201022,20211004
4,80055002,"Midland Credit Management, Inc",2006SC000957,Small Claims,Disposed (Statistical Purposes),20201022,20211004
5,80058917,"Midland Credit Management, Inc",2206SC000103,Small Claims,Open,20220207,20220207
6,80062853,"Midland Credit Management, Inc",2034SC000998,Small Claims,Disposed (Statistical Purposes),20201229,20220131
7,80063197,"Midland Credit Management, Inc",2034SC000843,Small Claims,Open,20201023,20201023
8,80063794,"Midland Credit Management, Inc",2034SC000844,Small Claims,Disposed (Statistical Purposes),20201023,20210930
9,80064132,"Midland Credit Management, Inc",2034SC000842,Small Claims,Open,20201023,20201023
10,80064659,"Midland Credit Management, Inc",2002SC000123,Small Claims,Suspended Covid 19 extended,20200213,20201119
11,80065578,"Midland Credit Management, Inc",2006SC000970,Small Claims,Disposed (Statistical Purposes),20201026,20211004
12,80066337,"Midland Credit Management, Inc",2034SC000993,Small Claims,Disposed (Statistical Purposes),20201228,20220121
13,80066732,"Midland Credit Management, Inc",2034SC001000,Small Claims,Disposed (Statistical Purposes),20201229,20220121
14,80067062,"Midland Credit Management, Inc",2034SC000999,Small Claims,Disposed (Statistical Purposes),20201229,20220121
15,80071616,"Midland Credit Management, Inc",2034SC000994,Small Claims,Disposed (Statistical Purposes),20201229,20220121
16,80072018,"Midland Credit Management, Inc",2006SC000976,Small Claims,Disposed (Statistical Purposes),20201027,20211004
17,80072532,"Midland Credit Management, Inc",2034SC000995,Small Claims,Disposed (Statistical Purposes),20201229,20210702
18,80073416,"Midland Credit Management, Inc",2034SC000997,Small Claims,Disposed (Statistical Purposes),20201229,20220121
19,80073680,"Midland Credit Management, Inc",2006SC000977,Small Claims,Disposed (Statistical Purposes),20201027,20211004
20,80075870,"Midland Credit Management, Inc",2006SC000978,Small Claims,Disposed (Statistical Purposes),20201027,20211004
21,80078792,"Midland Credit Management, Inc",2025SC000869,Small Claims,Disposed (Statistical Purposes),20201215,20210706
22,80079754,"Midland Credit Management, Inc",2025SC000757,Small Claims,Disposed (Statistical Purposes),20201102,20220111
23,80088847,"Midland Credit Management, Inc",2006SC000277,Small Claims,Disposed (Statistical Purposes),20200212,20201123
24,80089196,"Midland Credit Management, Inc",2148SC000214,Small Claims,Closed (Transferred),20210420,20210428
25,80092044,"Midland Credit Management, Inc",2115SC003215,Small Claims,Open,20211216,20211216
26,80092105,"Midland Credit Management, Inc",2034SC001002,Small Claims,Disposed (Statistical Purposes),20201231,20220201
27,80094699,"Midland Credit Management, Inc",2034SC001001,Small Claims,Disposed (Statistical Purposes),20201231,20210330
28,80099820,"Midland Credit Management, Inc",2025SC000765,Small Claims,Disposed (Statistical Purposes),20201105,20210608
29,80101045,"Midland Credit Management, Inc",2034SC001003,Small Claims,Disposed (Statistical Purposes),20201231,20211115
30,80101944,"Midland Credit Management, Inc",2115SC003213,Small Claims,Open,20211216,20211216
31,80102453,"Midland Credit Management, Inc",2025SC000763,Small Claims,Disposed (Statistical Purposes),20201105,20210608
32,80102627,"Midland Credit Management, Inc",2006SC000278,Small Claims,Suspended Covid 19 extended,20200212,20210426
33,80103025,"Midland Credit Management, Inc",2034SC000856,Small Claims,Disposed (Statistical Purposes),20201030,20211029
34,80103260,"Midland Credit Management, Inc",2025SC000762,Small Claims,Disposed (Statistical Purposes),20201105,20220111
35,80105292,"Midland Credit Management, Inc",2106SC000308,Small Claims,Disposed (Statistical Purposes),20210317,20211108
36,80106145,"Midland Credit Management, Inc",2006SC000993,Small Claims,Disposed (Statistical Purposes),20201103,20211129
37,80107070,"Midland Credit Management, Inc",2034SC001005,Small Claims,Disposed (Statistical Purposes),20201231,20220128
38,80107163,"Midland Credit Management, Inc",2006SC000997,Small Claims,Covid 19 XXX Notice Issued,20201103,20210405
39,80108476,"Midland Credit Management, Inc",2106SC000297,Small Claims,Disposed (Statistical Purposes),20210317,20211018
40,80108729,"Midland Credit Management, Inc",2034SC001004,Small Claims,Disposed (Statistical Purposes),20201231,20211220
41,80108761,"Midland Credit Management, Inc",2001SC000121,Small Claims,Suspended Covid 19 extended,20200203,20200401
42,80109413,"Midland Credit Management, Inc",2106SC000295,Small Claims,Open,20210317,20210317
43,80109734,"Midland Credit Management, Inc",2006SC000989,Small Claims,Disposed (Statistical Purposes),20201102,20210525
44,80109779,"Midland Credit Management, Inc",2034SC000859,Small Claims,Disposed (Statistical Purposes),20201030,20210702
45,80110007,"Midland Credit Management, Inc",2106SC001221,Small Claims,Open,20210928,20210928
46,80110164,"Midland Credit Management, Inc",2106SC000301,Small Claims,Disposed (Statistical Purposes),20210317,20211018
47,80110319,"Midland Credit Management, Inc",2034SC000854,Small Claims,Disposed (Statistical Purposes),20201030,20211029
48,80112566,"Midland Credit Management, Inc",2006SC000992,Small Claims,Disposed (Statistical Purposes),20201103,20211129
49,80114439,"Midland Credit Management, Inc",2106SC000305,Small Claims,Disposed (Statistical Purposes),20210317,20211018
0,80115512,"Midland Credit Management, Inc",2006SC000996,Small Claims,Disposed (Statistical Purposes),20201103,20210415
1,80117058,"Midland Credit Management, Inc",2106SC000307,Small Claims,Disposed (Statistical Purposes),20210317,20210622
2,80117467,"Midland Credit Management, Inc",2106SC000306,Small Claims,Disposed (Statistical Purposes),20210317,20211018
3,80121539,"Midland Credit Management, Inc",2034SC000863,Small Claims,Disposed (Statistical Purposes),20201102,20211105
4,80124165,"Midland Credit Management, Inc",2115SC003216,Small Claims,Open,20211216,20211216
5,80128733,"Midland Credit Management, Inc",2115SC003214,Small Claims,Open,20211216,20211216
6,80134270,"Midland Credit Management, Inc",2015SC001233,Small Claims,Open,20200706,20200706
7,80142719,"Midland Credit Management, Inc",2015SC001563,Small Claims,Disposed (Statistical Purposes),20200904,20220119
8,80144907,"Midland Credit Management, Inc",2125SC000235,Small Claims,Disposed (Statistical Purposes),20210301,20210907
9,80146343,"Midland Credit Management, Inc",2001SC000120,Small Claims,Closed,20200203,20200908
10,80146600,"Midland Credit Management, Inc",2125SC000236,Small Claims,Disposed (Statistical Purposes),20210301,20210907
11,80153815,"Midland Credit Management, Inc",2004SC000082,Small Claims,Disposed (Statistical Purposes),20201215,20211119
12,80155964,"Midland Credit Management, Inc",2125SC000247,Small Claims,Disposed (Statistical Purposes),20210302,20210907
13,80164003,"Midland Credit Management, Inc",2001SC000512,Small Claims,Disposed (Statistical Purposes),20200615,20210107
14,80167237,"Midland Credit Management, Inc",2125SC000253,Small Claims,Disposed (Statistical Purposes),20210302,20210907
15,80170475,"Midland Credit Management, Inc",2101SC001397,Small Claims,Open,20211202,20211202
16,80171016,"Midland Credit Management, Inc",2101SC001399,Small Claims,Open,20211202,20211202
17,80171359,"Midland Credit Management, Inc",2101SC001400,Small Claims,Open,20211202,20211202
18,80171418,"Midland Credit Management, Inc",2101SC001398,Small Claims,Open,20211202,20211202
19,80172078,"Midland Credit Management, Inc",2101SC001401,Small Claims,Open,20211202,20211202
20,80174334,"Midland Credit Management, Inc",2125SC000242,Small Claims,Disposed (Statistical Purposes),20210302,20210623
21,80175940,"Midland Credit Management, Inc",2125SC000243,Small Claims,Disposed (Statistical Purposes),20210302,20210907
22,80182185,"Midland Credit Management, Inc",2015SC001576,Small Claims,Disposed (Statistical Purposes),20200908,20220126
23,80182540,"Midland Credit Management, Inc",2105SC000074,Small Claims,Disposed (Statistical Purposes),20210211,20211214
24,80190254,"Midland Credit Management, Inc",2125SC000260,Small Claims,Disposed (Statistical Purposes),20210303,20210706
25,80191007,"Midland Credit Management, Inc",2125SC000241,Small Claims,Open,20210302,20210302
26,80192222,"Midland Credit Management, Inc",2106SC000366,Small Claims,Disposed (Statistical Purposes),20210326,20211115
27,80200609,"Midland Credit Management, Inc",2134SC001420,Small Claims,Open,20211124,20211124
28,80200789,"Midland Credit Management, Inc",2125SC000266,Small Claims,Open,20210304,20210304
29,80203593,"Midland Credit Management, Inc",2115CV001294,Civil,Open,20211220,20211220
30,80206703,"Midland Credit Management, Inc",2106SC000362,Small Claims,Disposed (Statistical Purposes),20210326,20211108
31,80207733,"Midland Credit Management, Inc",2106SC000361,Small Claims,Disposed (Statistical Purposes),20210326,20211108
32,80211683,"Midland Credit Management, Inc",2125SC000265,Small Claims,Open,20210304,20210304
33,80215845,"Midland Credit Management, Inc",2134SC001450,Small Claims,Open,20211126,20211126
34,80216278,"Midland Credit Management, Inc",2134SC001448,Small Claims,Open,20211126,20211126
35,80216884,"Midland Credit Management, Inc",2034SC000484,Small Claims,Open,20200601,20200601
36,80218692,"Midland Credit Management, Inc",2034SC000881,Small Claims,Open,20201112,20201112
37,80220596,"Midland Credit Management, Inc",2106SC000108,Small Claims,Disposed (Statistical Purposes),20210202,20210330
38,80222615,"Midland Credit Management, Inc",2001SC000865,Small Claims,Disposed (Statistical Purposes),20201020,20210304
39,80228468,"Midland Credit Management, Inc",2106SC000107,Small Claims,Disposed (Statistical Purposes),20210202,20210726
40,80228890,"Midland Credit Management, Inc",2106SC000375,Small Claims,Disposed (Statistical Purposes),20210329,20211115
41,80232389,"Midland Credit Management, Inc",2025SC000907,Small Claims,Disposed (Statistical Purposes),20201230,20211109
42,80233090,"Midland Credit Management, Inc",2025SC000899,Small Claims,Disposed (Statistical Purposes),20201230,20210713
43,80234269,"Midland Credit Management, Inc",2025SC000900,Small Claims,Disposed (Statistical Purposes),20201230,20210713
44,80236783,"Midland Credit Management, Inc",2025SC000898,Small Claims,Disposed (Statistical Purposes),20201230,20211109
45,80237594,"Midland Credit Management, Inc",2025SC000904,Small Claims,Open,20201230,20201230
46,80241966,"Midland Credit Management, Inc",2025SC000905,Small Claims,Disposed (Statistical Purposes),20201230,20210713
47,80242445,"Midland Credit Management, Inc",2025SC000906,Small Claims,Disposed (Statistical Purposes),20201230,20210713
48,80243768,"Midland Credit Management, Inc",2102SC000767,Small Claims,Open,20210908,20210908
49,80246044,"Midland Credit Management, Inc",2102SC000761,Small Claims,Open,20210907,20210907
0,80246761,"Midland Credit Management, Inc",2134SC001452,Small Claims,Open,20211130,20211130
1,80255524,"Midland Credit Management, Inc",2001SC000868,Small Claims,Disposed (Statistical Purposes),20201021,20210204
2,80256288,"Midland Credit Management, Inc",2002SC000489,Small Claims,Disposed (Statistical Purposes),20201020,20211013
3,80256336,"Midland Credit Management, Inc",2115CV001375,Civil,Open,20211223,20211223
4,80257535,"Midland Credit Management, Inc",2002SC000490,Small Claims,Disposed (Statistical Purposes),20201020,20211013
5,80257617,"Midland Credit Management, Inc",2002SC000481,Small Claims,Disposed (Statistical Purposes),20201020,20211013
6,80257939,"Midland Credit Management, Inc",2015SC000919,Small Claims,Suspended Covid 19 extended,20200312,20200702
7,80258328,"Midland Credit Management, Inc",2002SC000486,Small Claims,Disposed (Statistical Purposes),20201020,20201214
8,80263387,"Midland Credit Management, Inc",1903SC000254EF,Small Claims,Covid 19 XXX Notice Issued,20191223,20200915
9,80264650,"Midland Credit Management, Inc",2001SC000138,Small Claims,Disposed (Statistical Purposes),20200206,20200903
10,80269552,"Midland Credit Management, Inc",2134SC001503,Small Claims,Open,20211202,20211202
11,80270652,"Midland Credit Management, Inc",2134SC001511,Small Claims,Open,20211202,20211202
12,80271166,"Midland Credit Management, Inc",2015SC001604,Small Claims,Disposed (Statistical Purposes),20200915,20220126
13,80271290,"Midland Credit Management, Inc",2134SC001508,Small Claims,Open,20211202,20211202
14,80272305,"Midland Credit Management, Inc",2134SC001510,Small Claims,Open,20211202,20211202
15,80273143,"Midland Credit Management, Inc",2134SC001509,Small Claims,Open,20211202,20211202
16,80273605,"Midland Credit Management, Inc",2134SC001504,Small Claims,Open,20211202,20211202
17,80276118,"Midland Credit Management, Inc",2134SC001507,Small Claims,Open,20211202,20211202
18,80280022,"Midland Credit Management, Inc",2134SC001506,Small Claims,Open,20211202,20211202
19,80280191,"Midland Credit Management, Inc",2001SC000693,Small Claims,Open,20200824,20200824
20,80285348,"Midland Credit Management, Inc",1903SC000258EF,Small Claims,Covid 19 XXX Notice Issued,20191227,20200915
21,80287856,"Midland Credit Management, Inc",2005SC000080,Small Claims,Covid 19 XXX Notice Issued,20200203,20201218
22,80288402,"Midland Credit Management, Inc",2102SC000889,Small Claims,Open,20211026,20211026
23,80288902,"Midland Credit Management, Inc",2005SC000078,Small Claims,Covid 19 XXX Notice Issued,20200203,20201218
24,80289352,"Midland Credit Management, Inc",2102SC000890,Small Claims,Open,20211026,20211026
25,80289813,"Midland Credit Management, Inc",2125SC000135,Small Claims,Disposed (Statistical Purposes),20210209,20210803
26,80290907,"Midland Credit Management, Inc",2102SC000892,Small Claims,Disposed (Statistical Purposes),20211026,20211130
27,80291208,"Midland Credit Management, Inc",2125SC000126,Small Claims,Disposed (Statistical Purposes),20210209,20210803
28,80291853,"Midland Credit Management, Inc",2125SC000130,Small Claims,Disposed (Statistical Purposes),20210209,20210803
29,80295468,"Midland Credit Management, Inc",2125SC000134,Small Claims,Disposed (Statistical Purposes),20210209,20210803
30,80297650,"Midland Credit Management, Inc",2005SC000083,Small Claims,Covid 19 XXX Notice Issued,20200204,20201218
31,80299910,"Midland Credit Management, Inc",2125SC000132,Small Claims,Disposed (Statistical Purposes),20210209,20210803
32,80300190,"Midland Credit Management, Inc",2134SC001518,Small Claims,Open,20211206,20211206
33,80300752,"Midland Credit Management, Inc",2005SC000081,Small Claims,Covid 19 XXX Notice Issued,20200204,20201218
34,80301461,"Midland Credit Management, Inc",2005SC000082,Small Claims,Covid 19 XXX Notice Issued,20200204,20201218
35,80301846,"Midland Credit Management, Inc",2005SC000084,Small Claims,Disposed (Statistical Purposes),20200204,20210910
36,80301874,"Midland Credit Management, Inc",2106SC000401,Small Claims,Disposed (Statistical Purposes),20210405,20211115
37,80302432,"Midland Credit Management, Inc",2106SC000403,Small Claims,Disposed (Statistical Purposes),20210405,20210518
38,80303425,"Midland Credit Management, Inc",2125SC000128,Small Claims,Open,20210209,20210209
39,80306489,"Midland Credit Management, Inc",2034SC000708,Small Claims,Disposed (Statistical Purposes),20200908,20210907
40,80308507,"Midland Credit Management, Inc",2034SC000371,Small Claims,Disposed (Statistical Purposes),20200309,20200526
41,80309045,"Midland Credit Management, Inc",2106SC000396,Small Claims,Disposed (Statistical Purposes),20210405,20211101
42,80309359,"Midland Credit Management, Inc",2106SC000400,Small Claims,Open,20210405,20210405
43,80309705,"Midland Credit Management, Inc",2106SC000399,Small Claims,Disposed (Statistical Purposes),20210405,20211115
44,80309894,"Midland Credit Management, Inc",2106SC000402,Small Claims,Disposed (Statistical Purposes),20210405,20210518
45,80311845,"Midland Credit Management, Inc",2106SC000162,Small Claims,Disposed (Statistical Purposes),20210210,20211108
46,80312768,"Midland Credit Management, Inc",2034SC000352,Small Claims,Disposed (Statistical Purposes),20200309,20210901
47,80312880,"Midland Credit Management, Inc",2125SC000137,Small Claims,Disposed (Statistical Purposes),20210210,20210803
48,80313435,"Midland Credit Management, Inc",2125SC000160,Small Claims,Open,20210211,20210211
49,80314258,"Midland Credit Management, Inc",2106SC000167,Small Claims,Disposed (Statistical Purposes),20210210,20210809
0,80316224,"Midland Credit Management, Inc",2015SC001643,Small Claims,Open,20200921,20200921
1,80316434,"Midland Credit Management, Inc",2106SC000170,Small Claims,Disposed (Statistical Purposes),20210210,20210809
2,80317730,"Midland Credit Management, Inc",2106SC000169,Small Claims,Disposed (Statistical Purposes),20210210,20211108
3,80318436,"Midland Credit Management, Inc",2106SC000158,Small Claims,Disposed (Statistical Purposes),20210210,20210809
4,80319046,"Midland Credit Management, Inc",2106SC000161,Small Claims,Disposed (Statistical Purposes),20210210,20220113
5,80319569,"Midland Credit Management, Inc",2106SC000165,Small Claims,Disposed (Statistical Purposes),20210210,20211108
6,80322600,"Midland Credit Management, Inc",2106SC000160,Small Claims,Disposed (Statistical Purposes),20210210,20211213
7,80322816,"Midland Credit Management, Inc",2134SC000266,Small Claims,Open,20210226,20210226
8,80322915,"Midland Credit Management, Inc",2125SC000180,Small Claims,Disposed (Statistical Purposes),20210216,20210824
9,80324579,"Midland Credit Management, Inc",2106SC000166,Small Claims,Disposed (Statistical Purposes),20210210,20210809
10,80324936,"Midland Credit Management, Inc",2134SC000265,Small Claims,Open,20210226,20210226
11,80325228,"Midland Credit Management, Inc",2125SC000186,Small Claims,Disposed (Statistical Purposes),20210217,20210824
12,80325808,"Midland Credit Management, Inc",2115CV001349,Civil,Open,20211229,20211229
13,80325809,"Midland Credit Management, Inc",2115CV001349,Civil,Open,20211229,20211229
14,80325970,"Midland Credit Management, Inc",2106SC000168,Small Claims,Disposed (Statistical Purposes),20210210,20210809
15,80325976,"Midland Credit Management, Inc",2134SC000264,Small Claims,Open,20210226,20210226
16,80326101,"Midland Credit Management, Inc",2125SC000184,Small Claims,Disposed (Statistical Purposes),20210216,20210824
17,80326920,"Midland Credit Management, Inc",2106SC000419,Small Claims,Disposed (Statistical Purposes),20210408,20211122
18,80327000,"Midland Credit Management, Inc",2106SC000159,Small Claims,Disposed (Statistical Purposes),20210210,20210805
19,80327138,"Midland Credit Management, Inc",2003SC000001,Small Claims,Disposed (Statistical Purposes),20200103,20201015
20,80329623,"Midland Credit Management, Inc",2106SC000420,Small Claims,Open,20210408,20210408
21,80329689,"Midland Credit Management, Inc",2106SC000163,Small Claims,Open,20210210,20210210
22,80330138,"Midland Credit Management, Inc",2034SC000737,Small Claims,Disposed (Statistical Purposes),20200917,20210927
23,80331018,"Midland Credit Management, Inc",2106SC000418,Small Claims,Disposed (Statistical Purposes),20210408,20211122
24,80331837,"Midland Credit Management, Inc",2034SC000736,Small Claims,Disposed (Statistical Purposes),20200917,20210929
25,80332721,"Midland Credit Management, Inc",2106SC000156,Small Claims,Disposed (Statistical Purposes),20210210,20210219
26,80332811,"Midland Credit Management, Inc",2034SC000739,Small Claims,Disposed (Statistical Purposes),20200917,20210924
27,80333202,"Midland Credit Management, Inc",2106SC000417,Small Claims,Disposed (Statistical Purposes),20210408,20211122
28,80333767,"Midland Credit Management, Inc",2234CV000055,Civil,Open,20220126,20220126
29,80334776,"Midland Credit Management, Inc",2125SC000183,Small Claims,Disposed (Statistical Purposes),20210216,20210824
30,80336117,"Midland Credit Management, Inc",2106SC000155,Small Claims,Disposed (Statistical Purposes),20210210,20210809
31,80337483,"Midland Credit Management, Inc",2015SC001492,Small Claims,Disposed (Statistical Purposes),20200824,20220112
32,80338920,"Midland Credit Management, Inc",2115CV001348,Civil,Open,20211229,20211229
33,80339482,"Midland Credit Management, Inc",2015SC001494,Small Claims,Disposed (Statistical Purposes),20200824,20220112
34,80339792,"Midland Credit Management, Inc",2034SC000728,Small Claims,Disposed (Statistical Purposes),20200911,20210924
35,80342059,"Midland Credit Management, Inc",2034SC000727,Small Claims,Open,20200911,20200911
36,80343642,"Midland Credit Management, Inc",2134SC000291,Small Claims,Open,20210301,20210301
37,80345209,"Midland Credit Management, Inc",2001SC000545,Small Claims,Closed,20200703,20210107
38,80345897,"Midland Credit Management, Inc",2125SC000167,Small Claims,Disposed (Statistical Purposes),20210212,20210817
39,80346047,"Midland Credit Management, Inc",2034SC000445,Small Claims,Open,20200319,20200319
40,80349585,"Midland Credit Management, Inc",2034SC000747,Small Claims,Disposed (Statistical Purposes),20200921,20211001
41,80349671,"Midland Credit Management, Inc",2001SC000152,Small Claims,Closed,20200210,20200804
42,80350680,"Midland Credit Management, Inc",2134SC000294,Small Claims,Open,20210301,20210301
43,80351220,"Midland Credit Management, Inc",2125SC000173,Small Claims,Disposed (Statistical Purposes),20210212,20210824
44,80352304,"Midland Credit Management, Inc",2101SC001275,Small Claims,Open,20211029,20211029
45,80354246,"Midland Credit Management, Inc",2134SC000293,Small Claims,Open,20210301,20210301
46,80355507,"Midland Credit Management, Inc",2125SC000178,Small Claims,Open,20210212,20210212
47,80358362,"Midland Credit Management, Inc",2134SC000292,Small Claims,Open,20210301,20210301
48,80360384,"Midland Credit Management, Inc",2125SC000172,Small Claims,Open,20210212,20210212
49,80361017,"Midland Credit Management, Inc",2115CV001364,Civil,Open,20211230,20211230
0,80361372,"Midland Credit Management, Inc",2106SC000430,Small Claims,Disposed (Statistical Purposes),20210412,20211206
1,80362237,"Midland Credit Management, Inc",2125SC000174,Small Claims,Open,20210212,20210212
2,80362478,"Midland Credit Management, Inc",2115CV001358,Civil,Open,20211230,20211230
3,80364482,"Midland Credit Management, Inc",2125SC000168,Small Claims,Open,20210212,20210212
4,80364934,"Midland Credit Management, Inc",2034SC000748,Small Claims,Disposed (Statistical Purposes),20200921,20211001
5,80366197,"Midland Credit Management, Inc",2006SC000179,Small Claims,Disposed (Statistical Purposes),20200128,20210913
6,80366567,"Midland Credit Management, Inc",2034SC000749,Small Claims,Open,20200921,20200921
7,80368577,"Midland Credit Management, Inc",2106SC000429,Small Claims,Disposed (Statistical Purposes),20210412,20220124
8,80369913,"Midland Credit Management, Inc",2125SC000175,Small Claims,Disposed (Statistical Purposes),20210212,20210824
9,80370999,"Midland Credit Management, Inc",2015SC001524,Small Claims,Disposed (Statistical Purposes),20200828,20220119
10,80371450,"Midland Credit Management, Inc",2006SC000180,Small Claims,Disposed (Statistical Purposes),20200128,20210913
11,80371489,"Midland Credit Management, Inc",2125SC000179,Small Claims,Disposed (Statistical Purposes),20210212,20210720
12,80377709,"Midland Credit Management, Inc",2006SC000171,Small Claims,Covid 19 XXX Notice Issued,20200127,20210226
13,80379034,"Midland Credit Management, Inc",2034SC000922,Small Claims,Disposed (Statistical Purposes),20201116,20211217
14,80379673,"Midland Credit Management, Inc",2234SC000060,Small Claims,Open,20220131,20220131
15,80380045,"Midland Credit Management, Inc",2034SC000918,Small Claims,Disposed (Statistical Purposes),20201116,20211117
16,80380236,"Midland Credit Management, Inc",2006SC000165,Small Claims,Disposed (Statistical Purposes),20200127,20210914
17,80380367,"Midland Credit Management, Inc",2001SC000725,Small Claims,Disposed (Statistical Purposes),20200904,20210806
18,80381394,"Midland Credit Management, Inc",2125SC000331,Small Claims,Disposed (Statistical Purposes),20210323,20220104
19,80383706,"Midland Credit Management, Inc",2006SC000178,Small Claims,Disposed (Statistical Purposes),20200128,20211206
20,80387599,"Midland Credit Management, Inc",2125SC000040,Small Claims,Disposed (Statistical Purposes),20210118,20210921
21,80391189,"Midland Credit Management, Inc",2125SC000214,Small Claims,Disposed (Statistical Purposes),20210224,20210831
22,80391864,"Midland Credit Management, Inc",2034SC000715,Small Claims,Disposed (Statistical Purposes),20200914,20201214
23,80392923,"Midland Credit Management, Inc",2025SC000367,Small Claims,Covid 19 XXX Notice Issued,20200612,20200921
24,80396091,"Midland Credit Management, Inc",2015SC001542,Small Claims,Disposed (Statistical Purposes),20200831,20220119
25,80400699,"Midland Credit Management, Inc",2134SC000188,Small Claims,Open,20210210,20210210
26,80401430,"Midland Credit Management, Inc",2134SC000223,Small Claims,Disposed (Statistical Purposes),20210210,20211129
27,80401877,"Midland Credit Management, Inc",2134SC000193,Small Claims,Open,20210210,20210210
28,80402287,"Midland Credit Management, Inc",2134SC000192,Small Claims,Open,20210210,20210210
29,80402388,"Midland Credit Management, Inc",2134SC000295,Small Claims,Open,20210304,20210304
30,80402633,"Midland Credit Management, Inc",2134SC000189,Small Claims,Open,20210210,20210210
31,80403729,"Midland Credit Management, Inc",2134SC000296,Small Claims,Disposed (Statistical Purposes),20210304,20210610
32,80406285,"Midland Credit Management, Inc",2134SC000195,Small Claims,Open,20210210,20210210
33,80407207,"Midland Credit Management, Inc",2134SC000297,Small Claims,Open,20210304,20210304
34,80408174,"Midland Credit Management, Inc",2134SC000190,Small Claims,Disposed (Statistical Purposes),20210210,20210423
35,80412662,"Midland Credit Management, Inc",2134SC000191,Small Claims,Open,20210210,20210210
36,80413923,"Midland Credit Management, Inc",2134SC000221,Small Claims,Open,20210210,20210210
37,80415000,"Midland Credit Management, Inc",2034SC000738,Small Claims,Disposed (Statistical Purposes),20200917,20211001
38,80415335,"Midland Credit Management, Inc",2134SC000194,Small Claims,Open,20210210,20210210
39,80416010,"Midland Credit Management, Inc",2034SC000735,Small Claims,Open,20200917,20200917
40,80416916,"Midland Credit Management, Inc",2134SC001178,Small Claims,Open,20210927,20210927
41,80418656,"Midland Credit Management, Inc",2125SC000225,Small Claims,Disposed (Statistical Purposes),20210226,20210831
42,80422839,"Midland Credit Management, Inc",2125SC000222,Small Claims,Disposed (Statistical Purposes),20210226,20210831
43,80423634,"Midland Credit Management, Inc",2134SC000220,Small Claims,Open,20210210,20210210
44,80424111,"Midland Credit Management, Inc",2134SC000224,Small Claims,Open,20210210,20210210
45,80425889,"Midland Credit Management, Inc",2134SC000222,Small Claims,Open,20210210,20210210
46,80432699,"Midland Credit Management, Inc",2125SC000227,Small Claims,Disposed (Statistical Purposes),20210226,20210831
47,80433859,"Midland Credit Management, Inc",2134SC000388,Small Claims,Open,20210322,20210322
48,80435089,"Midland Credit Management, Inc",2134SC000392,Small Claims,Open,20210322,20210322
49,80436511,"Midland Credit Management, Inc",2134SC000387,Small Claims,Open,20210322,20210322
0,80440342,"Midland Credit Management, Inc",2134SC000142,Small Claims,Open,20210201,20210201
1,80448068,"Midland Credit Management, Inc",2134SC000141,Small Claims,Open,20210201,20210201
2,80448427,"Midland Credit Management, Inc",2134SC000140,Small Claims,Open,20210201,20210201
3,80455855,"Midland Credit Management, Inc",2134SC000410,Small Claims,Open,20210324,20210324
4,80457910,"Midland Credit Management, Inc",2134SC000411,Small Claims,Open,20210324,20210324
5,80464264,"Midland Credit Management, Inc",2134SC001187,Small Claims,Open,20210929,20210929
6,80466489,"Midland Credit Management, Inc",2134SC000150,Small Claims,Open,20210202,20210202
7,80466836,"Midland Credit Management, Inc",2134SC001186,Small Claims,Open,20210929,20210929
8,80473003,"Midland Credit Management, Inc",2054SC000468,Small Claims,Disposed (Statistical Purposes),20200622,20210923
9,80477793,"Midland Credit Management, Inc",2025SC000401,Small Claims,Disposed (Statistical Purposes),20200624,20210831
10,80478970,"Midland Credit Management, Inc",2025SC000403,Small Claims,Open,20200624,20200624
11,80479602,"Midland Credit Management, Inc",2025SC000402,Small Claims,Disposed (Statistical Purposes),20200624,20210223
12,80479799,"Midland Credit Management, Inc",2134SC000147,Small Claims,Open,20210202,20210202
13,80480109,"Midland Credit Management, Inc",2134SC000148,Small Claims,Open,20210202,20210202
14,80480375,"Midland Credit Management, Inc",2154SC000886,Small Claims,Open,20211119,20211119
15,80480714,"Midland Credit Management, Inc",2134SC000421,Small Claims,Open,20210329,20210329
16,80480888,"Midland Credit Management, Inc",2134SC000144,Small Claims,Open,20210202,20210202
17,80481608,"Midland Credit Management, Inc",2134SC000420,Small Claims,Open,20210329,20210329
18,80485433,"Midland Credit Management, Inc",2134SC000423,Small Claims,Open,20210329,20210329
19,80485686,"Midland Credit Management, Inc",2134SC000418,Small Claims,Open,20210329,20210329
20,80488460,"Midland Credit Management, Inc",2134SC000416,Small Claims,Open,20210329,20210329
21,80489425,"Midland Credit Management, Inc",2154SC000889,Small Claims,Open,20211119,20211119
22,80489789,"Midland Credit Management, Inc",2134SC000182,Small Claims,Open,20210205,20210205
23,80490425,"Midland Credit Management, Inc",2020SC000571,Small Claims,Open,20201104,20201104
24,80491419,"Midland Credit Management, Inc",2134SC000154,Small Claims,Open,20210205,20210205
25,80493004,"Midland Credit Management, Inc",2134SC000181,Small Claims,Open,20210205,20210205
26,80493815,"Midland Credit Management, Inc",2134SC000179,Small Claims,Disposed (Statistical Purposes),20210205,20211105
27,80495142,"Midland Credit Management, Inc",2134SC000417,Small Claims,Open,20210329,20210329
28,80497102,"Midland Credit Management, Inc",2134SC000424,Small Claims,Open,20210329,20210329
29,80497261,"Midland Credit Management, Inc",2134SC000180,Small Claims,Open,20210205,20210205
30,80497679,"Midland Credit Management, Inc",2134SC000153,Small Claims,Open,20210205,20210205
31,80503326,"Midland Credit Management, Inc",2125SC001408,Small Claims,Open,20211210,20211210
32,80505252,"Midland Credit Management, Inc",2134SC000419,Small Claims,Open,20210329,20210329
33,80510286,"Midland Credit Management, Inc",2114SC000434,Small Claims,Open,20210422,20210422
34,80510326,"Midland Credit Management, Inc",2054SC000476,Small Claims,Disposed (Statistical Purposes),20200626,20210924
35,80510532,"Midland Credit Management, Inc",2134SC000187,Small Claims,Open,20210208,20210208
36,80510673,"Midland Credit Management, Inc",2006SC001080EF,Small Claims,Disposed (Statistical Purposes),20201211,20220207
37,80511124,"Midland Credit Management, Inc",2006SC000863,Small Claims,Disposed (Statistical Purposes),20200929,20210712
38,80515309,"Midland Credit Management, Inc",1915SC003709,Small Claims,Suspended-Notices sent Covid-19,20191227,20200427
39,80516614,"Midland Credit Management, Inc",2134SC000183,Small Claims,Open,20210208,20210208
40,80518160,"Midland Credit Management, Inc",2134SC000185,Small Claims,Open,20210208,20210208
41,80523627,"Midland Credit Management, Inc",2114SC000502,Small Claims,Open,20210511,20210511
42,80526011,"Midland Credit Management, Inc",2134SC000431,Small Claims,Open,20210331,20210331
43,80526656,"Midland Credit Management, Inc",2002SC000043,Small Claims,Disposed (Statistical Purposes),20200122,20210407
44,80527578,"Midland Credit Management, Inc",2134SC000439,Small Claims,Open,20210331,20210331
45,80528791,"Midland Credit Management, Inc",2106SC001090,Small Claims,Open,20210824,20210824
46,80530121,"Midland Credit Management, Inc",2134SC000440,Small Claims,Open,20210331,20210331
47,80530453,"Midland Credit Management, Inc",2134SC000432,Small Claims,Open,20210331,20210331
48,80532133,"Midland Credit Management, Inc",2134SC000429,Small Claims,Open,20210331,20210331
49,80532215,"Midland Credit Management, Inc",2106SC001088,Small Claims,Disposed (Statistical Purposes),20210824,20211207
0,80532628,"Midland Credit Management, Inc",2006SC001092EF,Small Claims,Disposed (Statistical Purposes),20201216,20220207
1,80532941,"Midland Credit Management, Inc",2006SC000889,Small Claims,Disposed (Statistical Purposes),20201005,20210802
2,80533064,"Midland Credit Management, Inc",2006SC000890,Small Claims,Disposed (Statistical Purposes),20201005,20210802
3,80533543,"Midland Credit Management, Inc",2006SC000891,Small Claims,Disposed (Statistical Purposes),20201005,20210802
4,80534401,"Midland Credit Management, Inc",2114SC001193,Small Claims,Open,20211021,20211021
5,80534781,"Midland Credit Management, Inc",2068SC000337,Small Claims,Disposed (Statistical Purposes),20201210,20210503
6,80534826,"Midland Credit Management, Inc",2134SC000434,Small Claims,Open,20210331,20210331
7,80536352,"Midland Credit Management, Inc",2006SC000887,Small Claims,Disposed (Statistical Purposes),20201005,20210802
8,80536397,"Midland Credit Management, Inc",2134SC000430,Small Claims,Open,20210331,20210331
9,80547829,"Midland Credit Management, Inc",2114SC001192,Small Claims,Open,20211021,20211021
10,80551311,"Midland Credit Management, Inc",2114SC000330,Small Claims,Open,20210323,20210323
11,80556884,"Midland Credit Management, Inc",2134SC000447,Small Claims,Disposed (Statistical Purposes),20210402,20210722
12,80559391,"Midland Credit Management, Inc",2134SC000446,Small Claims,Open,20210402,20210402
13,80561273,"Midland Credit Management, Inc",2107SC000584,Small Claims,Open,20210415,20210415
14,80562519,"Midland Credit Management, Inc",2134SC000443,Small Claims,Open,20210401,20210401
15,80563677,"Midland Credit Management, Inc",2134SC000444,Small Claims,Open,20210401,20210401
16,80563978,"Midland Credit Management, Inc",2206SC000057,Small Claims,Open,20220124,20220124
17,80565284,"Midland Credit Management, Inc",2134SC000445,Small Claims,Open,20210401,20210401
18,80566171,"Midland Credit Management, Inc",2006SC000926,Small Claims,Disposed (Statistical Purposes),20201009,20211025
19,80567242,"Midland Credit Management, Inc",2106SC000210,Small Claims,Disposed (Statistical Purposes),20210224,20211025
20,80567781,"Midland Credit Management, Inc",2006SC000924,Small Claims,Disposed (Statistical Purposes),20201009,20210816
21,80568117,"Midland Credit Management, Inc",2106SC000208,Small Claims,Disposed (Statistical Purposes),20210224,20210830
22,80568915,"Midland Credit Management, Inc",2106SC000211,Small Claims,Disposed (Statistical Purposes),20210224,20211025
23,80569101,"Midland Credit Management, Inc",2114SC000339,Small Claims,Disposed (Statistical Purposes),20210324,20220202
24,80569286,"Midland Credit Management, Inc",2106SC000209,Small Claims,Disposed (Statistical Purposes),20210224,20210830
25,80570687,"Midland Credit Management, Inc",2106SC000207,Small Claims,Disposed (Statistical Purposes),20210224,20210830
26,80570774,"Midland Credit Management, Inc",2006SC000920,Small Claims,Disposed (Statistical Purposes),20201009,20211025
27,80571129,"Midland Credit Management, Inc",2114SC000337,Small Claims,Open,20210324,20210324
28,80572932,"Midland Credit Management, Inc",2006SC000922,Small Claims,Disposed (Statistical Purposes),20201009,20211108
29,80573675,"Midland Credit Management, Inc",2006SC000925,Small Claims,Disposed (Statistical Purposes),20201009,20210816
30,80574062,"Midland Credit Management, Inc",2154SC000908,Small Claims,Open,20211129,20211129
31,80575841,"Midland Credit Management, Inc",2114SC000338,Small Claims,Open,20210324,20210324
32,80576239,"Midland Credit Management, Inc",2064SC000411,Small Claims,Disposed (Statistical Purposes),20200603,20210518
33,80577083,"Midland Credit Management, Inc",2206CV000028,Civil,Open,20220125,20220203
34,80577832,"Midland Credit Management, Inc",2134SC001278,Small Claims,Disposed (Statistical Purposes),20211022,20211117
35,80578334,"Midland Credit Management, Inc",2106SC000219,Small Claims,Disposed (Statistical Purposes),20210226,20210920
36,80578632,"Midland Credit Management, Inc",2114SC000452,Small Claims,Open,20210427,20210427
37,80581867,"Midland Credit Management, Inc",2114SC000441,Small Claims,Open,20210427,20210427
38,80582318,"Midland Credit Management, Inc",2114SC001213,Small Claims,Open,20211026,20211026
39,80584799,"Midland Credit Management, Inc",2002SC000092,Small Claims,Disposed (Statistical Purposes),20200205,20200526
40,80585184,"Midland Credit Management, Inc",2134SC001279,Small Claims,Open,20211022,20211022
41,80585714,"Midland Credit Management, Inc",2114SC000348,Small Claims,Open,20210326,20210326
42,80586605,"Midland Credit Management, Inc",2134SC001277,Small Claims,Open,20211022,20211022
43,80588313,"Midland Credit Management, Inc",2114SC001221,Small Claims,Open,20211026,20211026
44,80588592,"Midland Credit Management, Inc",2134SC001280,Small Claims,Open,20211022,20211022
45,80588637,"Midland Credit Management, Inc",2114SC001217,Small Claims,Open,20211026,20211026
46,80588950,"Midland Credit Management, Inc",2134SC001276,Small Claims,Open,20211022,20211022
47,80589161,"Midland Credit Management, Inc",2114SC001229,Small Claims,Open,20211026,20211026
48,80590011,"Midland Credit Management, Inc",2106SC000221,Small Claims,Disposed (Statistical Purposes),20210301,20210920
49,80590840,"Midland Credit Management, Inc",2106SC000224,Small Claims,Disposed (Statistical Purposes),20210301,20210813
0,80590886,"Midland Credit Management, Inc",2114SC001215,Small Claims,Open,20211026,20211026
1,80590901,"Midland Credit Management, Inc",2254CV000044,Civil,Open,20220201,20220201
2,80591031,"Midland Credit Management, Inc",2106SC001115,Small Claims,Open,20210907,20210907
3,80591211,"Midland Credit Management, Inc",2114SC001232,Small Claims,Open,20211026,20211026
4,80591590,"Midland Credit Management, Inc",2154SC000918,Small Claims,Open,20211202,20211202
5,80591600,"Midland Credit Management, Inc",2106SC000220,Small Claims,Disposed (Statistical Purposes),20210301,20210324
6,80591835,"Midland Credit Management, Inc",2154SC000914,Small Claims,Open,20211202,20211202
7,80592019,"Midland Credit Management, Inc",2114SC000447,Small Claims,Open,20210427,20210427
8,80592037,"Midland Credit Management, Inc",2114SC001218,Small Claims,Open,20211026,20211026
9,80592085,"Midland Credit Management, Inc",2154SC000917,Small Claims,Open,20211202,20211202
10,80592274,"Midland Credit Management, Inc",2114SC001222,Small Claims,Open,20211026,20211026
11,80592759,"Midland Credit Management, Inc",2106SC000225,Small Claims,Disposed (Statistical Purposes),20210301,20210920
12,80593391,"Midland Credit Management, Inc",2154SC000916,Small Claims,Open,20211202,20211202
13,80593957,"Midland Credit Management, Inc",2154SC000915,Small Claims,Open,20211202,20211202
14,80594378,"Midland Credit Management, Inc",2114SC001216,Small Claims,Open,20211026,20211026
15,80597066,"Midland Credit Management, Inc",2002SC000090,Small Claims,Disposed (Statistical Purposes),20200205,20200616
16,80598674,"Midland Credit Management, Inc",2114SC001231,Small Claims,Open,20211026,20211026
17,80598918,"Midland Credit Management, Inc",2114SC001214,Small Claims,Open,20211026,20211026
18,80599088,"Midland Credit Management, Inc",2106SC000228,Small Claims,Open,20210301,20210301
19,80600362,"Midland Credit Management, Inc",2106SC000223,Small Claims,Disposed (Statistical Purposes),20210301,20210920
20,80600856,"Midland Credit Management, Inc",2106SC000222,Small Claims,Disposed (Statistical Purposes),20210301,20211004
21,80601374,"Midland Credit Management, Inc",2106SC000230,Small Claims,Disposed (Statistical Purposes),20210301,20210920
22,80601771,"Midland Credit Management, Inc",2106SC000226,Small Claims,Disposed (Statistical Purposes),20210301,20210920
23,80602285,"Midland Credit Management, Inc",2106SC000227,Small Claims,Open,20210301,20210301
24,80602854,"Midland Credit Management, Inc",2114SC000443,Small Claims,Open,20210427,20210427
25,80603491,"Midland Credit Management, Inc",2106SC000229,Small Claims,Disposed (Statistical Purposes),20210301,20211004
26,80608389,"Midland Credit Management, Inc",2114SC000442,Small Claims,Open,20210427,20210427
27,80608411,"Midland Credit Management, Inc",2001SC000300,Small Claims,Closed,20200309,20210831
28,80609139,"Midland Credit Management, Inc",2154SC000921,Small Claims,Open,20211206,20211206
29,80611933,"Midland Credit Management, Inc",2106SC000465,Small Claims,Disposed (Statistical Purposes),20210422,20211220
30,80612264,"Midland Credit Management, Inc",2254SC000086,Small Claims,Open,20220203,20220203
31,80612487,"Midland Credit Management, Inc",2106SC001411,Small Claims,Open,20211102,20211102
32,80613889,"Midland Credit Management, Inc",2106SC001407,Small Claims,Open,20211102,20211102
33,80615540,"Midland Credit Management, Inc",2106SC001415,Small Claims,Open,20211102,20211102
34,80616782,"Midland Credit Management, Inc",2106SC001413,Small Claims,Disposed (Statistical Purposes),20211102,20220118
35,80619305,"Midland Credit Management, Inc",2114SC000155,Small Claims,Open,20210223,20210223
36,80619964,"Midland Credit Management, Inc",2106SC000466,Small Claims,Disposed (Statistical Purposes),20210422,20211220
37,80621002,"Midland Credit Management, Inc",2114SC000162,Small Claims,Open,20210223,20210223
38,80622541,"Midland Credit Management, Inc",2114SC000171,Small Claims,Disposed (Statistical Purposes),20210223,20220201
39,80624627,"Midland Credit Management, Inc",2003SC000018,Small Claims,Disposed (Statistical Purposes),20200127,20200305
40,80624740,"Midland Credit Management, Inc",2134SC000359,Small Claims,Open,20210405,20210405
41,80624809,"Midland Credit Management, Inc",2114SC000188,Small Claims,Disposed (Statistical Purposes),20210223,20220202
42,80627851,"Midland Credit Management, Inc",2134SC001284,Small Claims,Open,20211025,20211025
43,80629329,"Midland Credit Management, Inc",2134SC001287,Small Claims,Open,20211025,20211025
44,80630186,"Midland Credit Management, Inc",2106SC000467,Small Claims,Disposed (Statistical Purposes),20210422,20211220
45,80630803,"Midland Credit Management, Inc",2114SC000173,Small Claims,Open,20210223,20210223
46,80631392,"Midland Credit Management, Inc",2134SC001286,Small Claims,Open,20211025,20211025
47,80631566,"Midland Credit Management, Inc",2114SC000159,Small Claims,Open,20210223,20210223
48,80631956,"Midland Credit Management, Inc",2134SC001285,Small Claims,Open,20211025,20211025
49,80632219,"Midland Credit Management, Inc",2114SC000177,Small Claims,Open,20210223,20210223
0,80632449,"Midland Credit Management, Inc",2114SC000175,Small Claims,Disposed (Statistical Purposes),20210223,20220201
1,80632776,"Midland Credit Management, Inc",2047SC000227,Small Claims,Covid 19 XXX Notice Issued,20200819,20201231
2,80632950,"Midland Credit Management, Inc",2047SC000228,Small Claims,Covid 19 XXX Notice Issued,20200819,20201231
3,80634430,"Midland Credit Management, Inc",2134SC001282,Small Claims,Disposed (Statistical Purposes),20211025,20211227
4,80634461,"Midland Credit Management, Inc",2114SC000172,Small Claims,Open,20210223,20210223
5,80636652,"Midland Credit Management, Inc",2106SC001408,Small Claims,Open,20211102,20211102
6,80639259,"Midland Credit Management, Inc",2114SC000187,Small Claims,Disposed (Statistical Purposes),20210223,20220201
7,80640324,"Midland Credit Management, Inc",2114SC000161,Small Claims,Open,20210223,20210223
8,80641314,"Midland Credit Management, Inc",2114SC000176,Small Claims,Open,20210223,20210223
9,80642023,"Midland Credit Management, Inc",2114SC000368,Small Claims,Disposed (Statistical Purposes),20210405,20220201
10,80642774,"Midland Credit Management, Inc",2114SC000157,Small Claims,Open,20210223,20210223
11,80643882,"Midland Credit Management, Inc",2003SC000024,Small Claims,Disposed (Statistical Purposes),20200131,20200319
12,80644120,"Midland Credit Management, Inc",2114SC000168,Small Claims,Open,20210223,20210223
13,80644214,"Midland Credit Management, Inc",2134SC001283,Small Claims,Open,20211025,20211025
14,80644538,"Midland Credit Management, Inc",2114SC000375,Small Claims,Open,20210406,20210406
15,80645943,"Midland Credit Management, Inc",2114SC000373,Small Claims,Open,20210406,20210406
16,80646529,"Midland Credit Management, Inc",2114SC000158,Small Claims,Open,20210223,20210223
17,80647457,"Midland Credit Management, Inc",2114SC000367,Small Claims,Open,20210405,20210405
18,80648617,"Midland Credit Management, Inc",2114SC000169,Small Claims,Open,20210223,20210223
19,80649197,"Midland Credit Management, Inc",2114SC000174,Small Claims,Open,20210223,20210223
20,80650900,"Midland Credit Management, Inc",2114SC000379,Small Claims,Open,20210406,20210406
21,80652721,"Midland Credit Management, Inc",2114SC000376,Small Claims,Disposed (Statistical Purposes),20210406,20220131
22,80658527,"Midland Credit Management, Inc",2114SC000372,Small Claims,Open,20210406,20210406
23,80659681,"Midland Credit Management, Inc",2001SC000769,Small Claims,Closed,20200916,20210204
24,80660001,"Midland Credit Management, Inc",2115SC002999,Small Claims,Open,20211118,20211118
25,80661688,"Midland Credit Management, Inc",2114SC000193,Small Claims,Open,20210224,20210224
26,80664060,"Midland Credit Management, Inc",2115SC003026,Small Claims,Open,20211119,20211119
27,80664412,"Midland Credit Management, Inc",2114SC000370,Small Claims,Open,20210406,20210406
28,80665435,"Midland Credit Management, Inc",2114SC000202,Small Claims,Open,20210224,20210224
29,80665479,"Midland Credit Management, Inc",2164SC001249,Small Claims,Open,20211119,20211119
30,80666333,"Midland Credit Management, Inc",2114SC000201,Small Claims,Disposed (Statistical Purposes),20210224,20210423
31,80666663,"Midland Credit Management, Inc",2114SC000369,Small Claims,Disposed (Statistical Purposes),20210406,20210601
32,80666886,"Midland Credit Management, Inc",2114SC000377,Small Claims,Open,20210406,20210406
33,80667016,"Midland Credit Management, Inc",2114SC000200,Small Claims,Open,20210224,20210224
34,80667932,"Midland Credit Management, Inc",2134SC001291,Small Claims,Open,20211028,20211028
35,80667947,"Midland Credit Management, Inc",2114SC000378,Small Claims,Open,20210406,20210406
36,80668700,"Midland Credit Management, Inc",2114SC000371,Small Claims,Open,20210406,20210406
37,80669111,"Midland Credit Management, Inc",2115SC003000,Small Claims,Open,20211118,20211118
38,80670227,"Midland Credit Management, Inc",2134SC001292,Small Claims,Open,20211028,20211028
39,80672692,"Midland Credit Management, Inc",2106SC001476,Small Claims,Open,20211108,20211108
40,80672767,"Midland Credit Management, Inc",2003SC000030,Small Claims,Covid 19 XXX Notice Issued,20200205,20200921
41,80673013,"Midland Credit Management, Inc",2134SC001288,Small Claims,Open,20211028,20211028
42,80674139,"Midland Credit Management, Inc",2115SC003019,Small Claims,Open,20211119,20211119
43,80674662,"Midland Credit Management, Inc",2134SC001289,Small Claims,Open,20211028,20211028
44,80674951,"Midland Credit Management, Inc",2106SC001475,Small Claims,Open,20211108,20211108
45,80675995,"Midland Credit Management, Inc",2134SC001290,Small Claims,Open,20211028,20211028
46,80676833,"Midland Credit Management, Inc",2106SC000488,Small Claims,Disposed (Statistical Purposes),20210427,20210518
47,80678495,"Midland Credit Management, Inc",2106SC000486,Small Claims,Open,20210427,20210427
48,80679360,"Midland Credit Management, Inc",2106SC001474,Small Claims,Open,20211108,20211108
49,80680535,"Midland Credit Management, Inc",2047SC000233,Small Claims,Disposed (Statistical Purposes),20200825,20220208
0,80681143,"Midland Credit Management, Inc",2047SC000232,Small Claims,Disposed (Statistical Purposes),20200825,20210610
1,80681405,"Midland Credit Management, Inc",2154SC000950,Small Claims,Open,20211213,20211213
2,80682224,"Midland Credit Management, Inc",2001SC001009,Small Claims,Closed,20201130,20210805
3,80682309,"Midland Credit Management, Inc",2134SC001293,Small Claims,Open,20211028,20211028
4,80682918,"Midland Credit Management, Inc",2106SC000489,Small Claims,Disposed (Statistical Purposes),20210427,20210601
5,80683614,"Midland Credit Management, Inc",2115SC003001,Small Claims,Open,20211118,20211118
6,80684006,"Midland Credit Management, Inc",2114SC000190,Small Claims,Open,20210224,20210224
7,80685339,"Midland Credit Management, Inc",2115SC002996,Small Claims,Open,20211118,20211118
8,80686156,"Midland Credit Management, Inc",2025SC000681,Small Claims,Disposed (Statistical Purposes),20200928,20210518
9,80687771,"Midland Credit Management, Inc",2115SC003002,Small Claims,Open,20211118,20211118
10,80688440,"Midland Credit Management, Inc",2115SC002998,Small Claims,Open,20211118,20211118
11,80688813,"Midland Credit Management, Inc",2025SC000682,Small Claims,Covid 19 XXX Notice Issued,20200928,20201006
12,80688926,"Midland Credit Management, Inc",2106SC000503,Small Claims,Suspended Covid 19 extended,20210504,20210504
13,80689102,"Midland Credit Management, Inc",2106SC000504,Small Claims,Suspended Covid 19 extended,20210504,20210504
14,80692016,"Midland Credit Management, Inc",2114SC000203,Small Claims,Open,20210224,20210224
15,80692076,"Midland Credit Management, Inc",2106SC000502,Small Claims,Suspended Covid 19 extended,20210504,20210504
16,80702888,"Midland Credit Management, Inc",2114SC000196,Small Claims,Open,20210224,20210224
17,80704880,"Midland Credit Management, Inc",2106SC000509,Small Claims,Suspended Covid 19 extended,20210506,20210506
18,80704948,"Midland Credit Management, Inc",2114SC000189,Small Claims,Open,20210224,20210224
19,80706031,"Midland Credit Management, Inc",2106SC000515,Small Claims,Suspended Covid 19 extended,20210506,20210506
20,80708883,"Midland Credit Management, Inc",2001SC001044EF,Small Claims,Closed,20201209,20211118
21,80711768,"Midland Credit Management, Inc",2106SC000516,Small Claims,Suspended Covid 19 extended,20210506,20210506
22,80711802,"Midland Credit Management, Inc",2054SC000600,Small Claims,Disposed (Statistical Purposes),20200818,20211209
23,80711888,"Midland Credit Management, Inc",2134SC001299,Small Claims,Open,20211029,20211029
24,80714860,"Midland Credit Management, Inc",2106SC000518,Small Claims,Suspended Covid 19 extended,20210506,20210506
25,80714883,"Midland Credit Management, Inc",2054SC000602,Small Claims,Disposed (Statistical Purposes),20200818,20220103
26,80715037,"Midland Credit Management, Inc",2048SC000489,Small Claims,Disposed (Statistical Purposes),20201210,20210426
27,80717666,"Midland Credit Management, Inc",2001SC001046EF,Small Claims,Closed,20201209,20220125
28,80717905,"Midland Credit Management, Inc",2106SC000517,Small Claims,Suspended Covid 19 extended,20210506,20210506
29,80720552,"Midland Credit Management, Inc",2164SC001275,Small Claims,Open,20211124,20211124
30,80722769,"Midland Credit Management, Inc",2115SC002993,Small Claims,Open,20211122,20211122
31,80726883,"Midland Credit Management, Inc",2115SC002994,Small Claims,Open,20211122,20211122
32,80734818,"Midland Credit Management, Inc",2047SC000237,Small Claims,Disposed (Statistical Purposes),20200904,20210701
33,80735060,"Midland Credit Management, Inc",2001SC000604,Small Claims,Closed,20200728,20210401
34,80735059,"Midland Credit Management, Inc",2001SC000604,Small Claims,Closed,20200728,20210401
35,80735451,"Midland Credit Management, Inc",2106SC000526,Small Claims,Suspended Covid 19 extended,20210507,20210507
36,80737478,"Midland Credit Management, Inc",2115SC002992,Small Claims,Open,20211122,20211122
37,80737940,"Midland Credit Management, Inc",2115SC002995,Small Claims,Open,20211122,20211122
38,80743874,"Midland Credit Management, Inc",2115SC002991,Small Claims,Open,20211122,20211122
39,80747196,"Midland Credit Management, Inc",2134SC000467,Small Claims,Open,20210416,20210416
40,80753613,"Midland Credit Management, Inc",2098SC000324,Small Claims,Disposed (Statistical Purposes),20200820,20210510
41,80756893,"Midland Credit Management, Inc",2115SC002984,Small Claims,Open,20211122,20211122
42,80759261,"Midland Credit Management, Inc",2164SC001379,Small Claims,Open,20211220,20211220
43,80762399,"Midland Credit Management, Inc",2154SC000188,Small Claims,Open,20210322,20210322
44,80763672,"Midland Credit Management, Inc",2154SC000189,Small Claims,Disposed (Statistical Purposes),20210322,20220203
45,80764971,"Midland Credit Management, Inc",2164SC001292,Small Claims,Open,20211201,20211201
46,80766302,"Midland Credit Management, Inc",2164SC001290,Small Claims,Open,20211201,20211201
47,80766367,"Midland Credit Management, Inc",2025SC000802,Small Claims,Disposed (Statistical Purposes),20201117,20210622
48,80767438,"Midland Credit Management, Inc",2164SC001291,Small Claims,Open,20211201,20211201
49,80772694,"Midland Credit Management, Inc",2054SC000608,Small Claims,Disposed (Statistical Purposes),20200824,20211209
0,80773791,"Midland Credit Management, Inc",2054SC000607,Small Claims,Disposed (Statistical Purposes),20200824,20210217
1,80777705,"Midland Credit Management, Inc",2001SC001045EF,Small Claims,Disposed (Statistical Purposes),20201209,20220125
2,80783507,"Midland Credit Management, Inc",2164SC001300,Small Claims,Open,20211203,20211203
3,80783628,"Midland Credit Management, Inc",2164SC001298,Small Claims,Open,20211203,20211203
4,80784004,"Midland Credit Management, Inc",2164SC001297,Small Claims,Open,20211203,20211203
5,80784160,"Midland Credit Management, Inc",2134SC000472,Small Claims,Disposed (Statistical Purposes),20210420,20211115
6,80784369,"Midland Credit Management, Inc",2164SC001299,Small Claims,Open,20211203,20211203
7,80785504,"Midland Credit Management, Inc",2134SC000470,Small Claims,Open,20210420,20210420
8,80787765,"Midland Credit Management, Inc",2164SC001394,Small Claims,Open,20211224,20211224
9,80790240,"Midland Credit Management, Inc",2069SC000323,Small Claims,Disposed (Statistical Purposes),20200707,20210923
10,80799573,"Midland Credit Management, Inc",2134SC000480,Small Claims,Open,20210422,20210422
11,80802279,"Midland Credit Management, Inc",2134SC000477,Small Claims,Open,20210422,20210422
12,80802570,"Midland Credit Management, Inc",2134SC000481,Small Claims,Open,20210422,20210422
13,80802678,"Midland Credit Management, Inc",2114SC000250,Small Claims,Open,20210305,20210305
14,80803116,"Midland Credit Management, Inc",2114SC000246,Small Claims,Open,20210305,20210305
15,80803425,"Midland Credit Management, Inc",2054SC000656,Small Claims,Open,20200921,20200921
16,80803794,"Midland Credit Management, Inc",2114SC000243,Small Claims,Disposed (Statistical Purposes),20210305,20220202
17,80804568,"Midland Credit Management, Inc",2114SC000242,Small Claims,Open,20210305,20210305
18,80804733,"Midland Credit Management, Inc",2115SC003034,Small Claims,Open,20211129,20211129
19,80804911,"Midland Credit Management, Inc",2114SC000266,Small Claims,Open,20210305,20210305
20,80805108,"Midland Credit Management, Inc",2134SC000482,Small Claims,Open,20210422,20210422
21,80805250,"Midland Credit Management, Inc",2115SC003050,Small Claims,Open,20211129,20211129
22,80805506,"Midland Credit Management, Inc",2114SC000270,Small Claims,Open,20210305,20210305
23,80805570,"Midland Credit Management, Inc",2134SC000479,Small Claims,Disposed (Statistical Purposes),20210422,20210624
24,80806515,"Midland Credit Management, Inc",2114SC000261,Small Claims,Disposed (Statistical Purposes),20210305,20220201
25,80806844,"Midland Credit Management, Inc",2134SC000478,Small Claims,Open,20210422,20210422
26,80808208,"Midland Credit Management, Inc",2114SC000247,Small Claims,Open,20210305,20210305
27,80808881,"Midland Credit Management, Inc",2054SC000657,Small Claims,Open,20200921,20200921
28,80808938,"Midland Credit Management, Inc",2115SC003048,Small Claims,Open,20211129,20211129
29,80810525,"Midland Credit Management, Inc",2114SC000249,Small Claims,Open,20210305,20210305
30,80811200,"Midland Credit Management, Inc",2115SC003041,Small Claims,Open,20211129,20211129
31,80812073,"Midland Credit Management, Inc",2114SC000269,Small Claims,Open,20210305,20210305
32,80812817,"Midland Credit Management, Inc",2054SC000661,Small Claims,Open,20200921,20200921
33,80814103,"Midland Credit Management, Inc",2032SC000956,Small Claims,Disposed (Statistical Purposes),20200615,20211004
34,80814532,"Midland Credit Management, Inc",2098SC000332,Small Claims,Disposed (Statistical Purposes),20200825,20210521
35,80814648,"Midland Credit Management, Inc",2114SC000248,Small Claims,Open,20210305,20210305
36,80815994,"Midland Credit Management, Inc",2001SC001073EF,Small Claims,Disposed (Statistical Purposes),20201215,20211117
37,80816917,"Midland Credit Management, Inc",2115SC003047,Small Claims,Open,20211129,20211129
38,80818245,"Midland Credit Management, Inc",2020SC000661,Small Claims,Open,20201209,20201209
39,80818356,"Midland Credit Management, Inc",2054SC000658,Small Claims,Open,20200921,20200921
40,80818903,"Midland Credit Management, Inc",2054SC000659,Small Claims,Open,20200921,20200921
41,80819705,"Midland Credit Management, Inc",2020SC000658,Small Claims,Open,20201209,20201209
42,80820562,"Midland Credit Management, Inc",2020SC000657,Small Claims,Open,20201209,20201209
43,80821558,"Midland Credit Management, Inc",2020SC000660,Small Claims,Open,20201209,20201209
44,80822075,"Midland Credit Management, Inc",2115SC003031,Small Claims,Open,20211129,20211129
45,80823848,"Midland Credit Management, Inc",2032SC000957,Small Claims,Disposed (Statistical Purposes),20200615,20211004
46,80824555,"Midland Credit Management, Inc",2054SC000312,Small Claims,Covid 19 XXX Notice Issued,20200309,20200923
47,80824688,"Midland Credit Management, Inc",2115SC003043,Small Claims,Open,20211129,20211129
48,80828515,"Midland Credit Management, Inc",2115SC003049,Small Claims,Open,20211129,20211129
49,80832332,"Midland Credit Management, Inc",2164SC001318,Small Claims,Open,20211208,20211208
0,80832643,"Midland Credit Management, Inc",2164SC001319,Small Claims,Open,20211208,20211208
1,80836747,"Midland Credit Management, Inc",2020SC000662,Small Claims,Open,20201211,20201211
2,80839583,"Midland Credit Management, Inc",2032SC000959,Small Claims,Disposed (Statistical Purposes),20200615,20201123
3,80839651,"Midland Credit Management, Inc",2134SC001368,Small Claims,Open,20211110,20211110
4,80839675,"Midland Credit Management, Inc",2134SC000508,Small Claims,Open,20210426,20210426
5,80841856,"Midland Credit Management, Inc",2098SC000335,Small Claims,Disposed (Statistical Purposes),20200826,20201218
6,80841868,"Midland Credit Management, Inc",2134SC000495,Small Claims,Open,20210426,20210426
7,80842394,"Midland Credit Management, Inc",2134SC000491,Small Claims,Open,20210426,20210426
8,80843654,"Midland Credit Management, Inc",2001SC000090,Small Claims,Disposed (Statistical Purposes),20200123,20201105
9,80844777,"Midland Credit Management, Inc",2134SC000489,Small Claims,Open,20210426,20210426
10,80844801,"Midland Credit Management, Inc",2054SC000671,Small Claims,Disposed (Statistical Purposes),20200925,20220106
11,80847669,"Midland Credit Management, Inc",2015SC000548,Small Claims,Disposed (Statistical Purposes),20200213,20211014
12,80847750,"Midland Credit Management, Inc",2134SC000507,Small Claims,Open,20210426,20210426
13,80847837,"Midland Credit Management, Inc",2164SC001330,Small Claims,Open,20211210,20211210
14,80849921,"Midland Credit Management, Inc",2164SC001329,Small Claims,Open,20211210,20211210
15,80850100,"Midland Credit Management, Inc",2134SC000490,Small Claims,Open,20210426,20210426
16,80850919,"Midland Credit Management, Inc",2134SC000494,Small Claims,Open,20210426,20210426
17,80851141,"Midland Credit Management, Inc",2164CV000373,Civil,Open,20211210,20211210
18,80854594,"Midland Credit Management, Inc",2134SC000506,Small Claims,Open,20210426,20210426
19,80855401,"Midland Credit Management, Inc",2134SC000510,Small Claims,Open,20210426,20210426
20,80857563,"Midland Credit Management, Inc",2134SC000493,Small Claims,Open,20210426,20210426
21,80859631,"Midland Credit Management, Inc",2134SC000509,Small Claims,Open,20210426,20210426
22,80860196,"Midland Credit Management, Inc",2134SC000498,Small Claims,Open,20210426,20210426
23,80860629,"Midland Credit Management, Inc",2134SC000492,Small Claims,Open,20210426,20210426
24,80866217,"Midland Credit Management, Inc",2032SC000981,Small Claims,Disposed (Statistical Purposes),20200617,20211006
25,80866582,"Midland Credit Management, Inc",2032SC000984,Small Claims,Disposed (Statistical Purposes),20200618,20211014
26,80867028,"Midland Credit Management, Inc",2015SC000546,Small Claims,Suspended Covid 19 extended,20200213,20200521
27,80867379,"Midland Credit Management, Inc",2115SC003079,Small Claims,Open,20211203,20211203
28,80867453,"Midland Credit Management, Inc",2032SC000985,Small Claims,Disposed (Statistical Purposes),20200618,20211014
29,80867512,"Midland Credit Management, Inc",2115SC003081,Small Claims,Open,20211203,20211203
30,80868375,"Midland Credit Management, Inc",2032SC000986,Small Claims,Disposed (Statistical Purposes),20200618,20210518
31,80870014,"Midland Credit Management, Inc",2032SC000987,Small Claims,Disposed (Statistical Purposes),20200618,20201119
32,80870709,"Midland Credit Management, Inc",2115SC003070,Small Claims,Open,20211203,20211203
33,80871555,"Midland Credit Management, Inc",2115SC003068,Small Claims,Open,20211203,20211203
34,80872994,"Midland Credit Management, Inc",2115SC003071,Small Claims,Open,20211203,20211203
35,80873319,"Midland Credit Management, Inc",2115SC003076,Small Claims,Open,20211203,20211203
36,80876381,"Midland Credit Management, Inc",2115SC003080,Small Claims,Open,20211203,20211203
37,80878587,"Midland Credit Management, Inc",2115SC003069,Small Claims,Open,20211203,20211203
38,80879011,"Midland Credit Management, Inc",2001SC000092,Small Claims,Disposed (Statistical Purposes),20200123,20201105
39,80879608,"Midland Credit Management, Inc",2154SC000210,Small Claims,Open,20210331,20210331
40,80880602,"Midland Credit Management, Inc",2264SC000023,Small Claims,Open,20220105,20220105
41,80881086,"Midland Credit Management, Inc",2154SC000217,Small Claims,Disposed (Statistical Purposes),20210331,20220121
42,80885199,"Midland Credit Management, Inc",2025SC000728,Small Claims,Disposed (Statistical Purposes),20201019,20210608
43,80887436,"Midland Credit Management, Inc",2054SC000681,Small Claims,Disposed (Statistical Purposes),20200929,20210503
44,80888092,"Midland Credit Management, Inc",2154SC000211,Small Claims,Disposed (Statistical Purposes),20210331,20210601
45,80889470,"Midland Credit Management, Inc",2047SC000324,Small Claims,Disposed (Statistical Purposes),20201209,20211221
46,80891236,"Midland Credit Management, Inc",2154SC000218,Small Claims,Disposed (Statistical Purposes),20210331,20220127
47,80892182,"Midland Credit Management, Inc",2134SC000514,Small Claims,Open,20210430,20210430
48,80893314,"Midland Credit Management, Inc",2154SC000209,Small Claims,Open,20210331,20210331
49,80896815,"Midland Credit Management, Inc",2134SC000513,Small Claims,Open,20210430,20210430
0,80903025,"Midland Credit Management, Inc",2132SC002734,Small Claims,Open,20211122,20211122
1,80908420,"Midland Credit Management, Inc",2115SC003096,Small Claims,Open,20211206,20211206
2,80910684,"Midland Credit Management, Inc",2132SC002727,Small Claims,Open,20211122,20211122
3,80911368,"Midland Credit Management, Inc",2164CV000374,Civil,Open,20211217,20211217
4,80916809,"Midland Credit Management, Inc",2225SC000028,Small Claims,Open,20220112,20220112
5,80920180,"Midland Credit Management, Inc",2015SC000558,Small Claims,Disposed (Statistical Purposes),20200214,20211014
6,80920201,"Midland Credit Management, Inc",2064SC000320,Small Claims,Disposed (Statistical Purposes),20200309,20211104
7,80920937,"Midland Credit Management, Inc",2015SC000560,Small Claims,Suspended Covid 19 extended,20200214,20200521
8,80931565,"Midland Credit Management, Inc",2154SC000111,Small Claims,Open,20210224,20210224
9,80933957,"Midland Credit Management, Inc",2154SC000712,Small Claims,Open,20211004,20211004
10,80934504,"Midland Credit Management, Inc",2054SC000785,Small Claims,Open,20201116,20201116
11,80937546,"Midland Credit Management, Inc",2025SC000589,Small Claims,Disposed (Statistical Purposes),20200825,20210427
12,80939919,"Midland Credit Management, Inc",2015SC000557,Small Claims,Disposed (Statistical Purposes),20200214,20211014
13,80949541,"Midland Credit Management, Inc",2025SC000738,Small Claims,Disposed (Statistical Purposes),20201026,20211109
14,80952228,"Midland Credit Management, Inc",2154SC000138,Small Claims,Disposed (Statistical Purposes),20210226,20211216
15,80952357,"Midland Credit Management, Inc",2064SC000845EF,Small Claims,Disposed (Statistical Purposes),20201214,20220125
16,80952734,"Midland Credit Management, Inc",2025SC000541,Small Claims,Disposed (Statistical Purposes),20200731,20210406
17,80962650,"Midland Credit Management, Inc",2064SC000321,Small Claims,Disposed (Statistical Purposes),20200309,20210301
18,80968161,"Midland Credit Management, Inc",2220SC000066,Small Claims,Open,20220207,20220207
19,80968969,"Midland Credit Management, Inc",2098SC000349,Small Claims,Disposed (Statistical Purposes),20200908,20210108
20,80969649,"Midland Credit Management, Inc",2064SC000930EF,Small Claims,Open,20201216,20201216
21,80970663,"Midland Credit Management, Inc",2154SC000152,Small Claims,Disposed (Statistical Purposes),20210301,20210907
22,80972768,"Midland Credit Management, Inc",2154SC000140,Small Claims,Disposed (Statistical Purposes),20210301,20211217
23,80973676,"Midland Credit Management, Inc",2025SC000597,Small Claims,Open,20200828,20200828
24,80974178,"Midland Credit Management, Inc",2298CV000001,Civil,Open,20220103,20220103
25,80974699,"Midland Credit Management, Inc",2154SC000153,Small Claims,Disposed (Statistical Purposes),20210301,20211216
26,80975743,"Midland Credit Management, Inc",2132SC002754,Small Claims,Open,20211206,20211206
27,80975765,"Midland Credit Management, Inc",2154SC000145,Small Claims,Open,20210301,20210301
28,80976403,"Midland Credit Management, Inc",2154SC000052,Small Claims,Disposed (Statistical Purposes),20210128,20211028
29,80977620,"Midland Credit Management, Inc",2069SC000278,Small Claims,Disposed (Statistical Purposes),20200605,20211207
30,80977979,"Midland Credit Management, Inc",2154SC000154,Small Claims,Disposed (Statistical Purposes),20210301,20211217
31,80981447,"Midland Credit Management, Inc",2025SC000599,Small Claims,Open,20200828,20200828
32,80982496,"Midland Credit Management, Inc",2025SC000598,Small Claims,Disposed (Statistical Purposes),20200828,20210406
33,80983359,"Midland Credit Management, Inc",2098SC000382,Small Claims,Disposed (Statistical Purposes),20200928,20210108
34,80984242,"Midland Credit Management, Inc",2025SC000600,Small Claims,Open,20200828,20200828
35,80985889,"Midland Credit Management, Inc",2154SC000051,Small Claims,Disposed (Statistical Purposes),20210128,20211028
36,80986434,"Midland Credit Management, Inc",2132CV000923,Civil,Open,20211206,20211206
37,80996405,"Midland Credit Management, Inc",2025SC000602,Small Claims,Disposed (Statistical Purposes),20200831,20210406
38,80998405,"Midland Credit Management, Inc",2154SC000265,Small Claims,Open,20210420,20210420
39,80998495,"Midland Credit Management, Inc",2098SC000376,Small Claims,Disposed (Statistical Purposes),20200929,20210105
40,81000010,"Midland Credit Management, Inc",2098SC000377,Small Claims,Disposed (Statistical Purposes),20200929,20210225
41,81000573,"Midland Credit Management, Inc",2134SC000553,Small Claims,Open,20210510,20210510
42,81001773,"Midland Credit Management, Inc",2098SC000375,Small Claims,Disposed (Statistical Purposes),20200929,20210108
43,81008046,"Midland Credit Management, Inc",2134SC000550,Small Claims,Open,20210510,20210510
44,81015798,"Midland Credit Management, Inc",2069SC000502,Small Claims,Open,20201021,20201021
45,81018447,"Midland Credit Management, Inc",2069SC000506,Small Claims,Disposed (Statistical Purposes),20201022,20211126
46,81019597,"Midland Credit Management, Inc",2069SC000503,Small Claims,Open,20201021,20201021
47,81019918,"Midland Credit Management, Inc",2154CV000549,Civil,Disposed (Statistical Purposes),20211014,20220118
48,81020735,"Midland Credit Management, Inc",2014SC000974,Small Claims,Open,20201118,20201118
49,81025366,"Midland Credit Management, Inc",2032SC001024,Small Claims,Disposed (Statistical Purposes),20200626,20201119
0,81025501,"Midland Credit Management, Inc",2098SC000154,Small Claims,Closed,20200306,20200520
1,81026003,"Midland Credit Management, Inc",2014SC000984,Small Claims,Open,20201118,20201118
2,81027593,"Midland Credit Management, Inc",2032SC001023,Small Claims,Disposed (Statistical Purposes),20200626,20211214
3,81027948,"Midland Credit Management, Inc",2014SC000987,Small Claims,Disposed (Statistical Purposes),20201118,20201229
4,81028725,"Midland Credit Management, Inc",2025SC000621,Small Claims,Covid 19 XXX Notice Issued,20200904,20201005
5,81029411,"Midland Credit Management, Inc",2154SC000159,Small Claims,Disposed (Statistical Purposes),20210304,20211216
6,81031897,"Midland Credit Management, Inc",2014SC000989,Small Claims,Open,20201118,20201118
7,81031921,"Midland Credit Management, Inc",2154SC000158,Small Claims,Disposed (Statistical Purposes),20210304,20211216
8,81033642,"Midland Credit Management, Inc",2132CV000897,Civil,Open,20211208,20211208
9,81034642,"Midland Credit Management, Inc",2014SC000990,Small Claims,Open,20201118,20201118
10,81034821,"Midland Credit Management, Inc",2132SC002771,Small Claims,Open,20211208,20211208
11,81035945,"Midland Credit Management, Inc",2032SC001019,Small Claims,Disposed (Statistical Purposes),20200626,20210518
12,81037700,"Midland Credit Management, Inc",2154CV000548,Civil,Open,20211015,20211015
13,81038071,"Midland Credit Management, Inc",2154SC000156,Small Claims,Open,20210304,20210304
14,81039145,"Midland Credit Management, Inc",2032SC001028,Small Claims,Disposed (Statistical Purposes),20200626,20211112
15,81039194,"Midland Credit Management, Inc",2069SC000515,Small Claims,Disposed (Statistical Purposes),20201026,20211123
16,81039896,"Midland Credit Management, Inc",2025SC000866,Small Claims,Disposed (Statistical Purposes),20201210,20220118
17,81040321,"Midland Credit Management, Inc",2069SC000516,Small Claims,Disposed (Statistical Purposes),20201026,20211116
18,81040656,"Midland Credit Management, Inc",2054SC000811,Small Claims,Open,20201123,20201123
19,81041352,"Midland Credit Management, Inc",2025SC000620,Small Claims,Disposed (Statistical Purposes),20200904,20201022
20,81043985,"Midland Credit Management, Inc",2032SC001020,Small Claims,Disposed (Statistical Purposes),20200626,20200810
21,81044296,"Midland Credit Management, Inc",2134SC000586,Small Claims,Open,20210514,20210514
22,81045132,"Midland Credit Management, Inc",2014SC000983,Small Claims,Open,20201118,20201118
23,81045282,"Midland Credit Management, Inc",2154SC000157,Small Claims,Disposed (Statistical Purposes),20210304,20211216
24,81045911,"Midland Credit Management, Inc",2069SC000551,Small Claims,Disposed (Statistical Purposes),20201118,20211102
25,81046986,"Midland Credit Management, Inc",2069SC000235,Small Claims,Disposed (Statistical Purposes),20200320,20210615
26,81047239,"Midland Credit Management, Inc",2134SC000587,Small Claims,Open,20210514,20210514
27,81047658,"Midland Credit Management, Inc",2132SC002767,Small Claims,Open,20211208,20211208
28,81048466,"Midland Credit Management, Inc",2132SC002763,Small Claims,Open,20211208,20211208
29,81051018,"Midland Credit Management, Inc",2035SC000054,Small Claims,Closed,20200226,20200917
30,81056699,"Midland Credit Management, Inc",2264CV000034,Civil,Open,20220202,20220202
31,81061326,"Midland Credit Management, Inc",2098SC000171,Small Claims,Disposed (Statistical Purposes),20200310,20210423
32,81062179,"Midland Credit Management, Inc",2025SC000563,Small Claims,Disposed (Statistical Purposes),20200812,20210413
33,81062355,"Midland Credit Management, Inc",2025SC000624,Small Claims,Covid 19 XXX Notice Issued,20200908,20201005
34,81062516,"Midland Credit Management, Inc",2054SC000738,Small Claims,Open,20201026,20201026
35,81063847,"Midland Credit Management, Inc",2035SC000101,Small Claims,Closed,20200903,20210915
36,81064014,"Midland Credit Management, Inc",2025SC000626,Small Claims,Disposed (Statistical Purposes),20200908,20210504
37,81064197,"Midland Credit Management, Inc",2054SC000735,Small Claims,Open,20201026,20201026
38,81064355,"Midland Credit Management, Inc",2154SC000064,Small Claims,Disposed (Statistical Purposes),20210201,20211014
39,81068828,"Midland Credit Management, Inc",2032SC001027,Small Claims,Disposed (Statistical Purposes),20200626,20210406
40,81069083,"Midland Credit Management, Inc",2154SC000063,Small Claims,Disposed (Statistical Purposes),20210201,20210319
41,81074751,"Midland Credit Management, Inc",2069SC000565,Small Claims,Open,20201123,20201123
42,81078233,"Midland Credit Management, Inc",2069SC000564,Small Claims,Disposed (Statistical Purposes),20201123,20211101
43,81078966,"Midland Credit Management, Inc",2098SC000172,Small Claims,Disposed (Statistical Purposes),20200312,20201211
44,81084150,"Midland Credit Management, Inc",2069SC000307,Small Claims,Disposed (Statistical Purposes),20200626,20210923
45,81085458,"Midland Credit Management, Inc",2264CV000046,Civil,Open,20220207,20220207
46,81086511,"Midland Credit Management, Inc",2032SC001031,Small Claims,Disposed (Statistical Purposes),20200626,20211112
47,81089887,"Midland Credit Management, Inc",2169SC000566,Small Claims,Open,20210817,20210817
48,81090705,"Midland Credit Management, Inc",2264CV000042,Civil,Open,20220207,20220207
49,81093249,"Midland Credit Management, Inc",2154SC000799,Small Claims,Open,20211022,20211022
0,81095580,"Midland Credit Management, Inc",2032SC000898,Small Claims,Disposed (Statistical Purposes),20200601,20210930
1,81096420,"Midland Credit Management, Inc",2032SC000899,Small Claims,Disposed (Statistical Purposes),20200601,20210930
2,81097313,"Midland Credit Management, Inc",2032SC000903,Small Claims,Disposed (Statistical Purposes),20200601,20210930
3,81097475,"Midland Credit Management, Inc",2020SC000531,Small Claims,Open,20200828,20200828
4,81098045,"Midland Credit Management, Inc",2054SC000741,Small Claims,Open,20201029,20201029
5,81098714,"Midland Credit Management, Inc",2054SC000745,Small Claims,Open,20201030,20201030
6,81099189,"Midland Credit Management, Inc",2032SC001018,Small Claims,Disposed (Statistical Purposes),20200626,20210111
7,81100191,"Midland Credit Management, Inc",2154SC000297,Small Claims,Open,20210430,20210430
8,81100972,"Midland Credit Management, Inc",2069SC000531,Small Claims,Disposed (Statistical Purposes),20201102,20211102
9,81101989,"Midland Credit Management, Inc",2016SC000490,Small Claims,Disposed (Statistical Purposes),20201021,20210503
10,81102865,"Midland Credit Management, Inc",2069SC000412,Small Claims,Disposed (Statistical Purposes),20200824,20211019
11,81104049,"Midland Credit Management, Inc",2098SC000393,Small Claims,Disposed (Statistical Purposes),20201016,20210423
12,81104285,"Midland Credit Management, Inc",2032SC000904,Small Claims,Disposed (Statistical Purposes),20200601,20210930
13,81104646,"Midland Credit Management, Inc",2069SC000529,Small Claims,Disposed (Statistical Purposes),20201102,20211123
14,81106067,"Midland Credit Management, Inc",2032SC000900,Small Claims,Disposed (Statistical Purposes),20200601,20210930
15,81107769,"Midland Credit Management, Inc",2098SC000452,Small Claims,Disposed (Statistical Purposes),20201123,20210223
16,81109716,"Midland Credit Management, Inc",2154SC000098,Small Claims,Open,20210205,20210205
17,81110848,"Midland Credit Management, Inc",2016SC000495,Small Claims,Disposed (Statistical Purposes),20201026,20210222
18,81111026,"Midland Credit Management, Inc",2032SC000905,Small Claims,Disposed (Statistical Purposes),20200601,20211001
19,81111799,"Midland Credit Management, Inc",2154SC000074,Small Claims,Disposed (Statistical Purposes),20210205,20211122
20,81112493,"Midland Credit Management, Inc",2069SC000411,Small Claims,Disposed (Statistical Purposes),20200824,20211019
21,81113041,"Midland Credit Management, Inc",2154SC000097,Small Claims,Disposed (Statistical Purposes),20210205,20211123
22,81113744,"Midland Credit Management, Inc",2154SC000075,Small Claims,Disposed (Statistical Purposes),20210205,20211123
23,81115005,"Midland Credit Management, Inc",2032SC000897,Small Claims,Disposed (Statistical Purposes),20200601,20201009
24,81115048,"Midland Credit Management, Inc",2016SC000496,Small Claims,Disposed (Statistical Purposes),20201026,20211014
25,81116571,"Midland Credit Management, Inc",2069SC000415,Small Claims,Open,20200824,20200824
26,81118306,"Midland Credit Management, Inc",2069SC000413,Small Claims,Disposed (Statistical Purposes),20200824,20211019
27,81119714,"Midland Credit Management, Inc",2018SC001006,Small Claims,Disposed (Statistical Purposes),20200626,20210830
28,81121041,"Midland Credit Management, Inc",2018SC000988,Small Claims,Disposed (Statistical Purposes),20200626,20210830
29,81124426,"Midland Credit Management, Inc",2069SC000162,Small Claims,Disposed (Statistical Purposes),20200130,20210311
30,81124488,"Midland Credit Management, Inc",2232CV000031,Civil,Open,20220110,20220110
31,81127697,"Midland Credit Management, Inc",2132CV000661,Civil,Disposed (Statistical Purposes),20210920,20211124
32,81134750,"Midland Credit Management, Inc",2069SC000578,Small Claims,Disposed (Statistical Purposes),20201203,20211018
33,81135147,"Midland Credit Management, Inc",2069SC000161,Small Claims,Disposed (Statistical Purposes),20200130,20210914
34,81135435,"Midland Credit Management, Inc",2025SC000148,Small Claims,Disposed (Statistical Purposes),20200206,20201215
35,81135658,"Midland Credit Management, Inc",2132CV000944,Civil,Open,20211216,20211216
36,81136221,"Midland Credit Management, Inc",2154SC000819,Small Claims,Open,20211025,20211025
37,81137145,"Midland Credit Management, Inc",2154SC000099,Small Claims,Disposed (Statistical Purposes),20210208,20211118
38,81137902,"Midland Credit Management, Inc",2089SC000586,Small Claims,Disposed (Statistical Purposes),20201209,20211124
39,81138140,"Midland Credit Management, Inc",2098SC000362,Small Claims,Disposed (Statistical Purposes),20200922,20201109
40,81139727,"Midland Credit Management, Inc",2069SC000424,Small Claims,Disposed (Statistical Purposes),20200828,20211028
41,81140063,"Midland Credit Management, Inc",2154SC000821,Small Claims,Open,20211025,20211025
42,81141912,"Midland Credit Management, Inc",2039SC000164,Small Claims,Disposed (Statistical Purposes),20200608,20210128
43,81142061,"Midland Credit Management, Inc",2098SC000359,Small Claims,Disposed (Statistical Purposes),20200922,20210715
44,81142412,"Midland Credit Management, Inc",2039SC000166,Small Claims,Disposed (Statistical Purposes),20200608,20210310
45,81143700,"Midland Credit Management, Inc",2039SC000165,Small Claims,Disposed (Statistical Purposes),20200608,20200826
46,81144219,"Midland Credit Management, Inc",2069SC000421,Small Claims,Disposed (Statistical Purposes),20200828,20211019
47,81144924,"Midland Credit Management, Inc",2069SC000420,Small Claims,Disposed (Statistical Purposes),20200828,20220127
48,81145006,"Midland Credit Management, Inc",2118SC002426,Small Claims,Open,20211124,20211124
49,81145169,"Midland Credit Management, Inc",2014SC001011,Small Claims,Open,20201201,20201201
0,81145184,"Midland Credit Management, Inc",2154SC000800,Small Claims,Open,20211025,20211025
1,81145854,"Midland Credit Management, Inc",2263CV000005,Civil,Open,20220110,20220110
2,81146828,"Midland Credit Management, Inc",2154SC000110,Small Claims,Disposed (Statistical Purposes),20210210,20211203
3,81146873,"Midland Credit Management, Inc",2118SC002425,Small Claims,Open,20211124,20211124
4,81147347,"Midland Credit Management, Inc",2154SC000820,Small Claims,Open,20211025,20211025
5,81147650,"Midland Credit Management, Inc",2154SC000102,Small Claims,Disposed (Statistical Purposes),20210210,20211202
6,81147890,"Midland Credit Management, Inc",2014SC001013,Small Claims,Disposed (Statistical Purposes),20201201,20211013
7,81149327,"Midland Credit Management, Inc",2016SC000515,Small Claims,Disposed (Statistical Purposes),20201030,20210503
8,81149873,"Midland Credit Management, Inc",2098SC000411,Small Claims,Disposed (Statistical Purposes),20201023,20210423
9,81149913,"Midland Credit Management, Inc",2154SC000104,Small Claims,Disposed (Statistical Purposes),20210210,20210412
10,81150327,"Midland Credit Management, Inc",2016SC000516,Small Claims,Disposed (Statistical Purposes),20201030,20210329
11,81150708,"Midland Credit Management, Inc",2035SC000080,Small Claims,Disposed (Statistical Purposes),20200611,20201202
12,81151522,"Midland Credit Management, Inc",2089SC000588,Small Claims,Disposed (Statistical Purposes),20201210,20210623
13,81151572,"Midland Credit Management, Inc",2154SC000818,Small Claims,Open,20211025,20211025
14,81151952,"Midland Credit Management, Inc",2154SC000109,Small Claims,Disposed (Statistical Purposes),20210210,20211202
15,81152084,"Midland Credit Management, Inc",2149SC000408,Small Claims,Disposed (Statistical Purposes),20210513,20210826
16,81157625,"Midland Credit Management, Inc",2232CV000028,Civil,Open,20220110,20220110
17,81158640,"Midland Credit Management, Inc",2014SC001012,Small Claims,Open,20201201,20201201
18,81159773,"Midland Credit Management, Inc",2154SC000103,Small Claims,Disposed (Statistical Purposes),20210210,20211203
19,81159807,"Midland Credit Management, Inc",2118SC002441,Small Claims,Open,20211126,20211126
20,81161483,"Midland Credit Management, Inc",2139CV000118,Civil,Open,20210920,20210920
21,81162676,"Midland Credit Management, Inc",2154SC000101,Small Claims,Open,20210210,20210210
22,81162918,"Midland Credit Management, Inc",2154SC000100,Small Claims,Disposed (Statistical Purposes),20210210,20211123
23,81166803,"Midland Credit Management, Inc",2105SC000109,Small Claims,Disposed (Statistical Purposes),20210302,20211105
24,81166944,"Midland Credit Management, Inc",2118SC002442,Small Claims,Open,20211126,20211126
25,81167782,"Midland Credit Management, Inc",2118SC002447,Small Claims,Open,20211126,20211126
26,81169313,"Midland Credit Management, Inc",2298CV000020,Civil,Open,20220125,20220125
27,81169571,"Midland Credit Management, Inc",2105SC000105,Small Claims,Disposed (Statistical Purposes),20210302,20220111
28,81170903,"Midland Credit Management, Inc",2118SC002440,Small Claims,Open,20211126,20211126
29,81171457,"Midland Credit Management, Inc",2118SC002444,Small Claims,Open,20211126,20211126
30,81171515,"Midland Credit Management, Inc",2005SC000438,Small Claims,Disposed (Statistical Purposes),20201020,20210421
31,81171687,"Midland Credit Management, Inc",2016SC000523,Small Claims,Disposed (Statistical Purposes),20201103,20210329
32,81171784,"Midland Credit Management, Inc",2118SC002446,Small Claims,Open,20211126,20211126
33,81171915,"Midland Credit Management, Inc",2118SC002445,Small Claims,Open,20211126,20211126
34,81173201,"Midland Credit Management, Inc",2016SC000524,Small Claims,Disposed (Statistical Purposes),20201103,20210301
35,81173605,"Midland Credit Management, Inc",2016SC000519,Small Claims,Disposed (Statistical Purposes),20201102,20210222
36,81174383,"Midland Credit Management, Inc",2154SC000112,Small Claims,Disposed (Statistical Purposes),20210212,20211203
37,81176388,"Midland Credit Management, Inc",2132SC002338,Small Claims,Open,20210927,20210927
38,81178378,"Midland Credit Management, Inc",2132SC002830,Small Claims,Open,20211220,20211220
39,81178807,"Midland Credit Management, Inc",2164CV000291,Civil,Open,20210921,20210921
40,81179515,"Midland Credit Management, Inc",2069SC000432,Small Claims,Open,20200904,20200904
41,81180160,"Midland Credit Management, Inc",2069SC000434,Small Claims,Disposed (Statistical Purposes),20200904,20211027
42,81180642,"Midland Credit Management, Inc",2154SC000811,Small Claims,Open,20211028,20211028
43,81183194,"Midland Credit Management, Inc",2098SC000414,Small Claims,Open,20201026,20201026
44,81184615,"Midland Credit Management, Inc",2069SC000593,Small Claims,Disposed (Statistical Purposes),20201210,20211216
45,81187336,"Midland Credit Management, Inc",2132SC002339,Small Claims,Open,20210927,20210927
46,81189477,"Midland Credit Management, Inc",2069SC000180,Small Claims,Disposed (Statistical Purposes),20200207,20210325
47,81191716,"Midland Credit Management, Inc",2069SC000178,Small Claims,Disposed (Statistical Purposes),20200207,20210413
48,81192152,"Midland Credit Management, Inc",2069SC000182,Small Claims,Disposed (Statistical Purposes),20200207,20210413
49,81192486,"Midland Credit Management, Inc",2018SC001051,Small Claims,Disposed (Statistical Purposes),20200706,20210830
0,81193110,"Midland Credit Management, Inc",2064SC000694,Small Claims,Open,20200922,20200922
1,81193173,"Midland Credit Management, Inc",2069SC000172,Small Claims,Disposed (Statistical Purposes),20200206,20210319
2,81193459,"Midland Credit Management, Inc",2017SC000380,Small Claims,Disposed (Statistical Purposes),20200908,20211130
3,81193659,"Midland Credit Management, Inc",2017SC000377,Small Claims,Open,20200908,20200908
4,81193824,"Midland Credit Management, Inc",2101SC000145,Small Claims,Closed,20210204,20210716
5,81194292,"Midland Credit Management, Inc",2017SC000379,Small Claims,Disposed (Statistical Purposes),20200908,20211130
6,81194880,"Midland Credit Management, Inc",2017SC000378,Small Claims,Open,20200908,20200908
7,81195520,"Midland Credit Management, Inc",2017SC000381,Small Claims,Disposed (Statistical Purposes),20200908,20211130
8,81196717,"Midland Credit Management, Inc",2098SC000229,Small Claims,Disposed (Statistical Purposes),20200604,20210205
9,81197116,"Midland Credit Management, Inc",2064SC000701,Small Claims,Disposed (Statistical Purposes),20200921,20211221
10,81197211,"Midland Credit Management, Inc",2098SC000233,Small Claims,Disposed (Statistical Purposes),20200604,20200817
11,81197397,"Midland Credit Management, Inc",2064SC000696,Small Claims,Disposed (Statistical Purposes),20200922,20211116
12,81197460,"Midland Credit Management, Inc",2139SC000326,Small Claims,Disposed (Statistical Purposes),20210927,20211028
13,81200459,"Midland Credit Management, Inc",2098SC000230,Small Claims,Disposed (Statistical Purposes),20200604,20201120
14,81202613,"Midland Credit Management, Inc",2098SC000415,Small Claims,Disposed (Statistical Purposes),20201028,20210423
15,81203059,"Midland Credit Management, Inc",2064SC000871,Small Claims,Disposed (Statistical Purposes),20201116,20220126
16,81205202,"Midland Credit Management, Inc",2098SC000234,Small Claims,Disposed (Statistical Purposes),20200604,20200921
17,81213466,"Midland Credit Management, Inc",2034SC000697,Small Claims,Open,20200828,20200828
18,81218928,"Midland Credit Management, Inc",2132SC002353,Small Claims,Open,20210929,20210929
19,81220495,"Midland Credit Management, Inc",2132SC002354,Small Claims,Open,20210929,20210929
20,81221593,"Midland Credit Management, Inc",2098SC000323,Small Claims,Disposed (Statistical Purposes),20200820,20201218
21,81221821,"Midland Credit Management, Inc",2118SC002455,Small Claims,Open,20211206,20211206
22,81222421,"Midland Credit Management, Inc",2098SC000416,Small Claims,Disposed (Statistical Purposes),20201029,20210318
23,81225970,"Midland Credit Management, Inc",2132SC002347,Small Claims,Open,20210929,20210929
24,81227269,"Midland Credit Management, Inc",2132SC002349,Small Claims,Open,20210929,20210929
25,81228398,"Midland Credit Management, Inc",2298CV000028,Civil,Open,20220207,20220207
26,81229110,"Midland Credit Management, Inc",2098SC000237,Small Claims,Disposed (Statistical Purposes),20200608,20201002
27,81230810,"Midland Credit Management, Inc",2035SC000086,Small Claims,Disposed (Statistical Purposes),20200629,20201202
28,81230826,"Midland Credit Management, Inc",2034SC000698,Small Claims,Disposed (Statistical Purposes),20200831,20210924
29,81231331,"Midland Credit Management, Inc",2098SC000238,Small Claims,Open,20200608,20200608
30,81233709,"Midland Credit Management, Inc",2069SC000447,Small Claims,Disposed (Statistical Purposes),20200914,20211026
31,81234499,"Midland Credit Management, Inc",2014SC001031,Small Claims,Open,20201204,20201204
32,81236151,"Midland Credit Management, Inc",2064SC000851,Small Claims,Disposed (Statistical Purposes),20201030,20211101
33,81237240,"Midland Credit Management, Inc",2069SC000450,Small Claims,Disposed (Statistical Purposes),20200914,20211025
34,81238008,"Midland Credit Management, Inc",2118SC002535,Small Claims,Open,20211209,20211209
35,81239310,"Midland Credit Management, Inc",2064SC000852,Small Claims,Disposed (Statistical Purposes),20201030,20220127
36,81240680,"Midland Credit Management, Inc",2118SC002545,Small Claims,Open,20211209,20211209
37,81240698,"Midland Credit Management, Inc",2098SC000427,Small Claims,Disposed (Statistical Purposes),20201103,20210305
38,81241265,"Midland Credit Management, Inc",2064SC000846,Small Claims,Open,20201028,20201028
39,81242042,"Midland Credit Management, Inc",2098SC000426,Small Claims,Disposed (Statistical Purposes),20201102,20210428
40,81242114,"Midland Credit Management, Inc",2064SC000849,Small Claims,Open,20201030,20201030
41,81242536,"Midland Credit Management, Inc",2135SC000126,Small Claims,Open,20211117,20211117
42,81242998,"Midland Credit Management, Inc",2118SC002534,Small Claims,Open,20211209,20211209
43,81245467,"Midland Credit Management, Inc",2164SC000377,Small Claims,Open,20210420,20210420
44,81247375,"Midland Credit Management, Inc",2034SC000364,Small Claims,Disposed (Statistical Purposes),20200309,20211203
45,81247613,"Midland Credit Management, Inc",2118SC002533,Small Claims,Open,20211209,20211209
46,81248000,"Midland Credit Management, Inc",2198SC000751,Small Claims,Open,20211210,20211210
47,81248367,"Midland Credit Management, Inc",2064SC000893,Small Claims,Disposed (Statistical Purposes),20201123,20220201
48,81248445,"Midland Credit Management, Inc",2064SC000848,Small Claims,Open,20201030,20201030
49,81250750,"Midland Credit Management, Inc",2135SC000133,Small Claims,Open,20211119,20211119
0,81250838,"Midland Credit Management, Inc",2064SC000890,Small Claims,Disposed (Statistical Purposes),20201123,20220124
1,81252903,"Midland Credit Management, Inc",2132CV000706,Civil,Open,20211004,20211004
2,81253490,"Midland Credit Management, Inc",2064SC000850,Small Claims,Disposed (Statistical Purposes),20201030,20220125
3,81253680,"Midland Credit Management, Inc",2064SC000847,Small Claims,Disposed (Statistical Purposes),20201030,20220125
4,81253923,"Midland Credit Management, Inc",2164SC000378,Small Claims,Open,20210420,20210420
5,81254935,"Midland Credit Management, Inc",2132CV000702,Civil,Open,20211004,20211004
6,81255128,"Midland Credit Management, Inc",2064SC000889,Small Claims,Disposed (Statistical Purposes),20201123,20211214
7,81256958,"Midland Credit Management, Inc",2132SC002369,Small Claims,Open,20211004,20211004
8,81257387,"Midland Credit Management, Inc",2132CV000704,Civil,Open,20211004,20211004
9,81257456,"Midland Credit Management, Inc",2064SC000892,Small Claims,Open,20201123,20201123
10,81258281,"Midland Credit Management, Inc",2132SC002370,Small Claims,Open,20211004,20211004
11,81258348,"Midland Credit Management, Inc",2169SC000036,Small Claims,Disposed (Statistical Purposes),20210128,20220121
12,81258623,"Midland Credit Management, Inc",2064SC000891,Small Claims,Disposed (Statistical Purposes),20201123,20220201
13,81265451,"Midland Credit Management, Inc",2089SC000696,Small Claims,Disposed (Statistical Purposes),20201228,20210624
14,81266962,"Midland Credit Management, Inc",2169SC000033,Small Claims,Disposed (Statistical Purposes),20210128,20211207
15,81267945,"Midland Credit Management, Inc",2098SC000245,Small Claims,Open,20200615,20200615
16,81270649,"Midland Credit Management, Inc",2135SC000140,Small Claims,Open,20211208,20211208
17,81271377,"Midland Credit Management, Inc",2135SC000141,Small Claims,Open,20211208,20211208
18,81271437,"Midland Credit Management, Inc",2098SC000486EF,Small Claims,Open,20201215,20201215
19,81272456,"Midland Credit Management, Inc",2135SC000139,Small Claims,Open,20211208,20211208
20,81273304,"Midland Credit Management, Inc",2154SC000703,Small Claims,Open,20210929,20210929
21,81273837,"Midland Credit Management, Inc",2034SC000726,Small Claims,Disposed (Statistical Purposes),20200904,20210924
22,81279423,"Midland Credit Management, Inc",2034SC000351,Small Claims,Disposed (Statistical Purposes),20200309,20210901
23,81280138,"Midland Credit Management, Inc",2032SC001358,Small Claims,Covid 19 XXX Notice Issued,20200824,20201228
24,81280274,"Midland Credit Management, Inc",2034SC000709,Small Claims,Disposed (Statistical Purposes),20200904,20210924
25,81280377,"Midland Credit Management, Inc",2038SC000851,Small Claims,Disposed (Statistical Purposes),20201120,20211210
26,81282528,"Midland Credit Management, Inc",2164SC001132,Small Claims,Open,20211029,20211029
27,81285996,"Midland Credit Management, Inc",2164CV000334,Civil,Open,20211029,20211029
28,81286131,"Midland Credit Management, Inc",2034SC000363,Small Claims,Disposed (Statistical Purposes),20200309,20211203
29,81286281,"Midland Credit Management, Inc",2069SC000463,Small Claims,Disposed (Statistical Purposes),20200921,20211126
30,81288830,"Midland Credit Management, Inc",2069SC000467,Small Claims,Disposed (Statistical Purposes),20200922,20211126
31,81288872,"Midland Credit Management, Inc",2032SC001356,Small Claims,Covid 19 XXX Notice Issued,20200824,20201228
32,81289489,"Midland Credit Management, Inc",2034SC000362,Small Claims,Disposed (Statistical Purposes),20200309,20211201
33,81289910,"Midland Credit Management, Inc",2164SC001134,Small Claims,Open,20211029,20211029
34,81290106,"Midland Credit Management, Inc",2032SC001348,Small Claims,Covid 19 XXX Notice Issued,20200824,20201228
35,81290784,"Midland Credit Management, Inc",2034SC000365,Small Claims,Disposed (Statistical Purposes),20200309,20211203
36,81291222,"Midland Credit Management, Inc",2139SC000069,Small Claims,Disposed (Statistical Purposes),20210224,20210520
37,81292022,"Midland Credit Management, Inc",2034SC000350,Small Claims,Disposed (Statistical Purposes),20200309,20210901
38,81292223,"Midland Credit Management, Inc",2064SC000838EF,Small Claims,Disposed (Statistical Purposes),20201209,20220118
39,81293268,"Midland Credit Management, Inc",2032SC001363,Small Claims,Covid 19 XXX Notice Issued,20200824,20201228
40,81293472,"Midland Credit Management, Inc",2064SC000841EF,Small Claims,Disposed (Statistical Purposes),20201210,20220125
41,81294569,"Midland Credit Management, Inc",2132CV000980,Civil,Open,20211227,20211227
42,81295880,"Midland Credit Management, Inc",2164SC001142,Small Claims,Open,20211029,20211029
43,81297542,"Midland Credit Management, Inc",2164SC001133,Small Claims,Open,20211029,20211029
44,81299288,"Midland Credit Management, Inc",2032SC001355,Small Claims,Covid 19 XXX Notice Issued,20200824,20201228
45,81299839,"Midland Credit Management, Inc",2164SC000381,Small Claims,Open,20210421,20210421
46,81300953,"Midland Credit Management, Inc",2164SC000383,Small Claims,Open,20210421,20210421
47,81302386,"Midland Credit Management, Inc",2032SC001360,Small Claims,Covid 19 XXX Notice Issued,20200824,20201228
48,81303100,"Midland Credit Management, Inc",2069SC000227,Small Claims,Disposed (Statistical Purposes),20200309,20210628
49,81304511,"Midland Credit Management, Inc",2139SC000075,Small Claims,Disposed (Statistical Purposes),20210226,20210513
0,81305531,"Midland Credit Management, Inc",2032SC001357,Small Claims,Covid 19 XXX Notice Issued,20200824,20201228
1,81307732,"Midland Credit Management, Inc",2069SC000612,Small Claims,Disposed (Statistical Purposes),20201228,20211209
2,81307766,"Midland Credit Management, Inc",2032SC001361,Small Claims,Covid 19 XXX Notice Issued,20200824,20201228
3,81308479,"Midland Credit Management, Inc",2164SC000385,Small Claims,Open,20210421,20210421
4,81308391,"Midland Credit Management, Inc",2069SC000609,Small Claims,Disposed (Statistical Purposes),20201228,20211130
5,81308408,"Midland Credit Management, Inc",2069SC000609,Small Claims,Disposed (Statistical Purposes),20201228,20211130
6,81309326,"Midland Credit Management, Inc",2164SC000382,Small Claims,Open,20210421,20210421
7,81310756,"Midland Credit Management, Inc",2164SC000384,Small Claims,Open,20210421,20210421
8,81311096,"Midland Credit Management, Inc",2061SC000475,Small Claims,Disposed (Statistical Purposes),20200609,20210112
9,81312085,"Midland Credit Management, Inc",2032SC001359,Small Claims,Disposed (Statistical Purposes),20200824,20201102
10,81313024,"Midland Credit Management, Inc",2164SC000386,Small Claims,Open,20210421,20210421
11,81313840,"Midland Credit Management, Inc",2169SC000040,Small Claims,Disposed (Statistical Purposes),20210129,20211201
12,81313849,"Midland Credit Management, Inc",2139SC000076,Small Claims,Disposed (Statistical Purposes),20210301,20210512
13,81314500,"Midland Credit Management, Inc",2139SC000077,Small Claims,Open,20210301,20210301
14,81314971,"Midland Credit Management, Inc",2168SC000165,Small Claims,Disposed (Statistical Purposes),20210511,20211101
15,81315803,"Midland Credit Management, Inc",2069SC000476,Small Claims,Disposed (Statistical Purposes),20200928,20211109
16,81316011,"Midland Credit Management, Inc",2069SC000475EF,Small Claims,Disposed (Statistical Purposes),20200928,20211126
17,81316481,"Midland Credit Management, Inc",2139SC000081,Small Claims,Disposed (Statistical Purposes),20210301,20210513
18,81316628,"Midland Credit Management, Inc",2132SC000221,Small Claims,Disposed (Statistical Purposes),20210208,20211020
19,81317766,"Midland Credit Management, Inc",2169SC000039,Small Claims,Open,20210129,20210129
20,81319393,"Midland Credit Management, Inc",2139SC000080,Small Claims,Disposed (Statistical Purposes),20210301,20210513
21,81319646,"Midland Credit Management, Inc",2139SC000082,Small Claims,Disposed (Statistical Purposes),20210301,20210513
22,81320382,"Midland Credit Management, Inc",2132CV000990,Civil,Open,20211229,20211229
23,81322072,"Midland Credit Management, Inc",2139SC000084,Small Claims,Disposed (Statistical Purposes),20210301,20211202
24,81322993,"Midland Credit Management, Inc",2132CV000988,Civil,Open,20211229,20211229
25,81324233,"Midland Credit Management, Inc",2139SC000404,Small Claims,Open,20211118,20211118
26,81326316,"Midland Credit Management, Inc",2132CV000985,Civil,Open,20211229,20211229
27,81328266,"Midland Credit Management, Inc",2132CV000989,Civil,Open,20211229,20211229
28,81328523,"Midland Credit Management, Inc",2014SC001054,Small Claims,Open,20201209,20201209
29,81329051,"Midland Credit Management, Inc",2014SC001057,Small Claims,Disposed (Statistical Purposes),20201209,20211209
30,81332725,"Midland Credit Management, Inc",2139SC000369,Small Claims,Disposed (Statistical Purposes),20211022,20211209
31,81333861,"Midland Credit Management, Inc",2054SC000891,Small Claims,Disposed (Statistical Purposes),20201228,20210930
32,81336982,"Midland Credit Management, Inc",2164CV000316,Civil,Open,20211008,20211008
33,81337248,"Midland Credit Management, Inc",2098SC000263,Small Claims,Disposed (Statistical Purposes),20200629,20200707
34,81337649,"Midland Credit Management, Inc",2098SC000264,Small Claims,Disposed (Statistical Purposes),20200629,20200914
35,81337785,"Midland Credit Management, Inc",2016SC000442,Small Claims,Disposed (Statistical Purposes),20200917,20210125
36,81337883,"Midland Credit Management, Inc",2098SC000261,Small Claims,Disposed (Statistical Purposes),20200629,20200824
37,81339131,"Midland Credit Management, Inc",2138SC000088,Small Claims,Disposed (Statistical Purposes),20210129,20220111
38,81339827,"Midland Credit Management, Inc",2164SC000395,Small Claims,Open,20210426,20210426
39,81340275,"Midland Credit Management, Inc",2164CV000315,Civil,Open,20211008,20211008
40,81340988,"Midland Credit Management, Inc",2016SC000443,Small Claims,Disposed (Statistical Purposes),20200917,20210125
41,81341613,"Midland Credit Management, Inc",2138SC000089,Small Claims,Open,20210129,20210129
42,81341814,"Midland Credit Management, Inc",2138SC000087,Small Claims,Disposed (Statistical Purposes),20210129,20220103
43,81342865,"Midland Credit Management, Inc",2164SC000393,Small Claims,Open,20210426,20210426
44,81342999,"Midland Credit Management, Inc",2138SC000090,Small Claims,Open,20210129,20210129
45,81343709,"Midland Credit Management, Inc",2139SC000410,Small Claims,Open,20211122,20211122
46,81344205,"Midland Credit Management, Inc",2164SC000391,Small Claims,Open,20210426,20210426
47,81344221,"Midland Credit Management, Inc",2169SC000061,Small Claims,Disposed (Statistical Purposes),20210201,20220104
48,81344728,"Midland Credit Management, Inc",2164SC000396,Small Claims,Open,20210426,20210426
49,81345546,"Midland Credit Management, Inc",2139SC000413,Small Claims,Open,20211122,20211122
0,81345800,"Midland Credit Management, Inc",2014SC000243,Small Claims,Covid 19 XXX Notice Issued,20200131,20210929
1,81346145,"Midland Credit Management, Inc",2164SC000394,Small Claims,Open,20210426,20210426
2,81346241,"Midland Credit Management, Inc",2169SC000055,Small Claims,Open,20210201,20210201
3,81347241,"Midland Credit Management, Inc",2169SC000058,Small Claims,Open,20210201,20210201
4,81347324,"Midland Credit Management, Inc",2118CV000781,Civil,Open,20211217,20211217
5,81347820,"Midland Credit Management, Inc",2169SC000060,Small Claims,Open,20210201,20210201
6,81348135,"Midland Credit Management, Inc",2169SC000059,Small Claims,Open,20210201,20210201
7,81348451,"Midland Credit Management, Inc",2169SC000056,Small Claims,Open,20210201,20210201
8,81348802,"Midland Credit Management, Inc",2139SC000411,Small Claims,Open,20211122,20211122
9,81348929,"Midland Credit Management, Inc",2014SC000245,Small Claims,Covid 19 XXX Notice Issued,20200131,20210929
10,81350592,"Midland Credit Management, Inc",2115SC002711,Small Claims,Open,20211025,20211025
11,81350783,"Midland Credit Management, Inc",2014SC000244,Small Claims,Covid 19 XXX Notice Issued,20200131,20210929
12,81351837,"Midland Credit Management, Inc",2198SC000712,Small Claims,Open,20211122,20211122
13,81352265,"Midland Credit Management, Inc",2139SC000372,Small Claims,Disposed (Statistical Purposes),20211025,20211216
14,81352990,"Midland Credit Management, Inc",2198SC000716,Small Claims,Open,20211123,20211123
15,81353706,"Midland Credit Management, Inc",2017SC000369,Small Claims,Open,20200828,20200828
16,81355023,"Midland Credit Management, Inc",2198SC000718,Small Claims,Disposed (Statistical Purposes),20211123,20220127
17,81356172,"Midland Credit Management, Inc",2017SC000370,Small Claims,Open,20200828,20200828
18,81356438,"Midland Credit Management, Inc",2038SC000896,Small Claims,Disposed (Statistical Purposes),20201228,20211217
19,81356448,"Midland Credit Management, Inc",2138SC000113,Small Claims,Disposed (Statistical Purposes),20210201,20220111
20,81356749,"Midland Credit Management, Inc",2016SC000450,Small Claims,Disposed (Statistical Purposes),20200922,20210125
21,81357099,"Midland Credit Management, Inc",1998SC000652,Small Claims,Disposed (Statistical Purposes),20191223,20210421
22,81357401,"Midland Credit Management, Inc",2098SC000501,Small Claims,Disposed (Statistical Purposes),20201228,20210312
23,81357833,"Midland Credit Management, Inc",2098SC000503,Small Claims,Disposed (Statistical Purposes),20201228,20210312
24,81357839,"Midland Credit Management, Inc",2138SC000121,Small Claims,Disposed (Statistical Purposes),20210201,20220111
25,81359547,"Midland Credit Management, Inc",2198SC000719,Small Claims,Disposed (Statistical Purposes),20211123,20220127
26,81359777,"Midland Credit Management, Inc",2138SC000120,Small Claims,Disposed (Statistical Purposes),20210201,20220111
27,81359860,"Midland Credit Management, Inc",2139SC000418,Small Claims,Open,20211124,20211124
28,81360824,"Midland Credit Management, Inc",2138SC000119,Small Claims,Disposed (Statistical Purposes),20210201,20220111
29,81361296,"Midland Credit Management, Inc",2138SC000116,Small Claims,Disposed (Statistical Purposes),20210201,20220111
30,81361369,"Midland Credit Management, Inc",2198SC000717,Small Claims,Open,20211123,20211123
31,81362688,"Midland Credit Management, Inc",2132SC000285,Small Claims,Disposed (Statistical Purposes),20210210,20211026
32,81362792,"Midland Credit Management, Inc",2138SC000122,Small Claims,Disposed (Statistical Purposes),20210201,20220111
33,81363343,"Midland Credit Management, Inc",2138SC000111,Small Claims,Disposed (Statistical Purposes),20210201,20210621
34,81363372,"Midland Credit Management, Inc",2132SC000279,Small Claims,Disposed (Statistical Purposes),20210210,20211026
35,81364665,"Midland Credit Management, Inc",2138SC000115,Small Claims,Disposed (Statistical Purposes),20210201,20220111
36,81365728,"Midland Credit Management, Inc",2098SC000267,Small Claims,Disposed (Statistical Purposes),20200706,20210201
37,81366416,"Midland Credit Management, Inc",2138SC000112,Small Claims,Disposed (Statistical Purposes),20210201,20220111
38,81367233,"Midland Credit Management, Inc",2164SC000399,Small Claims,Open,20210429,20210429
39,81367342,"Midland Credit Management, Inc",2138SC000118,Small Claims,Disposed (Statistical Purposes),20210201,20220111
40,81367984,"Midland Credit Management, Inc",2138SC000114,Small Claims,Disposed (Statistical Purposes),20210201,20220111
41,81369687,"Midland Credit Management, Inc",2138SC000117,Small Claims,Disposed (Statistical Purposes),20210201,20220111
42,81370390,"Midland Credit Management, Inc",2138SC000110,Small Claims,Disposed (Statistical Purposes),20210201,20220111
43,81371284,"Midland Credit Management, Inc",2014SC000287,Small Claims,Covid 19 XXX Notice Issued,20200211,20210930
44,81372606,"Midland Credit Management, Inc",2132SC000280,Small Claims,Disposed (Statistical Purposes),20210210,20211026
45,81373194,"Midland Credit Management, Inc",2139SC000375,Small Claims,Disposed (Statistical Purposes),20211027,20211216
46,81373725,"Midland Credit Management, Inc",2035SC000098,Small Claims,Closed,20200824,20210915
47,81373908,"Midland Credit Management, Inc",2132SC000284,Small Claims,Disposed (Statistical Purposes),20210210,20211026
48,81375230,"Midland Credit Management, Inc",2169SC000625,Small Claims,Open,20210923,20210923
49,81376353,"Midland Credit Management, Inc",2169SC000064,Small Claims,Disposed (Statistical Purposes),20210205,20220104
0,81376661,"Midland Credit Management, Inc",2014SC000259,Small Claims,Disposed (Statistical Purposes),20200205,20211112
1,81377699,"Midland Credit Management, Inc",2132SC000277,Small Claims,Disposed (Statistical Purposes),20210210,20211026
2,81377850,"Midland Credit Management, Inc",2164SC001175,Small Claims,Open,20211105,20211105
3,81378484,"Midland Credit Management, Inc",2014SC000265,Small Claims,Disposed (Statistical Purposes),20200205,20200821
4,81378934,"Midland Credit Management, Inc",2164SC001173,Small Claims,Open,20211105,20211105
5,81380434,"Midland Credit Management, Inc",2014SC000268,Small Claims,Disposed (Statistical Purposes),20200205,20211013
6,81381499,"Midland Credit Management, Inc",2164SC001171,Small Claims,Open,20211105,20211105
7,81382459,"Midland Credit Management, Inc",2164SC000442,Small Claims,Open,20210513,20210513
8,81382566,"Midland Credit Management, Inc",2164SC001174,Small Claims,Open,20211105,20211105
9,81383392,"Midland Credit Management, Inc",2169SC000065,Small Claims,Disposed (Statistical Purposes),20210205,20220104
10,81383772,"Midland Credit Management, Inc",2038SC000869,Small Claims,Disposed (Statistical Purposes),20201203,20211001
11,81386197,"Midland Credit Management, Inc",2164SC000443,Small Claims,Open,20210513,20210513
12,81386492,"Midland Credit Management, Inc",2164SC000444,Small Claims,Open,20210513,20210513
13,81386572,"Midland Credit Management, Inc",2132SC000278,Small Claims,Disposed (Statistical Purposes),20210210,20211026
14,81386664,"Midland Credit Management, Inc",2014SC000286,Small Claims,Disposed (Statistical Purposes),20200211,20210921
15,81386941,"Midland Credit Management, Inc",2132SC000287,Small Claims,Disposed (Statistical Purposes),20210210,20211026
16,81390245,"Midland Credit Management, Inc",2132CV000732,Civil,Open,20211012,20211012
17,81390250,"Midland Credit Management, Inc",2132SC000288,Small Claims,Disposed (Statistical Purposes),20210210,20210621
18,81390572,"Midland Credit Management, Inc",2132SC000276,Small Claims,Disposed (Statistical Purposes),20210210,20211026
19,81391150,"Midland Credit Management, Inc",2138SC000082,Small Claims,Disposed (Statistical Purposes),20210205,20211208
20,81391481,"Midland Credit Management, Inc",2132SC000286,Small Claims,Disposed (Statistical Purposes),20210210,20220207
21,81391606,"Midland Credit Management, Inc",2132SC000282,Small Claims,Disposed (Statistical Purposes),20210210,20211026
22,81392676,"Midland Credit Management, Inc",2132SC000281,Small Claims,Disposed (Statistical Purposes),20210210,20211026
23,81392943,"Midland Credit Management, Inc",2098SC000044,Small Claims,Disposed (Statistical Purposes),20200127,20210226
24,81393443,"Midland Credit Management, Inc",2138SC000081,Small Claims,Disposed (Statistical Purposes),20210205,20220111
25,81394066,"Midland Credit Management, Inc",2016SC000466,Small Claims,Disposed (Statistical Purposes),20200928,20210223
26,81394278,"Midland Credit Management, Inc",2014SC000258,Small Claims,Disposed (Statistical Purposes),20200205,20200821
27,81395066,"Midland Credit Management, Inc",2138SC000085,Small Claims,Disposed (Statistical Purposes),20210205,20220103
28,81395153,"Midland Credit Management, Inc",2198SC000726,Small Claims,Open,20211129,20211129
29,81396937,"Midland Credit Management, Inc",2014SC001072,Small Claims,Open,20201214,20201214
30,81398352,"Midland Credit Management, Inc",2138SC000083,Small Claims,Disposed (Statistical Purposes),20210205,20220103
31,81399316,"Midland Credit Management, Inc",2198SC000727,Small Claims,Open,20211129,20211129
32,81400983,"Midland Credit Management, Inc",2064SC000822,Small Claims,Disposed (Statistical Purposes),20201020,20211109
33,81401070,"Midland Credit Management, Inc",2164SC000412,Small Claims,Open,20210505,20210505
34,81401439,"Midland Credit Management, Inc",2138SC000080,Small Claims,Disposed (Statistical Purposes),20210205,20220103
35,81402853,"Midland Credit Management, Inc",2169SC000071,Small Claims,Open,20210208,20210208
36,81403011,"Midland Credit Management, Inc",2014SC000271,Small Claims,Disposed (Statistical Purposes),20200206,20211112
37,81404120,"Midland Credit Management, Inc",2169SC000070,Small Claims,Open,20210208,20210208
38,81404380,"Midland Credit Management, Inc",2138SC000084,Small Claims,Disposed (Statistical Purposes),20210205,20220103
39,81404671,"Midland Credit Management, Inc",2014SC000288,Small Claims,Disposed (Statistical Purposes),20200211,20201116
40,81406302,"Midland Credit Management, Inc",2164SC000415,Small Claims,Open,20210505,20210505
41,81409279,"Midland Credit Management, Inc",2164SC000413,Small Claims,Open,20210505,20210505
42,81410477,"Midland Credit Management, Inc",2169SC000072,Small Claims,Disposed (Statistical Purposes),20210208,20220104
43,81411862,"Midland Credit Management, Inc",2098SC000048,Small Claims,Disposed (Statistical Purposes),20200130,20210226
44,81413520,"Midland Credit Management, Inc",2164SC000414,Small Claims,Open,20210505,20210505
45,81414057,"Midland Credit Management, Inc",2098SC000047,Small Claims,Disposed (Statistical Purposes),20200130,20210226
46,81414929,"Midland Credit Management, Inc",2032SC001408,Small Claims,Disposed (Statistical Purposes),20200904,20210915
47,81415689,"Midland Credit Management, Inc",2098SC000049,Small Claims,Disposed (Statistical Purposes),20200130,20210226
48,81415967,"Midland Credit Management, Inc",2089SC000508,Small Claims,Disposed (Statistical Purposes),20200811,20201118
49,81420309,"Midland Credit Management, Inc",2089SC000511,Small Claims,Disposed (Statistical Purposes),20200811,20201216
0,81421023,"Midland Credit Management, Inc",2014SC000264,Small Claims,Disposed (Statistical Purposes),20200206,20211112
1,81422617,"Midland Credit Management, Inc",2014SC000272,Small Claims,Disposed (Statistical Purposes),20200206,20210309
2,81423584,"Midland Credit Management, Inc",2169SC000647,Small Claims,Open,20210930,20210930
3,81427754,"Midland Credit Management, Inc",2198SC000743,Small Claims,Disposed (Statistical Purposes),20211203,20220112
4,81427994,"Midland Credit Management, Inc",2169SC000077,Small Claims,Open,20210210,20210210
5,81428751,"Midland Credit Management, Inc",2138SC000130,Small Claims,Disposed (Statistical Purposes),20210209,20220111
6,81428923,"Midland Credit Management, Inc",2198SC000742,Small Claims,Open,20211203,20211203
7,81429143,"Midland Credit Management, Inc",2169SC000076,Small Claims,Disposed (Statistical Purposes),20210210,20220104
8,81429237,"Midland Credit Management, Inc",2138SC000131,Small Claims,Disposed (Statistical Purposes),20210209,20220114
9,81429921,"Midland Credit Management, Inc",2138SC000129,Small Claims,Disposed (Statistical Purposes),20210209,20220111
10,81430558,"Midland Credit Management, Inc",2138SC000128,Small Claims,Disposed (Statistical Purposes),20210209,20220111
11,81430748,"Midland Credit Management, Inc",2138SC000127,Small Claims,Disposed (Statistical Purposes),20210209,20211018
12,81430862,"Midland Credit Management, Inc",2138SC000132,Small Claims,Disposed (Statistical Purposes),20210209,20210329
13,81430931,"Midland Credit Management, Inc",2169SC000080,Small Claims,Disposed (Statistical Purposes),20210210,20211230
14,81435248,"Midland Credit Management, Inc",2017SC000418,Small Claims,Open,20201022,20201022
15,81436926,"Midland Credit Management, Inc",2169SC000079,Small Claims,Disposed (Statistical Purposes),20210210,20220104
16,81437481,"Midland Credit Management, Inc",2169SC000078,Small Claims,Disposed (Statistical Purposes),20210210,20220104
17,81440182,"Midland Credit Management, Inc",2014SC001083,Small Claims,Open,20201216,20201216
18,81440975,"Midland Credit Management, Inc",2232CV000127,Civil,Open,20220126,20220126
19,81442803,"Midland Credit Management, Inc",2064SC000825,Small Claims,Disposed (Statistical Purposes),20201026,20220118
20,81446141,"Midland Credit Management, Inc",2139SC000443,Small Claims,Open,20211209,20211209
21,81448814,"Midland Credit Management, Inc",2138SC000137,Small Claims,Disposed (Statistical Purposes),20210210,20220114
22,81448883,"Midland Credit Management, Inc",2014SC001084,Small Claims,Open,20201216,20201216
23,81449857,"Midland Credit Management, Inc",2164SC001211,Small Claims,Open,20211112,20211112
24,81451455,"Midland Credit Management, Inc",2138SC000133,Small Claims,Disposed (Statistical Purposes),20210210,20220114
25,81455716,"Midland Credit Management, Inc",2038SC000822,Small Claims,Disposed (Statistical Purposes),20201215,20211117
26,81466925,"Midland Credit Management, Inc",2169SC000097,Small Claims,Disposed (Statistical Purposes),20210224,20211230
27,81469011,"Midland Credit Management, Inc",2135SC000038,Small Claims,Closed,20210504,20211122
28,81470610,"Midland Credit Management, Inc",2169SC000098,Small Claims,Disposed (Statistical Purposes),20210224,20220111
29,81472251,"Midland Credit Management, Inc",2098SC000438,Small Claims,Disposed (Statistical Purposes),20201116,20210212
30,81473934,"Midland Credit Management, Inc",2122CV000242,Civil,Open,20211227,20211227
31,81475290,"Midland Credit Management, Inc",2122CV000243,Civil,Open,20211227,20211227
32,81475611,"Midland Credit Management, Inc",1998SC000630,Small Claims,Disposed (Statistical Purposes),20191213,20210114
33,81478081,"Midland Credit Management, Inc",2198SC000019,Small Claims,Disposed (Statistical Purposes),20210202,20210402
34,81478442,"Midland Credit Management, Inc",2018SC001355,Small Claims,Disposed (Statistical Purposes),20200908,20210907
35,81478993,"Midland Credit Management, Inc",2198SC000018,Small Claims,Disposed (Statistical Purposes),20210202,20210402
36,81479013,"Midland Credit Management, Inc",2018SC001350,Small Claims,Disposed (Statistical Purposes),20200908,20210907
37,81480488,"Midland Credit Management, Inc",2018SC001347,Small Claims,Disposed (Statistical Purposes),20200908,20211020
38,81481427,"Midland Credit Management, Inc",2018SC001349,Small Claims,Disposed (Statistical Purposes),20200908,20210624
39,81483686,"Midland Credit Management, Inc",2198SC000020,Small Claims,Open,20210202,20210202
40,81483859,"Midland Credit Management, Inc",2038SC000844,Small Claims,Disposed (Statistical Purposes),20201218,20211210
41,81483913,"Midland Credit Management, Inc",2018SC001352,Small Claims,Disposed (Statistical Purposes),20200908,20211020
42,81485547,"Midland Credit Management, Inc",2169SC000107,Small Claims,Disposed (Statistical Purposes),20210226,20220111
43,81486081,"Midland Credit Management, Inc",2098SC000448,Small Claims,Open,20201117,20201117
44,81487624,"Midland Credit Management, Inc",2018SC001351,Small Claims,Disposed (Statistical Purposes),20200908,20201008
45,81489341,"Midland Credit Management, Inc",2017SC000352,Small Claims,Disposed (Statistical Purposes),20200819,20211123
46,81490715,"Midland Credit Management, Inc",2012SC000133,Small Claims,Closed,20200605,20200605
47,81491399,"Midland Credit Management, Inc",2169SC000714,Small Claims,Open,20211022,20211022
48,81491489,"Midland Credit Management, Inc",2012SC000132,Small Claims,Disposed (Statistical Purposes),20200605,20211022
49,81492035,"Midland Credit Management, Inc",2018SC001354,Small Claims,Disposed (Statistical Purposes),20200908,20210907
0,81492532,"Midland Credit Management, Inc",2038SC000908,Small Claims,Disposed (Statistical Purposes),20201221,20211217
1,81493521,"Midland Credit Management, Inc",2111SC003521,Small Claims,Open,20211208,20211208
2,81493952,"Midland Credit Management, Inc",2038SC000909,Small Claims,Disposed (Statistical Purposes),20201221,20211217
3,81494213,"Midland Credit Management, Inc",2139CV000154,Civil,Open,20211216,20211216
4,81494731,"Midland Credit Management, Inc",2038SC000910,Small Claims,Disposed (Statistical Purposes),20201221,20211217
5,81495370,"Midland Credit Management, Inc",2118SC000382,Small Claims,Open,20210302,20210302
6,81496070,"Midland Credit Management, Inc",2018SC001353,Small Claims,Disposed (Statistical Purposes),20200908,20211110
7,81496501,"Midland Credit Management, Inc",2038SC000907,Small Claims,Disposed (Statistical Purposes),20201221,20211217
8,81497504,"Midland Credit Management, Inc",2112SC000405,Small Claims,Open,20211123,20211123
9,81497685,"Midland Credit Management, Inc",2118SC000385,Small Claims,Disposed (Statistical Purposes),20210302,20210716
10,81498528,"Midland Credit Management, Inc",2118SC000381,Small Claims,Open,20210302,20210302
11,81499086,"Midland Credit Management, Inc",2218CV000009,Civil,Open,20220104,20220104
12,81499584,"Midland Credit Management, Inc",1998SC000640,Small Claims,Disposed (Statistical Purposes),20191217,20200706
13,81500840,"Midland Credit Management, Inc",2118SC000394,Small Claims,Open,20210303,20210303
14,81502950,"Midland Credit Management, Inc",2118SC000388,Small Claims,Open,20210303,20210316
15,81503338,"Midland Credit Management, Inc",2118SC001878,Small Claims,Open,20210929,20210929
16,81503977,"Midland Credit Management, Inc",2061SC000342,Small Claims,Disposed (Statistical Purposes),20200218,20201103
17,81506276,"Midland Credit Management, Inc",2118SC000386,Small Claims,Open,20210302,20210302
18,81506751,"Midland Credit Management, Inc",2118SC001880,Small Claims,Open,20210929,20210929
19,81507271,"Midland Credit Management, Inc",2118SC000374,Small Claims,Open,20210302,20210302
20,81507578,"Midland Credit Management, Inc",2118SC001879,Small Claims,Open,20210929,20210929
21,81508430,"Midland Credit Management, Inc",2169SC000719,Small Claims,Open,20211025,20211025
22,81509335,"Midland Credit Management, Inc",2198SC000036,Small Claims,Disposed (Statistical Purposes),20210208,20210402
23,81511215,"Midland Credit Management, Inc",2222SC000001,Small Claims,Open,20220103,20220103
24,81512111,"Midland Credit Management, Inc",2121SC000692,Small Claims,Open,20211221,20211221
25,81512896,"Midland Credit Management, Inc",2222SC000002,Small Claims,Open,20220103,20220103
26,81514914,"Midland Credit Management, Inc",2011SC001165,Small Claims,Disposed (Statistical Purposes),20200707,20210201
27,81517245,"Midland Credit Management, Inc",2021SC000528,Small Claims,Disposed (Statistical Purposes),20201125,20210430
28,81517311,"Midland Credit Management, Inc",2198SC000039,Small Claims,Disposed (Statistical Purposes),20210210,20210330
29,81519240,"Midland Credit Management, Inc",2118SC000407,Small Claims,Open,20210305,20210305
30,81520861,"Midland Credit Management, Inc",2169SC000726,Small Claims,Open,20211028,20211028
31,81521056,"Midland Credit Management, Inc",2011SC002129EF,Small Claims,Open,20201209,20201209
32,81521326,"Midland Credit Management, Inc",2111SC003278,Small Claims,Open,20211115,20211115
33,81521682,"Midland Credit Management, Inc",2011SC002125EF,Small Claims,Open,20201209,20201209
34,81524213,"Midland Credit Management, Inc",2118SC000406,Small Claims,Open,20210305,20210305
35,81524407,"Midland Credit Management, Inc",2121CV000259,Civil,Open,20211222,20211222
36,81524861,"Midland Credit Management, Inc",2112SC000412,Small Claims,Open,20211129,20211129
37,81525028,"Midland Credit Management, Inc",2111SC001260,Small Claims,Disposed (Statistical Purposes),20210514,20211005
38,81525657,"Midland Credit Management, Inc",2016CV000011,Civil,Disposed (Statistical Purposes),20200114,20200716
39,81526342,"Midland Credit Management, Inc",2118SC000405,Small Claims,Open,20210305,20210305
40,81530156,"Midland Credit Management, Inc",2032SC001513,Small Claims,Disposed (Statistical Purposes),20200924,20210923
41,81530693,"Midland Credit Management, Inc",2066SC000216,Small Claims,Closed,20200605,20210427
42,81531723,"Midland Credit Management, Inc",2169SC000113,Small Claims,Open,20210302,20210303
43,81533194,"Midland Credit Management, Inc",2169SC000130,Small Claims,Open,20210303,20210303
44,81533266,"Midland Credit Management, Inc",2118CV000636,Civil,Open,20211004,20211004
45,81533700,"Midland Credit Management, Inc",2169SC000127,Small Claims,Open,20210303,20210303
46,81533906,"Midland Credit Management, Inc",2169SC000114,Small Claims,Disposed (Statistical Purposes),20210302,20220111
47,81534233,"Midland Credit Management, Inc",2169SC000116,Small Claims,Open,20210302,20210302
48,81534299,"Midland Credit Management, Inc",2169SC000115,Small Claims,Disposed (Statistical Purposes),20210302,20220111
49,81534627,"Midland Credit Management, Inc",2169SC000131,Small Claims,Open,20210303,20210303
0,81535017,"Midland Credit Management, Inc",2118CV000637,Civil,Open,20211004,20211004
1,81535620,"Midland Credit Management, Inc",2169SC000129,Small Claims,Open,20210303,20210303
2,81536049,"Midland Credit Management, Inc",2169SC000126,Small Claims,Open,20210303,20210303
3,81536237,"Midland Credit Management, Inc",2169SC000128,Small Claims,Open,20210303,20210303
4,81537315,"Midland Credit Management, Inc",2169SC000122,Small Claims,Disposed (Statistical Purposes),20210303,20211116
5,81540349,"Midland Credit Management, Inc",2011SC002138EF,Small Claims,Open,20201211,20201211
6,81540499,"Midland Credit Management, Inc",2021SC000372,Small Claims,Disposed (Statistical Purposes),20200917,20210430
7,81541558,"Midland Credit Management, Inc",2011SC002132EF,Small Claims,Open,20201210,20201210
8,81542184,"Midland Credit Management, Inc",2118CV000635,Civil,Open,20211004,20211004
9,81542374,"Midland Credit Management, Inc",2111SC002548,Small Claims,Open,20210913,20210913
10,81544017,"Midland Credit Management, Inc",2112SC000420,Small Claims,Open,20211203,20211203
11,81544396,"Midland Credit Management, Inc",2112SC000421,Small Claims,Open,20211203,20211203
12,81546041,"Midland Credit Management, Inc",2169SC000134,Small Claims,Open,20210305,20210305
13,81546443,"Midland Credit Management, Inc",2011SC002133EF,Small Claims,Open,20201210,20201210
14,81547161,"Midland Credit Management, Inc",2111SC000502,Small Claims,Open,20210301,20210301
15,81547717,"Midland Credit Management, Inc",2111SC000506,Small Claims,Open,20210301,20210301
16,81548248,"Midland Credit Management, Inc",2050SC000552,Small Claims,Disposed (Statistical Purposes),20200310,20210323
17,81548352,"Midland Credit Management, Inc",2111SC002551,Small Claims,Open,20210913,20210913
18,81548612,"Midland Credit Management, Inc",2111SC002553,Small Claims,Open,20210913,20210913
19,81549472,"Midland Credit Management, Inc",2050SC000551,Small Claims,Disposed (Statistical Purposes),20200310,20211217
20,81551405,"Midland Credit Management, Inc",2139CV000160,Civil,Open,20211229,20211229
21,81556008,"Midland Credit Management, Inc",2111SC002547,Small Claims,Open,20210913,20210913
22,81556108,"Midland Credit Management, Inc",2111SC002550,Small Claims,Open,20210913,20210913
23,81557241,"Midland Credit Management, Inc",1932SC003228,Small Claims,Disposed (Statistical Purposes),20191216,20200812
24,81557538,"Midland Credit Management, Inc",2118CV000648,Civil,Open,20211005,20211005
25,81558249,"Midland Credit Management, Inc",2118CV000640,Civil,Disposed (Statistical Purposes),20211005,20211207
26,81559276,"Midland Credit Management, Inc",1932SC003230,Small Claims,Disposed (Statistical Purposes),20191216,20211019
27,81559582,"Midland Credit Management, Inc",2118CV000641,Civil,Open,20211005,20211005
28,81560335,"Midland Credit Management, Inc",2222CV000001,Civil,Open,20220111,20220111
29,81561250,"Midland Credit Management, Inc",2111SC000551,Small Claims,Open,20210302,20210302
30,81561793,"Midland Credit Management, Inc",2111SC002559,Small Claims,Open,20210913,20210913
31,81562108,"Midland Credit Management, Inc",2111SC000585,Small Claims,Open,20210303,20210303
32,81562462,"Midland Credit Management, Inc",2111SC002546,Small Claims,Open,20210913,20210913
33,81562799,"Midland Credit Management, Inc",2111SC002555,Small Claims,Open,20210913,20210913
34,81563358,"Midland Credit Management, Inc",2111SC000567,Small Claims,Open,20210302,20210302
35,81564550,"Midland Credit Management, Inc",1932SC003233,Small Claims,Disposed (Statistical Purposes),20191216,20211019
36,81570113,"Midland Credit Management, Inc",2118SC000090,Small Claims,Disposed (Statistical Purposes),20210128,20211228
37,81571907,"Midland Credit Management, Inc",2021SC000340,Small Claims,Disposed (Statistical Purposes),20200924,20210423
38,81572232,"Midland Credit Management, Inc",2021SC000349,Small Claims,Open,20200924,20200924
39,81572583,"Midland Credit Management, Inc",2138SC000245,Small Claims,Disposed (Statistical Purposes),20210322,20220201
40,81575008,"Midland Credit Management, Inc",2132SC002498,Small Claims,Open,20211020,20211020
41,81576280,"Midland Credit Management, Inc",2021SC000481,Small Claims,Disposed (Statistical Purposes),20201209,20210514
42,81576497,"Midland Credit Management, Inc",2087SC000097,Small Claims,Disposed (Statistical Purposes),20200828,20210201
43,81577632,"Midland Credit Management, Inc",2087SC000096,Small Claims,Disposed (Statistical Purposes),20200828,20210201
44,81579406,"Midland Credit Management, Inc",2111SC000553,Small Claims,Open,20210302,20210302
45,81579410,"Midland Credit Management, Inc",2118SC000089,Small Claims,Disposed (Statistical Purposes),20210128,20211213
46,81580528,"Midland Credit Management, Inc",2138SC001054,Small Claims,Open,20211028,20211028
47,81580594,"Midland Credit Management, Inc",2111SC000555,Small Claims,Open,20210302,20210302
48,81580842,"Midland Credit Management, Inc",2111SC000563,Small Claims,Open,20210302,20210302
49,81581109,"Midland Credit Management, Inc",2150SC000293,Small Claims,Disposed (Statistical Purposes),20210204,20210330
0,81581589,"Midland Credit Management, Inc",2111SC000560,Small Claims,Open,20210302,20210302
1,81581696,"Midland Credit Management, Inc",2111SC000546,Small Claims,Open,20210302,20210302
2,81583385,"Midland Credit Management, Inc",2111SC000586,Small Claims,Open,20210303,20210303
3,81583622,"Midland Credit Management, Inc",2111SC000565,Small Claims,Open,20210302,20210302
4,81583878,"Midland Credit Management, Inc",2032SC001579,Small Claims,Disposed (Statistical Purposes),20200928,20211104
5,81584620,"Midland Credit Management, Inc",2032SC001589,Small Claims,Disposed (Statistical Purposes),20200928,20211104
6,81584628,"Midland Credit Management, Inc",2111SC000561,Small Claims,Open,20210302,20210302
7,81585000,"Midland Credit Management, Inc",2032SC001580,Small Claims,Covid 19 XXX Notice Issued,20200928,20210405
8,81585401,"Midland Credit Management, Inc",2111SC000579,Small Claims,Open,20210303,20210303
9,81585880,"Midland Credit Management, Inc",2111SC002580,Small Claims,Open,20210916,20210916
10,81586516,"Midland Credit Management, Inc",2021SC000484,Small Claims,Disposed (Statistical Purposes),20201211,20210514
11,81586670,"Midland Credit Management, Inc",2118SC000581,Small Claims,Open,20210331,20210331
12,81587377,"Midland Credit Management, Inc",2021SC000480,Small Claims,Disposed (Statistical Purposes),20201210,20210514
13,81587417,"Midland Credit Management, Inc",2118SC000091,Small Claims,Disposed (Statistical Purposes),20210128,20211213
14,81587665,"Midland Credit Management, Inc",2118SC000579,Small Claims,Open,20210331,20210331
15,81590520,"Midland Credit Management, Inc",2050SC000965,Small Claims,Open,20200707,20200707
16,81590849,"Midland Credit Management, Inc",2118SC000577,Small Claims,Open,20210331,20210331
17,81590953,"Midland Credit Management, Inc",2032SC001588,Small Claims,Disposed (Statistical Purposes),20200928,20211104
18,81592097,"Midland Credit Management, Inc",2118SC000116,Small Claims,Disposed (Statistical Purposes),20210128,20211213
19,81593838,"Midland Credit Management, Inc",2050SC000969,Small Claims,Open,20200707,20200707
20,81594321,"Midland Credit Management, Inc",2038SC000159,Small Claims,Disposed (Statistical Purposes),20200204,20210212
21,81595192,"Midland Credit Management, Inc",2032SC002020,Small Claims,Covid 19 XXX Notice Issued,20201228,20210601
22,81595265,"Midland Credit Management, Inc",2111SC000558,Small Claims,Open,20210302,20210302
23,81595279,"Midland Credit Management, Inc",2032SC001590,Small Claims,Disposed (Statistical Purposes),20200928,20220112
24,81595501,"Midland Credit Management, Inc",2118SC000582,Small Claims,Open,20210331,20210331
25,81596060,"Midland Credit Management, Inc",2087SC000102,Small Claims,Disposed (Statistical Purposes),20200901,20210208
26,81596412,"Midland Credit Management, Inc",2021SC000383,Small Claims,Disposed (Statistical Purposes),20200928,20210430
27,81596577,"Midland Credit Management, Inc",2111SC002609,Small Claims,Open,20210916,20210916
28,81596683,"Midland Credit Management, Inc",2032SC001591,Small Claims,Disposed (Statistical Purposes),20200928,20211103
29,81599839,"Midland Credit Management, Inc",2038SC000158,Small Claims,Disposed (Statistical Purposes),20200204,20201221
30,81600222,"Midland Credit Management, Inc",2032SC002021,Small Claims,Disposed (Statistical Purposes),20201228,20210707
31,81600375,"Midland Credit Management, Inc",2111SC002582,Small Claims,Open,20210916,20210916
32,81600809,"Midland Credit Management, Inc",2032SC002017,Small Claims,Covid 19 XXX Notice Issued,20201228,20210601
33,81601835,"Midland Credit Management, Inc",2032SC002019,Small Claims,Covid 19 XXX Notice Issued,20201228,20210601
34,81602385,"Midland Credit Management, Inc",2018SC001523,Small Claims,Disposed (Statistical Purposes),20201015,20210913
35,81602495,"Midland Credit Management, Inc",2038SC000162,Small Claims,Disposed (Statistical Purposes),20200204,20201022
36,81603302,"Midland Credit Management, Inc",2014SC001116,Small Claims,Open,20201228,20201228
37,81603582,"Midland Credit Management, Inc",2118SC000543,Small Claims,Open,20210330,20210330
38,81603826,"Midland Credit Management, Inc",2118SC000585,Small Claims,Open,20210331,20210331
39,81604250,"Midland Credit Management, Inc",2014SC001117,Small Claims,Open,20201228,20201228
40,81604913,"Midland Credit Management, Inc",2018SC001522,Small Claims,Disposed (Statistical Purposes),20201015,20201118
41,81605213,"Midland Credit Management, Inc",2050SC000968,Small Claims,Open,20200707,20200707
42,81606449,"Midland Credit Management, Inc",2032SC002023,Small Claims,Covid 19 XXX Notice Issued,20201228,20210601
43,81607041,"Midland Credit Management, Inc",2118SC000583,Small Claims,Disposed (Statistical Purposes),20210331,20220127
44,81607844,"Midland Credit Management, Inc",2032SC002018,Small Claims,Covid 19 XXX Notice Issued,20201228,20210601
45,81608673,"Midland Credit Management, Inc",2050SC000962,Small Claims,Open,20200707,20200707
46,81609026,"Midland Credit Management, Inc",2014SC001118,Small Claims,Open,20201228,20201228
47,81610504,"Midland Credit Management, Inc",2038SC000151,Small Claims,Disposed (Statistical Purposes),20200204,20210317
48,81611114,"Midland Credit Management, Inc",2050SC000967,Small Claims,Disposed (Statistical Purposes),20200707,20210430
49,81611691,"Midland Credit Management, Inc",2117SC000579,Small Claims,Open,20211025,20211025
0,81612316,"Midland Credit Management, Inc",2087SC000103,Small Claims,Disposed (Statistical Purposes),20200908,20210208
1,81613281,"Midland Credit Management, Inc",2118SC000575,Small Claims,Open,20210331,20210331
2,81614545,"Midland Credit Management, Inc",2138SC000295,Small Claims,Disposed (Statistical Purposes),20210325,20220208
3,81614563,"Midland Credit Management, Inc",2016SC000289,Small Claims,Disposed (Statistical Purposes),20200623,20201123
4,81616131,"Midland Credit Management, Inc",2138CV000331,Civil,Open,20211101,20211101
5,81616222,"Midland Credit Management, Inc",2138SC000293,Small Claims,Disposed (Statistical Purposes),20210325,20220208
6,81617250,"Midland Credit Management, Inc",2138SC000294,Small Claims,Disposed (Statistical Purposes),20210325,20220208
7,81618250,"Midland Credit Management, Inc",2117SC000578,Small Claims,Open,20211025,20211025
8,81622458,"Midland Credit Management, Inc",2118SC002231,Small Claims,Open,20211025,20211025
9,81622836,"Midland Credit Management, Inc",2011SC001662,Small Claims,Open,20200917,20200917
10,81623301,"Midland Credit Management, Inc",2117SC000034,Small Claims,Open,20210208,20210208
11,81624002,"Midland Credit Management, Inc",2118SC002227,Small Claims,Open,20211025,20211025
12,81626547,"Midland Credit Management, Inc",2150SC000143,Small Claims,Open,20210209,20210209
13,81626923,"Midland Credit Management, Inc",2118SC002224,Small Claims,Open,20211025,20211025
14,81627721,"Midland Credit Management, Inc",2016SC000295,Small Claims,Disposed (Statistical Purposes),20200626,20201130
15,81628462,"Midland Credit Management, Inc",2016SC000293,Small Claims,Disposed (Statistical Purposes),20200626,20210420
16,81628614,"Midland Credit Management, Inc",2118SC002229,Small Claims,Open,20211025,20211025
17,81628709,"Midland Credit Management, Inc",2016SC000199,Small Claims,Disposed (Statistical Purposes),20200305,20200914
18,81628989,"Midland Credit Management, Inc",2014SC001115,Small Claims,Open,20201228,20201228
19,81629836,"Midland Credit Management, Inc",2118SC000587,Small Claims,Open,20210401,20210401
20,81631758,"Midland Credit Management, Inc",2117SC000592,Small Claims,Open,20211027,20211027
21,81633444,"Midland Credit Management, Inc",2150SC000144,Small Claims,Disposed (Statistical Purposes),20210209,20211217
22,81634500,"Midland Credit Management, Inc",2118SC000142,Small Claims,Disposed (Statistical Purposes),20210201,20211230
23,81635160,"Midland Credit Management, Inc",2038SC000173,Small Claims,Disposed (Statistical Purposes),20200206,20210317
24,81636241,"Midland Credit Management, Inc",2117SC000593,Small Claims,Open,20211027,20211027
25,81638737,"Midland Credit Management, Inc",2169SC000181,Small Claims,Open,20210322,20210322
26,81639260,"Midland Credit Management, Inc",2150SC000145,Small Claims,Disposed (Statistical Purposes),20210209,20211217
27,81640059,"Midland Credit Management, Inc",2169SC000172,Small Claims,Open,20210322,20210322
28,81640543,"Midland Credit Management, Inc",2118SC002194,Small Claims,Open,20211025,20211025
29,81641625,"Midland Credit Management, Inc",2018SC001528,Small Claims,Closed,20201019,20211103
30,81642707,"Midland Credit Management, Inc",2198SC000500,Small Claims,Disposed (Statistical Purposes),20210816,20211119
31,81643091,"Midland Credit Management, Inc",2118SC002228,Small Claims,Open,20211025,20211025
32,81643237,"Midland Credit Management, Inc",2118SC000144,Small Claims,Open,20210201,20210201
33,81643475,"Midland Credit Management, Inc",2118SC002225,Small Claims,Open,20211025,20211025
34,81643695,"Midland Credit Management, Inc",2150SC000147,Small Claims,Open,20210209,20210209
35,81643748,"Midland Credit Management, Inc",2038SC000174,Small Claims,Disposed (Statistical Purposes),20200206,20210322
36,81643961,"Midland Credit Management, Inc",2041SC000238,Small Claims,Open,20200618,20200618
37,81643969,"Midland Credit Management, Inc",2118SC002191,Small Claims,Open,20211025,20211025
38,81644390,"Midland Credit Management, Inc",2150SC000146,Small Claims,Disposed (Statistical Purposes),20210209,20211217
39,81644843,"Midland Credit Management, Inc",2118SC000143,Small Claims,Disposed (Statistical Purposes),20210201,20211230
40,81644952,"Midland Credit Management, Inc",2118SC000589,Small Claims,Open,20210401,20210401
41,81645827,"Midland Credit Management, Inc",2118SC002223,Small Claims,Open,20211025,20211025
42,81646126,"Midland Credit Management, Inc",2169SC000194,Small Claims,Open,20210322,20210322
43,81646510,"Midland Credit Management, Inc",2118SC000145,Small Claims,Disposed (Statistical Purposes),20210201,20211216
44,81647080,"Midland Credit Management, Inc",2222CV000007,Civil,Open,20220125,20220125
45,81648132,"Midland Credit Management, Inc",2118SC002193,Small Claims,Open,20211025,20211025
46,81649035,"Midland Credit Management, Inc",2222CV000008,Civil,Open,20220126,20220126
47,81649501,"Midland Credit Management, Inc",2118SC000141,Small Claims,Disposed (Statistical Purposes),20210201,20211216
48,81649901,"Midland Credit Management, Inc",2016SC000560EF,Small Claims,Disposed (Statistical Purposes),20201124,20210607
49,81650206,"Midland Credit Management, Inc",2118SC000146,Small Claims,Disposed (Statistical Purposes),20210201,20211217
0,81652167,"Midland Credit Management, Inc",2118SC002192,Small Claims,Open,20211025,20211025
1,81655017,"Midland Credit Management, Inc",2117SC000048,Small Claims,Open,20210212,20210212
2,81655770,"Midland Credit Management, Inc",2132SC002549,Small Claims,Open,20211025,20211025
3,81656104,"Midland Credit Management, Inc",2198CV000071,Civil,Disposed (Statistical Purposes),20210504,20211019
4,81656187,"Midland Credit Management, Inc",2138SC000299,Small Claims,Disposed (Statistical Purposes),20210331,20210624
5,81657285,"Midland Credit Management, Inc",2117SC000046,Small Claims,Disposed (Statistical Purposes),20210212,20211214
6,81657879,"Midland Credit Management, Inc",2150SC000159,Small Claims,Disposed (Statistical Purposes),20210210,20210301
7,81658079,"Midland Credit Management, Inc",2132SC002545,Small Claims,Open,20211025,20211025
8,81659823,"Midland Credit Management, Inc",2150SC000163,Small Claims,Open,20210210,20210210
9,81660033,"Midland Credit Management, Inc",2117SC000049,Small Claims,Disposed (Statistical Purposes),20210212,20211216
10,81660625,"Midland Credit Management, Inc",2138SC000304,Small Claims,Disposed (Statistical Purposes),20210331,20220208
11,81661478,"Midland Credit Management, Inc",2138SC000305,Small Claims,Open,20210331,20210331
12,81663980,"Midland Credit Management, Inc",2132SC002531,Small Claims,Open,20211025,20211025
13,81664085,"Midland Credit Management, Inc",2138SC000298,Small Claims,Disposed (Statistical Purposes),20210331,20220208
14,81664280,"Midland Credit Management, Inc",2150SC000395,Small Claims,Open,20210310,20210310
15,81664834,"Midland Credit Management, Inc",2150SC000396,Small Claims,Open,20210310,20210310
16,81666051,"Midland Credit Management, Inc",2169SC000179,Small Claims,Open,20210325,20210325
17,81666194,"Midland Credit Management, Inc",2138SC000307,Small Claims,Open,20210331,20210331
18,81666667,"Midland Credit Management, Inc",2198SC000512,Small Claims,Disposed (Statistical Purposes),20210818,20220128
19,81667243,"Midland Credit Management, Inc",2138SC000300,Small Claims,Disposed (Statistical Purposes),20210331,20220208
20,81667669,"Midland Credit Management, Inc",2150SC000158,Small Claims,Disposed (Statistical Purposes),20210210,20211217
21,81668206,"Midland Credit Management, Inc",2033SC000782,Small Claims,Suspended Covid 19 extended,20200310,20200310
22,81668245,"Midland Credit Management, Inc",2138SC000302,Small Claims,Disposed (Statistical Purposes),20210331,20220208
23,81669327,"Midland Credit Management, Inc",2033SC000778,Small Claims,Disposed (Statistical Purposes),20200310,20200519
24,81669494,"Midland Credit Management, Inc",2150SC000249,Small Claims,Open,20210211,20210211
25,81670608,"Midland Credit Management, Inc",2150SC000151,Small Claims,Disposed (Statistical Purposes),20210210,20211217
26,81670777,"Midland Credit Management, Inc",2132SC002546,Small Claims,Open,20211025,20211025
27,81672813,"Midland Credit Management, Inc",2132SC002530,Small Claims,Open,20211025,20211025
28,81673060,"Midland Credit Management, Inc",2138SC000306,Small Claims,Open,20210331,20210331
29,81673660,"Midland Credit Management, Inc",2138SC000296,Small Claims,Disposed (Statistical Purposes),20210331,20220208
30,81673952,"Midland Credit Management, Inc",2150SC000248,Small Claims,Open,20210211,20210211
31,81675316,"Midland Credit Management, Inc",2022SC000265,Small Claims,Disposed (Statistical Purposes),20200908,20210520
32,81675342,"Midland Credit Management, Inc",2138SC000303,Small Claims,Disposed (Statistical Purposes),20210331,20210914
33,81675711,"Midland Credit Management, Inc",2150SC000161,Small Claims,Open,20210210,20210210
34,81675882,"Midland Credit Management, Inc",2166SC000046,Small Claims,Disposed (Statistical Purposes),20210202,20211026
35,81676724,"Midland Credit Management, Inc",2150SC000166,Small Claims,Open,20210210,20210210
36,81677093,"Midland Credit Management, Inc",2150SC000394,Small Claims,Covid 19 XXX Notice Issued,20210310,20210312
37,81677956,"Midland Credit Management, Inc",2150SC000157,Small Claims,Open,20210210,20210210
38,81677960,"Midland Credit Management, Inc",2198SC000192,Small Claims,Disposed (Statistical Purposes),20210420,20210625
39,81678049,"Midland Credit Management, Inc",2138SC000301,Small Claims,Open,20210331,20210331
40,81678883,"Midland Credit Management, Inc",2150SC000167,Small Claims,Disposed (Statistical Purposes),20210210,20211217
41,81679761,"Midland Credit Management, Inc",2132SC002528,Small Claims,Open,20211025,20211025
42,81680797,"Midland Credit Management, Inc",2150SC000156,Small Claims,Disposed (Statistical Purposes),20210210,20211202
43,81681100,"Midland Credit Management, Inc",2118SC002233,Small Claims,Open,20211027,20211027
44,81681478,"Midland Credit Management, Inc",2150SC000160,Small Claims,Open,20210210,20210210
45,81682316,"Midland Credit Management, Inc",2166SC000036,Small Claims,Disposed (Statistical Purposes),20210202,20210721
46,81682854,"Midland Credit Management, Inc",2117SC000610,Small Claims,Open,20211103,20211103
47,81683074,"Midland Credit Management, Inc",2150SC000577,Small Claims,Disposed (Statistical Purposes),20210405,20210908
48,81684015,"Midland Credit Management, Inc",2150SC000582,Small Claims,Disposed (Statistical Purposes),20210406,20211014
49,81684102,"Midland Credit Management, Inc",2132SC002532,Small Claims,Open,20211025,20211025
0,81684294,"Midland Credit Management, Inc",2118SC002234,Small Claims,Open,20211027,20211027
1,81684404,"Midland Credit Management, Inc",2150SC000152,Small Claims,Disposed (Statistical Purposes),20210210,20211217
2,81684717,"Midland Credit Management, Inc",2166SC000054,Small Claims,Open,20210203,20210203
3,81685125,"Midland Credit Management, Inc",2132SC002529,Small Claims,Open,20211025,20211025
4,81685348,"Midland Credit Management, Inc",2033SC001879,Small Claims,Disposed (Statistical Purposes),20201102,20210929
5,81685957,"Midland Credit Management, Inc",2150SC000155,Small Claims,Open,20210210,20210210
6,81686063,"Midland Credit Management, Inc",2033SC001878,Small Claims,Disposed (Statistical Purposes),20201102,20210929
7,81686083,"Midland Credit Management, Inc",2033SC000781,Small Claims,Suspended Covid 19 extended,20200310,20200310
8,81686550,"Midland Credit Management, Inc",2087SC000134,Small Claims,Open,20201209,20201209
9,81686889,"Midland Credit Management, Inc",2118SC002236,Small Claims,Open,20211027,20211027
10,81687022,"Midland Credit Management, Inc",2150SC000578,Small Claims,Open,20210405,20210405
11,81687185,"Midland Credit Management, Inc",2118SC000596,Small Claims,Open,20210406,20210406
12,81687756,"Midland Credit Management, Inc",2150SC000574,Small Claims,Open,20210405,20210405
13,81688204,"Midland Credit Management, Inc",2021SC000547,Small Claims,Disposed (Statistical Purposes),20201230,20210514
14,81688391,"Midland Credit Management, Inc",2118SC002235,Small Claims,Open,20211027,20211027
15,81689444,"Midland Credit Management, Inc",2150SC000199,Small Claims,Disposed (Statistical Purposes),20210216,20211216
16,81689612,"Midland Credit Management, Inc",2166SC000037,Small Claims,Covid 19 XXX Notice Issued,20210202,20220112
17,81690459,"Midland Credit Management, Inc",2021SC000543,Small Claims,Disposed (Statistical Purposes),20201230,20210527
18,81690465,"Midland Credit Management, Inc",2132SC002547,Small Claims,Open,20211025,20211025
19,81690614,"Midland Credit Management, Inc",2150SC000201,Small Claims,Disposed (Statistical Purposes),20210216,20211203
20,81690773,"Midland Credit Management, Inc",2033SC001875,Small Claims,Disposed (Statistical Purposes),20201102,20210929
21,81691107,"Midland Credit Management, Inc",2150SC000150,Small Claims,Disposed (Statistical Purposes),20210210,20211217
22,81691336,"Midland Credit Management, Inc",2166SC000040,Small Claims,Closed,20210202,20211221
23,81691467,"Midland Credit Management, Inc",2113SC000275,Small Claims,Disposed (Statistical Purposes),20210226,20210618
24,81691909,"Midland Credit Management, Inc",2150SC000250,Small Claims,Open,20210211,20210211
25,81691980,"Midland Credit Management, Inc",2128SC000528,Small Claims,Open,20211210,20211210
26,81692361,"Midland Credit Management, Inc",2198SC000517,Small Claims,Open,20210823,20210823
27,81694452,"Midland Credit Management, Inc",2116SC000772,Small Claims,Open,20211123,20211123
28,81695033,"Midland Credit Management, Inc",2021SC000544,Small Claims,Disposed (Statistical Purposes),20201230,20210514
29,81695111,"Midland Credit Management, Inc",2118SC000597,Small Claims,Open,20210406,20210406
30,81695221,"Midland Credit Management, Inc",2150SC000154,Small Claims,Disposed (Statistical Purposes),20210210,20211217
31,81696414,"Midland Credit Management, Inc",2166SC000038,Small Claims,Disposed (Statistical Purposes),20210202,20211026
32,81697537,"Midland Credit Management, Inc",2150SC000588,Small Claims,Open,20210406,20210406
33,81697707,"Midland Credit Management, Inc",2150SC000153,Small Claims,Disposed (Statistical Purposes),20210210,20211217
34,81698553,"Midland Credit Management, Inc",2087SC000138,Small Claims,Disposed (Statistical Purposes),20201210,20210405
35,81698670,"Midland Credit Management, Inc",2150SC000252,Small Claims,Open,20210211,20210211
36,81699350,"Midland Credit Management, Inc",2087SC000137,Small Claims,Disposed (Statistical Purposes),20201210,20210222
37,81699406,"Midland Credit Management, Inc",2150SC000253,Small Claims,Open,20210211,20210211
38,81700101,"Midland Credit Management, Inc",2132SC002548,Small Claims,Open,20211025,20211025
39,81700927,"Midland Credit Management, Inc",2198SC000204,Small Claims,Disposed (Statistical Purposes),20210422,20210625
40,81700980,"Midland Credit Management, Inc",2166SC000047,Small Claims,Disposed (Statistical Purposes),20210202,20211026
41,81701073,"Midland Credit Management, Inc",2198SC000205,Small Claims,Disposed (Statistical Purposes),20210422,20210430
42,81701107,"Midland Credit Management, Inc",2128SC000527,Small Claims,Open,20211210,20211210
43,81701173,"Midland Credit Management, Inc",2198SC000206,Small Claims,Disposed (Statistical Purposes),20210422,20210625
44,81703500,"Midland Credit Management, Inc",2166SC000039,Small Claims,Open,20210202,20210202
45,81704552,"Midland Credit Management, Inc",2033SC001874,Small Claims,Disposed (Statistical Purposes),20201102,20210929
46,81705192,"Midland Credit Management, Inc",2033SC001873,Small Claims,Disposed (Statistical Purposes),20201102,20210929
47,81706898,"Midland Credit Management, Inc",2132SC002542,Small Claims,Open,20211028,20211028
48,81706993,"Midland Credit Management, Inc",2150SC000575,Small Claims,Open,20210405,20210405
49,81707154,"Midland Credit Management, Inc",2132SC002540,Small Claims,Open,20211028,20211028
0,81707483,"Midland Credit Management, Inc",2118SC002241,Small Claims,Open,20211029,20211029
1,81708383,"Midland Credit Management, Inc",2132SC002535,Small Claims,Open,20211028,20211028
2,81709014,"Midland Credit Management, Inc",2132SC002533,Small Claims,Open,20211028,20211028
3,81709247,"Midland Credit Management, Inc",2118SC002240,Small Claims,Open,20211029,20211029
4,81709465,"Midland Credit Management, Inc",2132SC002536,Small Claims,Open,20211028,20211028
5,81709856,"Midland Credit Management, Inc",2132SC002534,Small Claims,Open,20211028,20211028
6,81709882,"Midland Credit Management, Inc",2033SC000780,Small Claims,Suspended Covid 19 extended,20200310,20200310
7,81711108,"Midland Credit Management, Inc",2118SC002239,Small Claims,Open,20211029,20211029
8,81711483,"Midland Credit Management, Inc",2132SC002538,Small Claims,Open,20211028,20211028
9,81711515,"Midland Credit Management, Inc",2150SC000198,Small Claims,Disposed (Statistical Purposes),20210216,20211203
10,81712364,"Midland Credit Management, Inc",2169SC000203,Small Claims,Disposed (Statistical Purposes),20210331,20210422
11,81712553,"Midland Credit Management, Inc",2169SC000212,Small Claims,Disposed (Statistical Purposes),20210331,20210625
12,81712831,"Midland Credit Management, Inc",2198SC000237,Small Claims,Disposed (Statistical Purposes),20210510,20210524
13,81713770,"Midland Credit Management, Inc",2169SC000204,Small Claims,Open,20210331,20210331
14,81714609,"Midland Credit Management, Inc",2018SC001553,Small Claims,Disposed (Statistical Purposes),20201026,20211103
15,81714761,"Midland Credit Management, Inc",2132SC002541,Small Claims,Open,20211028,20211028
16,81716027,"Midland Credit Management, Inc",2063SC000141,Small Claims,Disposed (Statistical Purposes),20200602,20210209
17,81716088,"Midland Credit Management, Inc",2018SC001555,Small Claims,Disposed (Statistical Purposes),20201026,20210914
18,81716774,"Midland Credit Management, Inc",2132SC000763,Small Claims,Disposed (Statistical Purposes),20210401,20211015
19,81717634,"Midland Credit Management, Inc",2018SC001554,Small Claims,Disposed (Statistical Purposes),20201026,20210914
20,81718286,"Midland Credit Management, Inc",2063SC000140,Small Claims,Disposed (Statistical Purposes),20200602,20210208
21,81718461,"Midland Credit Management, Inc",2132SC002539,Small Claims,Open,20211028,20211028
22,81719602,"Midland Credit Management, Inc",2132SC002537,Small Claims,Open,20211028,20211028
23,81724034,"Midland Credit Management, Inc",2198SC000211,Small Claims,Disposed (Statistical Purposes),20210426,20210702
24,81725021,"Midland Credit Management, Inc",2022SC000273,Small Claims,Disposed (Statistical Purposes),20200915,20211028
25,81725149,"Midland Credit Management, Inc",2150SC000254,Small Claims,Open,20210216,20210216
26,81725164,"Midland Credit Management, Inc",2198SC000209,Small Claims,Disposed (Statistical Purposes),20210426,20210720
27,81725503,"Midland Credit Management, Inc",2132SC000760,Small Claims,Disposed (Statistical Purposes),20210401,20210813
28,81729479,"Midland Credit Management, Inc",2198SC000208,Small Claims,Open,20210426,20210426
29,81730070,"Midland Credit Management, Inc",2022SC000274,Small Claims,Disposed (Statistical Purposes),20200915,20211028
30,81732720,"Midland Credit Management, Inc",2142SC000379,Small Claims,Open,20211122,20211122
31,81734691,"Midland Credit Management, Inc",2142SC000380,Small Claims,Open,20211122,20211122
32,81734832,"Midland Credit Management, Inc",2198SC000210,Small Claims,Disposed (Statistical Purposes),20210426,20210720
33,81734843,"Midland Credit Management, Inc",2150SC000200,Small Claims,Disposed (Statistical Purposes),20210216,20211203
34,81736090,"Midland Credit Management, Inc",2138SC000297,Small Claims,Open,20210405,20210405
35,81736350,"Midland Credit Management, Inc",2063SC000142,Small Claims,Disposed (Statistical Purposes),20200603,20210208
36,81736757,"Midland Credit Management, Inc",2198SC000207,Small Claims,Disposed (Statistical Purposes),20210426,20210907
37,81739662,"Midland Credit Management, Inc",2198CV000070,Civil,Open,20210426,20210426
38,81740304,"Midland Credit Management, Inc",2118SC002249,Small Claims,Open,20211101,20211101
39,81740378,"Midland Credit Management, Inc",2150SC000257,Small Claims,Open,20210216,20210216
40,81742086,"Midland Credit Management, Inc",2150SC001795,Small Claims,Open,20210927,20210927
41,81742831,"Midland Credit Management, Inc",2169SC000216,Small Claims,Open,20210401,20210401
42,81743335,"Midland Credit Management, Inc",2150SC001934,Small Claims,Open,20211022,20211022
43,81743434,"Midland Credit Management, Inc",2132SC000761,Small Claims,Disposed (Statistical Purposes),20210401,20210816
44,81743462,"Midland Credit Management, Inc",1938SC001238,Small Claims,Suspended Covid 19 extended,20191125,20200305
45,81744306,"Midland Credit Management, Inc",2150SC001936,Small Claims,Open,20211022,20211022
46,81744608,"Midland Credit Management, Inc",2169SC000217,Small Claims,Open,20210401,20210401
47,81745049,"Midland Credit Management, Inc",2150SC001796,Small Claims,Open,20210927,20210927
48,81749586,"Midland Credit Management, Inc",2150SC000258,Small Claims,Open,20210216,20210216
49,81749823,"Midland Credit Management, Inc",2150SC000444,Small Claims,Open,20210316,20210316
0,81750615,"Midland Credit Management, Inc",2150SC000442,Small Claims,Open,20210316,20210316
1,81751516,"Midland Credit Management, Inc",2150SC001937,Small Claims,Open,20211022,20211022
2,81753307,"Midland Credit Management, Inc",2018SC001579,Small Claims,Disposed (Statistical Purposes),20201030,20211103
3,81754966,"Midland Credit Management, Inc",2150SC000440,Small Claims,Open,20210316,20210316
4,81756586,"Midland Credit Management, Inc",2142SC000382,Small Claims,Open,20211126,20211126
5,81756889,"Midland Credit Management, Inc",1916SC000933,Small Claims,Disposed (Statistical Purposes),20191213,20201019
6,81757118,"Midland Credit Management, Inc",2150SC000441,Small Claims,Open,20210316,20210316
7,81757123,"Midland Credit Management, Inc",2150SC000202,Small Claims,Disposed (Statistical Purposes),20210216,20211203
8,81757594,"Midland Credit Management, Inc",2132CV000823,Civil,Open,20211029,20211029
9,81757962,"Midland Credit Management, Inc",2018SC001576,Small Claims,Disposed (Statistical Purposes),20201030,20210913
10,81761465,"Midland Credit Management, Inc",2021SC000295,Small Claims,Disposed (Statistical Purposes),20200703,20210506
11,81762320,"Midland Credit Management, Inc",2018SC001577,Small Claims,Disposed (Statistical Purposes),20201030,20210914
12,81763279,"Midland Credit Management, Inc",2150SC000443,Small Claims,Open,20210316,20210316
13,81763434,"Midland Credit Management, Inc",2132SC002562,Small Claims,Open,20211029,20211029
14,81765360,"Midland Credit Management, Inc",2132SC000762,Small Claims,Disposed (Statistical Purposes),20210401,20210819
15,81765502,"Midland Credit Management, Inc",2132SC002561,Small Claims,Open,20211029,20211029
16,81766192,"Midland Credit Management, Inc",2118SC000237,Small Claims,Disposed (Statistical Purposes),20210216,20211220
17,81766551,"Midland Credit Management, Inc",2118SC000233,Small Claims,Open,20210216,20210216
18,81767126,"Midland Credit Management, Inc",2018SC001574,Small Claims,Disposed (Statistical Purposes),20201030,20210914
19,81769103,"Midland Credit Management, Inc",2132SC002563,Small Claims,Open,20211029,20211029
20,81769999,"Midland Credit Management, Inc",2169SC000205,Small Claims,Open,20210405,20210405
21,81770779,"Midland Credit Management, Inc",2018SC001582,Small Claims,Disposed (Statistical Purposes),20201030,20210914
22,81772756,"Midland Credit Management, Inc",2018SC001575,Small Claims,Disposed (Statistical Purposes),20201030,20210914
23,81772908,"Midland Credit Management, Inc",2239CV000009,Civil,Open,20220203,20220203
24,81775321,"Midland Credit Management, Inc",2011SC001982,Small Claims,Open,20201116,20201116
25,81777478,"Midland Credit Management, Inc",2018SC001572,Small Claims,Disposed (Statistical Purposes),20201030,20210914
26,81777836,"Midland Credit Management, Inc",2018SC001580,Small Claims,Disposed (Statistical Purposes),20201030,20210914
27,81778753,"Midland Credit Management, Inc",2018SC001573,Small Claims,Closed,20201030,20211103
28,81779709,"Midland Credit Management, Inc",2018SC001578,Small Claims,Open,20201030,20201030
29,81780425,"Midland Credit Management, Inc",2150SC001949,Small Claims,Disposed (Statistical Purposes),20211025,20211216
30,81780907,"Midland Credit Management, Inc",2018SC001581,Small Claims,Open,20201030,20201030
31,81780947,"Midland Credit Management, Inc",2118SC000241,Small Claims,Disposed (Statistical Purposes),20210216,20220114
32,81782060,"Midland Credit Management, Inc",2166SC000060,Small Claims,Closed,20210209,20211129
33,81783347,"Midland Credit Management, Inc",2161SC000088,Small Claims,Disposed (Statistical Purposes),20210209,20210817
34,81784981,"Midland Credit Management, Inc",2118SC000288,Small Claims,Disposed (Statistical Purposes),20210217,20220103
35,81785962,"Midland Credit Management, Inc",2150SC001627,Small Claims,Open,20210824,20210824
36,81786123,"Midland Credit Management, Inc",2118SC000235,Small Claims,Disposed (Statistical Purposes),20210216,20211220
37,81787306,"Midland Credit Management, Inc",2166SC000062,Small Claims,Covid 19 XXX Notice Issued,20210209,20220112
38,81788317,"Midland Credit Management, Inc",2166SC000061,Small Claims,Open,20210209,20210209
39,81788518,"Midland Credit Management, Inc",2150SC001935,Small Claims,Open,20211026,20211027
40,81788954,"Midland Credit Management, Inc",2118SC000612,Small Claims,Open,20210414,20210414
41,81789015,"Midland Credit Management, Inc",2249SC000048,Small Claims,Open,20220120,20220120
42,81790334,"Midland Credit Management, Inc",2150SC002077,Small Claims,Open,20211025,20211025
43,81790396,"Midland Credit Management, Inc",2150SC001816,Small Claims,Open,20210929,20210929
44,81790606,"Midland Credit Management, Inc",2161SC000087,Small Claims,Disposed (Statistical Purposes),20210209,20210901
45,81794228,"Midland Credit Management, Inc",2118SC000239,Small Claims,Open,20210216,20210216
46,81795774,"Midland Credit Management, Inc",2150SC001817,Small Claims,Open,20210929,20210929
47,81797145,"Midland Credit Management, Inc",1916SC000902,Small Claims,Suspended-Notices sent Covid-19,20191205,20200406
48,81797253,"Midland Credit Management, Inc",1916SC000938,Small Claims,Disposed (Statistical Purposes),20191216,20201019
49,81798696,"Midland Credit Management, Inc",2022SC000282,Small Claims,Disposed (Statistical Purposes),20200928,20210524
0,81798989,"Midland Credit Management, Inc",1916SC000937,Small Claims,Disposed (Statistical Purposes),20191216,20201019
1,81799756,"Midland Credit Management, Inc",2150SC001932,Small Claims,Open,20211026,20211026
2,81799954,"Midland Credit Management, Inc",2142SC000391,Small Claims,Open,20211203,20211203
3,81800196,"Midland Credit Management, Inc",2118SC000232,Small Claims,Disposed (Statistical Purposes),20210216,20210601
4,81801286,"Midland Credit Management, Inc",2161SC000086,Small Claims,Disposed (Statistical Purposes),20210209,20210817
5,81803039,"Midland Credit Management, Inc",1916SC000940,Small Claims,Disposed (Statistical Purposes),20191217,20210426
6,81803512,"Midland Credit Management, Inc",2016SC000587,Small Claims,Disposed (Statistical Purposes),20201209,20210405
7,81804249,"Midland Credit Management, Inc",1932SC003345,Small Claims,Covid 19 XXX Notice Issued,20191231,20210611
8,81804704,"Midland Credit Management, Inc",2121SC000615,Small Claims,Open,20211118,20211118
9,81805398,"Midland Credit Management, Inc",2118SC000392,Small Claims,Open,20210303,20210303
10,81805738,"Midland Credit Management, Inc",2018SC001590,Small Claims,Closed,20201103,20211104
11,81806103,"Midland Credit Management, Inc",2118SC000383,Small Claims,Open,20210302,20210302
12,81806177,"Midland Credit Management, Inc",1932SC003343,Small Claims,Covid 19 XXX Notice Issued,20191230,20210114
13,81807985,"Midland Credit Management, Inc",2118SC000389,Small Claims,Open,20210303,20210303
14,81809120,"Midland Credit Management, Inc",2118SC000387,Small Claims,Open,20210302,20210302
15,81809914,"Midland Credit Management, Inc",2118SC000375,Small Claims,Open,20210302,20210302
16,81810974,"Midland Credit Management, Inc",2118SC000231,Small Claims,Disposed (Statistical Purposes),20210216,20211220
17,81811027,"Midland Credit Management, Inc",2118SC000396,Small Claims,Open,20210303,20210303
18,81811234,"Midland Credit Management, Inc",2118SC000373,Small Claims,Open,20210302,20210302
19,81812329,"Midland Credit Management, Inc",2118SC000236,Small Claims,Disposed (Statistical Purposes),20210216,20211218
20,81812871,"Midland Credit Management, Inc",2118SC000391,Small Claims,Open,20210303,20210303
21,81812878,"Midland Credit Management, Inc",2142SC000395,Small Claims,Open,20211207,20211207
22,81813254,"Midland Credit Management, Inc",2118SC000390,Small Claims,Open,20210303,20210303
23,81814563,"Midland Credit Management, Inc",2142SC000393,Small Claims,Open,20211207,20211207
24,81815200,"Midland Credit Management, Inc",2142SC000392,Small Claims,Open,20211207,20211207
25,81815644,"Midland Credit Management, Inc",2118SC000238,Small Claims,Disposed (Statistical Purposes),20210216,20220114
26,81816634,"Midland Credit Management, Inc",2142SC000394,Small Claims,Open,20211207,20211207
27,81816656,"Midland Credit Management, Inc",2150SC001930,Small Claims,Open,20211026,20211026
28,81817439,"Midland Credit Management, Inc",2018SC001594,Small Claims,Disposed (Statistical Purposes),20201103,20211115
29,81817655,"Midland Credit Management, Inc",2040SC000124EF,Small Claims,Disposed (Statistical Purposes),20201209,20210406
30,81820634,"Midland Credit Management, Inc",2050SC000400,Small Claims,Disposed (Statistical Purposes),20200227,20210827
31,81821791,"Midland Credit Management, Inc",2026SC000385,Small Claims,Open,20200629,20200629
32,81824036,"Midland Credit Management, Inc",2150SC002074,Small Claims,Open,20211027,20211027
33,81825718,"Midland Credit Management, Inc",2121SC000620,Small Claims,Open,20211123,20211123
34,81826883,"Midland Credit Management, Inc",2018SC001587,Small Claims,Disposed (Statistical Purposes),20201103,20210914
35,81827212,"Midland Credit Management, Inc",2150SC002073,Small Claims,Open,20211027,20211027
36,81828964,"Midland Credit Management, Inc",2169SC000215,Small Claims,Open,20210414,20210414
37,81831134,"Midland Credit Management, Inc",2018SC001591,Small Claims,Open,20201103,20201103
38,81832067,"Midland Credit Management, Inc",2018SC001593,Small Claims,Disposed (Statistical Purposes),20201103,20210915
39,81832606,"Midland Credit Management, Inc",2150SC002075,Small Claims,Open,20211027,20211027
40,81837867,"Midland Credit Management, Inc",2166SC000073,Small Claims,Disposed (Statistical Purposes),20210211,20210907
41,81838493,"Midland Credit Management, Inc",2150SC001948,Small Claims,Open,20211027,20211027
42,81840316,"Midland Credit Management, Inc",2150SC001947,Small Claims,Open,20211027,20211027
43,81841199,"Midland Credit Management, Inc",2166SC000072,Small Claims,Open,20210211,20210211
44,81842981,"Midland Credit Management, Inc",2150SC001931,Small Claims,Open,20211027,20211027
45,81844069,"Midland Credit Management, Inc",2150SC002078,Small Claims,Open,20211027,20211027
46,81844154,"Midland Credit Management, Inc",2166SC000074,Small Claims,Closed,20210211,20211013
47,81845580,"Midland Credit Management, Inc",2150SC002076,Small Claims,Open,20211027,20211027
48,81847016,"Midland Credit Management, Inc",2150SC001933,Small Claims,Open,20211027,20211027
49,81848784,"Midland Credit Management, Inc",2166SC000075,Small Claims,Disposed (Statistical Purposes),20210211,20211130
0,81852090,"Midland Credit Management, Inc",2150SC000530,Small Claims,Open,20210322,20210322
1,81853561,"Midland Credit Management, Inc",2121SC000032,Small Claims,Disposed (Statistical Purposes),20210128,20210517
2,81854983,"Midland Credit Management, Inc",2141SC000490,Small Claims,Open,20211101,20211101
3,81857239,"Midland Credit Management, Inc",2121SC000031,Small Claims,Disposed (Statistical Purposes),20210128,20210520
4,81857610,"Midland Credit Management, Inc",2121SC000033,Small Claims,Open,20210128,20210128
5,81858352,"Midland Credit Management, Inc",2021SC000439,Small Claims,Disposed (Statistical Purposes),20201019,20210511
6,81864839,"Midland Credit Management, Inc",2022SC000261,Small Claims,Disposed (Statistical Purposes),20200828,20210506
7,81865147,"Midland Credit Management, Inc",2150SC002068,Small Claims,Open,20211029,20211029
8,81867999,"Midland Credit Management, Inc",2150SC002072,Small Claims,Open,20211029,20211029
9,81868834,"Midland Credit Management, Inc",2018SC001255,Small Claims,Disposed (Statistical Purposes),20200820,20210902
10,81871743,"Midland Credit Management, Inc",2150SC000489,Small Claims,Open,20210322,20210322
11,81874669,"Midland Credit Management, Inc",2111SC002683,Small Claims,Open,20210923,20210923
12,81875753,"Midland Credit Management, Inc",2121SC000034,Small Claims,Disposed (Statistical Purposes),20210129,20210517
13,81877494,"Midland Credit Management, Inc",2150SC001819,Small Claims,Open,20211006,20211006
14,81878566,"Midland Credit Management, Inc",2150SC002070,Small Claims,Open,20211029,20211029
15,81879103,"Midland Credit Management, Inc",2126SC000613,Small Claims,Open,20211118,20211118
16,81879990,"Midland Credit Management, Inc",2063SC000155,Small Claims,Disposed (Statistical Purposes),20200623,20210628
17,81881458,"Midland Credit Management, Inc",2150SC000319,Small Claims,Open,20210304,20210304
18,81883129,"Midland Credit Management, Inc",2018SC001254,Small Claims,Disposed (Statistical Purposes),20200820,20210902
19,81883719,"Midland Credit Management, Inc",2150SC000317,Small Claims,Open,20210304,20210304
20,81884601,"Midland Credit Management, Inc",2150SC000318,Small Claims,Open,20210304,20210304
21,81884681,"Midland Credit Management, Inc",2150SC002069,Small Claims,Open,20211029,20211029
22,81884738,"Midland Credit Management, Inc",2111SC003340,Small Claims,Open,20211119,20211119
23,81884897,"Midland Credit Management, Inc",2150SC002071,Small Claims,Open,20211029,20211029
24,81885989,"Midland Credit Management, Inc",2150SC000700,Small Claims,Open,20210421,20210421
25,81887015,"Midland Credit Management, Inc",2111SC003381,Small Claims,Open,20211122,20211122
26,81887147,"Midland Credit Management, Inc",2150SC000703,Small Claims,Open,20210421,20210421
27,81889755,"Midland Credit Management, Inc",2150SC000348,Small Claims,Open,20210304,20210304
28,81890438,"Midland Credit Management, Inc",2111SC003355,Small Claims,Open,20211122,20211122
29,81890679,"Midland Credit Management, Inc",2150SC000349,Small Claims,Open,20210305,20210305
30,81895129,"Midland Credit Management, Inc",2018SC001253,Small Claims,Disposed (Statistical Purposes),20200820,20210902
31,81895537,"Midland Credit Management, Inc",2111SC003363,Small Claims,Open,20211122,20211122
32,81896145,"Midland Credit Management, Inc",2150SC000662,Small Claims,Open,20210421,20210421
33,81896717,"Midland Credit Management, Inc",2111SC003359,Small Claims,Open,20211122,20211122
34,81897623,"Midland Credit Management, Inc",2150SC000665,Small Claims,Open,20210421,20210421
35,81897990,"Midland Credit Management, Inc",2111SC003364,Small Claims,Open,20211122,20211122
36,81898359,"Midland Credit Management, Inc",2018SC001251,Small Claims,Disposed (Statistical Purposes),20200820,20210902
37,81898662,"Midland Credit Management, Inc",2111SC003382,Small Claims,Open,20211122,20211122
38,81899618,"Midland Credit Management, Inc",2150SC000663,Small Claims,Open,20210421,20210421
39,81899949,"Midland Credit Management, Inc",2150SC001820,Small Claims,Open,20211006,20211006
40,81900036,"Midland Credit Management, Inc",2111SC002673,Small Claims,Open,20210923,20210923
41,81900348,"Midland Credit Management, Inc",2021SC000507,Small Claims,Disposed (Statistical Purposes),20201021,20210501
42,81900363,"Midland Credit Management, Inc",2018SC001252,Small Claims,Disposed (Statistical Purposes),20200820,20210902
43,81902099,"Midland Credit Management, Inc",2150SC000699,Small Claims,Open,20210421,20210421
44,81903345,"Midland Credit Management, Inc",2111SC002681,Small Claims,Open,20210923,20210923
45,81905176,"Midland Credit Management, Inc",2249CV000029,Civil,Open,20220126,20220126
46,81906978,"Midland Credit Management, Inc",2111SC003362,Small Claims,Open,20211122,20211122
47,81909698,"Midland Credit Management, Inc",2188SC000009,Small Claims,Disposed (Statistical Purposes),20210212,20210708
48,81909834,"Midland Credit Management, Inc",2121SC000030,Small Claims,Disposed (Statistical Purposes),20210203,20210520
49,81910466,"Midland Credit Management, Inc",2111SC003361,Small Claims,Open,20211122,20211122
0,81910740,"Midland Credit Management, Inc",2021SC000510,Small Claims,Disposed (Statistical Purposes),20201023,20210511
1,81911398,"Midland Credit Management, Inc",2021SC000511,Small Claims,Disposed (Statistical Purposes),20201023,20210510
2,81912144,"Midland Credit Management, Inc",2111SC003356,Small Claims,Open,20211122,20211122
3,81912502,"Midland Credit Management, Inc",2111SC003360,Small Claims,Open,20211122,20211122
4,81914633,"Midland Credit Management, Inc",2121SC000029,Small Claims,Disposed (Statistical Purposes),20210203,20210517
5,81915349,"Midland Credit Management, Inc",2111SC003358,Small Claims,Open,20211122,20211122
6,81915450,"Midland Credit Management, Inc",1938SC001260,Small Claims,Suspended Covid 19 extended,20191212,20200305
7,81917996,"Midland Credit Management, Inc",2150SC000353,Small Claims,Open,20210305,20210305
8,81922078,"Midland Credit Management, Inc",2011SC001028,Small Claims,Open,20200626,20200626
9,81923269,"Midland Credit Management, Inc",2021SC000512,Small Claims,Disposed (Statistical Purposes),20201026,20210511
10,81923629,"Midland Credit Management, Inc",2150SC000356,Small Claims,Open,20210305,20210305
11,81923825,"Midland Credit Management, Inc",2011SC001043,Small Claims,Open,20200626,20200626
12,81924285,"Midland Credit Management, Inc",2111SC003357,Small Claims,Open,20211122,20211122
13,81927423,"Midland Credit Management, Inc",2150SC000350,Small Claims,Disposed (Statistical Purposes),20210305,20210923
14,81930399,"Midland Credit Management, Inc",2150SC000355,Small Claims,Disposed (Statistical Purposes),20210305,20211216
15,81939135,"Midland Credit Management, Inc",2042SC000120,Small Claims,Covid 19 XXX Notice Issued,20200622,20210118
16,81940794,"Midland Credit Management, Inc",2016SC000594EF,Small Claims,Disposed (Statistical Purposes),20201216,20210405
17,81940903,"Midland Credit Management, Inc",2018SC001282,Small Claims,Disposed (Statistical Purposes),20200824,20210907
18,81944045,"Midland Credit Management, Inc",2150SC000354,Small Claims,Open,20210305,20210305
19,81945254,"Midland Credit Management, Inc",2118SC000688,Small Claims,Open,20210421,20210421
20,81945838,"Midland Credit Management, Inc",2121SC000080,Small Claims,Disposed (Statistical Purposes),20210208,20210517
21,81945903,"Midland Credit Management, Inc",2018SC001289,Small Claims,Disposed (Statistical Purposes),20200824,20211108
22,81945912,"Midland Credit Management, Inc",2018SC001289,Small Claims,Disposed (Statistical Purposes),20200824,20211108
23,81945910,"Midland Credit Management, Inc",2018SC001289,Small Claims,Disposed (Statistical Purposes),20200824,20211108
24,81946220,"Midland Credit Management, Inc",2126SC000634,Small Claims,Open,20211126,20211126
25,81946637,"Midland Credit Management, Inc",2121SC000083,Small Claims,Open,20210208,20210208
26,81946815,"Midland Credit Management, Inc",2150SC000701,Small Claims,Open,20210421,20210421
27,81948131,"Midland Credit Management, Inc",2150SC000516,Small Claims,Open,20210401,20210401
28,81948571,"Midland Credit Management, Inc",2150SC000521,Small Claims,Open,20210401,20210401
29,81948740,"Midland Credit Management, Inc",2121SC000082,Small Claims,Open,20210208,20210208
30,81948748,"Midland Credit Management, Inc",2150SC000512,Small Claims,Open,20210401,20210401
31,81950530,"Midland Credit Management, Inc",2121SC000081,Small Claims,Disposed (Statistical Purposes),20210208,20210521
32,81951329,"Midland Credit Management, Inc",2150SC000509,Small Claims,Disposed (Statistical Purposes),20210401,20210528
33,81952595,"Midland Credit Management, Inc",2118SC000683,Small Claims,Open,20210421,20210421
34,81955228,"Midland Credit Management, Inc",2111SC003393,Small Claims,Open,20211124,20211124
35,81955202,"Midland Credit Management, Inc",2111SC003393,Small Claims,Open,20211124,20211124
36,81955356,"Midland Credit Management, Inc",2145SC000541,Small Claims,Open,20211129,20211129
37,81955406,"Midland Credit Management, Inc",2150SC000511,Small Claims,Open,20210401,20210401
38,81955869,"Midland Credit Management, Inc",2117SC000079,Small Claims,Disposed (Statistical Purposes),20210226,20211221
39,81956489,"Midland Credit Management, Inc",2111SC003395,Small Claims,Open,20211124,20211124
40,81956522,"Midland Credit Management, Inc",2111SC003395,Small Claims,Open,20211124,20211124
41,81956834,"Midland Credit Management, Inc",2018SC001290,Small Claims,Disposed (Statistical Purposes),20200824,20210907
42,81956835,"Midland Credit Management, Inc",2018SC001290,Small Claims,Disposed (Statistical Purposes),20200824,20210907
43,81957248,"Midland Credit Management, Inc",2126SC000641,Small Claims,Open,20211203,20211203
44,81957245,"Midland Credit Management, Inc",2161SC000609,Small Claims,Disposed (Statistical Purposes),20210817,20211214
45,81958654,"Midland Credit Management, Inc",2021SC000517,Small Claims,Open,20201030,20201030
46,81959655,"Midland Credit Management, Inc",2021SC000516,Small Claims,Disposed (Statistical Purposes),20201030,20210510
47,81960194,"Midland Credit Management, Inc",2026SC000380,Small Claims,Open,20200720,20200720
48,81960663,"Midland Credit Management, Inc",2021SC000514,Small Claims,Disposed (Statistical Purposes),20201030,20210510
49,81960695,"Midland Credit Management, Inc",2028SC000231,Small Claims,Disposed (Statistical Purposes),20200814,20201218
0,81961184,"Midland Credit Management, Inc",2150SC000533,Small Claims,Open,20210324,20210324
1,81961199,"Midland Credit Management, Inc",2033SC001549,Small Claims,Open,20200904,20200904
2,81961583,"Midland Credit Management, Inc",2021SC000513,Small Claims,Open,20201030,20201030
3,81962106,"Midland Credit Management, Inc",2150SC000664,Small Claims,Open,20210421,20210421
4,81962248,"Midland Credit Management, Inc",2126SC000640,Small Claims,Open,20211203,20211203
5,81963404,"Midland Credit Management, Inc",1938SC001268,Small Claims,Disposed (Statistical Purposes),20191219,20200224
6,81964229,"Midland Credit Management, Inc",2033SC001533,Small Claims,Open,20200904,20200904
7,81965199,"Midland Credit Management, Inc",2169SC000245,Small Claims,Open,20210426,20210426
8,81967285,"Midland Credit Management, Inc",2169SC000241,Small Claims,Open,20210426,20210426
9,81970669,"Midland Credit Management, Inc",2169SC000247,Small Claims,Open,20210426,20210426
10,81970881,"Midland Credit Management, Inc",2121SC000084,Small Claims,Disposed (Statistical Purposes),20210210,20210720
11,81971543,"Midland Credit Management, Inc",2126SC000642,Small Claims,Open,20211203,20211203
12,81971952,"Midland Credit Management, Inc",1938SC001275,Small Claims,Disposed (Statistical Purposes),20191219,20200305
13,81972796,"Midland Credit Management, Inc",2169SC000246,Small Claims,Open,20210426,20210426
14,81974359,"Midland Credit Management, Inc",2150SC000517,Small Claims,Open,20210401,20210401
15,81974876,"Midland Credit Management, Inc",2169SC000243,Small Claims,Open,20210426,20210426
16,81975861,"Midland Credit Management, Inc",2150SC000519,Small Claims,Open,20210401,20210401
17,81977121,"Midland Credit Management, Inc",2018SC001283,Small Claims,Disposed (Statistical Purposes),20200824,20210907
18,81977192,"Midland Credit Management, Inc",2026SC000382,Small Claims,Open,20200720,20200720
19,81979265,"Midland Credit Management, Inc",2150SC000514,Small Claims,Open,20210401,20210401
20,81980513,"Midland Credit Management, Inc",2150SC000661,Small Claims,Open,20210421,20210421
21,81980975,"Midland Credit Management, Inc",2150SC000702,Small Claims,Open,20210421,20210421
22,81986004,"Midland Credit Management, Inc",2150SC000515,Small Claims,Open,20210401,20210401
23,81986534,"Midland Credit Management, Inc",2050SC001299,Small Claims,Open,20200908,20200908
24,81991749,"Midland Credit Management, Inc",2050SC001297,Small Claims,Open,20200908,20200908
25,81992294,"Midland Credit Management, Inc",2150SC000518,Small Claims,Disposed (Statistical Purposes),20210401,20211129
26,81992783,"Midland Credit Management, Inc",2169SC000242,Small Claims,Open,20210427,20210427
27,81992778,"Midland Credit Management, Inc",2118SC000154,Small Claims,Disposed (Statistical Purposes),20210208,20211216
28,81994621,"Midland Credit Management, Inc",2050SC001301,Small Claims,Open,20200908,20200908
29,81995725,"Midland Credit Management, Inc",2150SC000522,Small Claims,Open,20210401,20210401
30,81995742,"Midland Credit Management, Inc",2050SC001306,Small Claims,Disposed (Statistical Purposes),20200908,20210716
31,81995998,"Midland Credit Management, Inc",2118SC000229,Small Claims,Disposed (Statistical Purposes),20210209,20220114
32,81997239,"Midland Credit Management, Inc",2118SC000816,Small Claims,Open,20210505,20210505
33,81999288,"Midland Credit Management, Inc",2118SC000157,Small Claims,Disposed (Statistical Purposes),20210208,20211216
34,82000006,"Midland Credit Management, Inc",2150SC000513,Small Claims,Disposed (Statistical Purposes),20210401,20210816
35,82000173,"Midland Credit Management, Inc",2016SC000415,Small Claims,Disposed (Statistical Purposes),20200828,20210104
36,82000261,"Midland Credit Management, Inc",2050SC001298,Small Claims,Disposed (Statistical Purposes),20200908,20210716
37,82001380,"Midland Credit Management, Inc",2150SC002130,Small Claims,Open,20211202,20211202
38,82004376,"Midland Credit Management, Inc",2117SC000086,Small Claims,Disposed (Statistical Purposes),20210303,20220110
39,82004700,"Midland Credit Management, Inc",2011SC001636,Small Claims,Open,20200914,20200914
40,82006156,"Midland Credit Management, Inc",2150SC002131,Small Claims,Open,20211202,20211202
41,82007167,"Midland Credit Management, Inc",2121SC000085,Small Claims,Open,20210212,20210212
42,82008918,"Midland Credit Management, Inc",2150SC002146,Small Claims,Open,20211202,20211202
43,82009312,"Midland Credit Management, Inc",2121SC000086,Small Claims,Disposed (Statistical Purposes),20210212,20210521
44,82009376,"Midland Credit Management, Inc",2198SC000578,Small Claims,Open,20210927,20210927
45,82009904,"Midland Credit Management, Inc",2118SC000224,Small Claims,Disposed (Statistical Purposes),20210209,20211220
46,82010163,"Midland Credit Management, Inc",2011SC001082,Small Claims,Open,20200629,20200629
47,82010501,"Midland Credit Management, Inc",2022SC000266,Small Claims,Disposed (Statistical Purposes),20200908,20210506
48,82011037,"Midland Credit Management, Inc",2150SC000063,Small Claims,Open,20210120,20210120
49,82011255,"Midland Credit Management, Inc",2118SC000763,Small Claims,Open,20210427,20210427
0,82011907,"Midland Credit Management, Inc",2121SC000087,Small Claims,Open,20210212,20210212
1,82012740,"Midland Credit Management, Inc",2118SC000750,Small Claims,Open,20210427,20210427
2,82014040,"Midland Credit Management, Inc",2198SC000579,Small Claims,Disposed (Statistical Purposes),20210927,20211119
3,82015408,"Midland Credit Management, Inc",2111SC002741,Small Claims,Open,20211001,20211001
4,82016006,"Midland Credit Management, Inc",2111SC002739,Small Claims,Open,20211001,20211001
5,82016488,"Midland Credit Management, Inc",2111SC002740,Small Claims,Open,20211001,20211001
6,82017407,"Midland Credit Management, Inc",2122SC000193,Small Claims,Disposed (Statistical Purposes),20210429,20211108
7,82018353,"Midland Credit Management, Inc",2118SC000760,Small Claims,Open,20210427,20210427
8,82018509,"Midland Credit Management, Inc",2118SC000161,Small Claims,Closed,20210208,20220103
9,82019206,"Midland Credit Management, Inc",2122SC000688,Small Claims,Open,20211209,20211209
10,82021148,"Midland Credit Management, Inc",2022SC000267,Small Claims,Disposed (Statistical Purposes),20200908,20210506
11,82021296,"Midland Credit Management, Inc",2122SC000687,Small Claims,Open,20211209,20211209
12,82021905,"Midland Credit Management, Inc",2118SC000757,Small Claims,Open,20210427,20210427
13,82022259,"Midland Credit Management, Inc",2011SC001079,Small Claims,Open,20200629,20200629
14,82022780,"Midland Credit Management, Inc",2150SC002198,Small Claims,Open,20211202,20211202
15,82030172,"Midland Credit Management, Inc",2118SC000162,Small Claims,Open,20210208,20210208
16,82031944,"Midland Credit Management, Inc",2018SC001312,Small Claims,Open,20200828,20200828
17,82033506,"Midland Credit Management, Inc",2118SC000163,Small Claims,Disposed (Statistical Purposes),20210208,20211222
18,82033532,"Midland Credit Management, Inc",2111SC001154,Small Claims,Open,20210503,20210503
19,82033649,"Midland Credit Management, Inc",2150SC002199,Small Claims,Open,20211202,20211202
20,82033813,"Midland Credit Management, Inc",2111SC001156,Small Claims,Open,20210503,20210503
21,82034529,"Midland Credit Management, Inc",2022SC000260,Small Claims,Disposed (Statistical Purposes),20200826,20210616
22,82034623,"Midland Credit Management, Inc",2018SC001315,Small Claims,Disposed (Statistical Purposes),20200828,20210920
23,82034992,"Midland Credit Management, Inc",2018SC001313,Small Claims,Disposed (Statistical Purposes),20200828,20210907
24,82039336,"Midland Credit Management, Inc",2111SC000735,Small Claims,Open,20210322,20210322
25,82040069,"Midland Credit Management, Inc",2136SC001364,Small Claims,Open,20211207,20211207
26,82040289,"Midland Credit Management, Inc",2018SC001314,Small Claims,Open,20200828,20200828
27,82040935,"Midland Credit Management, Inc",2117SC000139,Small Claims,Disposed (Statistical Purposes),20210405,20220120
28,82042309,"Midland Credit Management, Inc",2117SC000138,Small Claims,Open,20210405,20210405
29,82042497,"Midland Credit Management, Inc",2018SC001311,Small Claims,Disposed (Statistical Purposes),20200828,20210907
30,82042589,"Midland Credit Management, Inc",2118SC000158,Small Claims,Disposed (Statistical Purposes),20210208,20211216
31,82043742,"Midland Credit Management, Inc",2018SC001310,Small Claims,Open,20200828,20200828
32,82044354,"Midland Credit Management, Inc",2111SC000731,Small Claims,Open,20210322,20210322
33,82044704,"Midland Credit Management, Inc",2136SC001365,Small Claims,Open,20211207,20211207
34,82045350,"Midland Credit Management, Inc",2118SC000160,Small Claims,Open,20210208,20210208
35,82045926,"Midland Credit Management, Inc",2136SC001378,Small Claims,Open,20211207,20211207
36,82048669,"Midland Credit Management, Inc",2198SC000583,Small Claims,Disposed (Statistical Purposes),20210930,20211203
37,82050099,"Midland Credit Management, Inc",2118SC000228,Small Claims,Disposed (Statistical Purposes),20210209,20211220
38,82051875,"Midland Credit Management, Inc",2111SC000769,Small Claims,Open,20210322,20210322
39,82053285,"Midland Credit Management, Inc",2198SC000582,Small Claims,Disposed (Statistical Purposes),20210930,20211203
40,82055136,"Midland Credit Management, Inc",2136SC001363,Small Claims,Open,20211207,20211207
41,82063192,"Midland Credit Management, Inc",2117SC000140,Small Claims,Open,20210407,20210407
42,82064988,"Midland Credit Management, Inc",2111SC000734,Small Claims,Open,20210322,20210322
43,82067550,"Midland Credit Management, Inc",2018SC001319,Small Claims,Disposed (Statistical Purposes),20200831,20211019
44,82069656,"Midland Credit Management, Inc",2018SC001320,Small Claims,Disposed (Statistical Purposes),20200831,20210907
45,82072358,"Midland Credit Management, Inc",2141SC000157,Small Claims,Open,20210422,20210422
46,82072534,"Midland Credit Management, Inc",1954SC001300,Small Claims,Covid 19 XXX Notice Issued,20191213,20200923
47,82075060,"Midland Credit Management, Inc",2018SC001321,Small Claims,Disposed (Statistical Purposes),20200831,20210907
48,82075243,"Midland Credit Management, Inc",2111SC003499,Small Claims,Open,20211202,20211202
49,82076072,"Midland Credit Management, Inc",2111SC000743,Small Claims,Open,20210322,20210322
0,82076542,"Midland Credit Management, Inc",2161SC000776,Small Claims,Open,20211103,20211103
1,82077115,"Midland Credit Management, Inc",2111SC003464,Small Claims,Open,20211202,20211202
2,82077415,"Midland Credit Management, Inc",2111SC003503,Small Claims,Open,20211202,20211202
3,82078224,"Midland Credit Management, Inc",2111SC003468,Small Claims,Open,20211202,20211202
4,82078481,"Midland Credit Management, Inc",2111SC003475,Small Claims,Open,20211202,20211202
5,82078537,"Midland Credit Management, Inc",2118SC000218,Small Claims,Open,20210210,20210210
6,82079014,"Midland Credit Management, Inc",2111SC003473,Small Claims,Open,20211202,20211202
7,82080884,"Midland Credit Management, Inc",2111SC003510,Small Claims,Disposed (Statistical Purposes),20211202,20220207
8,82082041,"Midland Credit Management, Inc",2021SC000214,Small Claims,Disposed (Statistical Purposes),20200319,20210426
9,82083379,"Midland Credit Management, Inc",2118SC000217,Small Claims,Closed,20210210,20211218
10,82083679,"Midland Credit Management, Inc",2132CV000588,Civil,Open,20210825,20210825
11,82083879,"Midland Credit Management, Inc",2111SC000770,Small Claims,Open,20210322,20210322
12,82084633,"Midland Credit Management, Inc",2111SC003495,Small Claims,Open,20211203,20211203
13,82084746,"Midland Credit Management, Inc",2169SC000261,Small Claims,Open,20210503,20210503
14,82086396,"Midland Credit Management, Inc",2111SC003482,Small Claims,Open,20211202,20211202
15,82087319,"Midland Credit Management, Inc",2111SC003470,Small Claims,Open,20211202,20211202
16,82088112,"Midland Credit Management, Inc",2050SC001439,Small Claims,Disposed (Statistical Purposes),20200928,20210903
17,82091842,"Midland Credit Management, Inc",2245SC000009,Small Claims,Open,20220106,20220106
18,82092021,"Midland Credit Management, Inc",2132SC002623,Small Claims,Open,20211110,20211110
19,82092269,"Midland Credit Management, Inc",2111SC003506,Small Claims,Open,20211203,20211203
20,82092436,"Midland Credit Management, Inc",2013SC001402,Small Claims,Disposed (Statistical Purposes),20201116,20210811
21,82095464,"Midland Credit Management, Inc",2161SC000146,Small Claims,Disposed (Statistical Purposes),20210302,20210831
22,82095658,"Midland Credit Management, Inc",2132SC002622,Small Claims,Open,20211110,20211110
23,82096313,"Midland Credit Management, Inc",2111SC000803,Small Claims,Open,20210322,20210322
24,82096782,"Midland Credit Management, Inc",2018SC001346,Small Claims,Disposed (Statistical Purposes),20200902,20210907
25,82098885,"Midland Credit Management, Inc",2111SC000801,Small Claims,Open,20210322,20210322
26,82099229,"Midland Credit Management, Inc",2111SC003488,Small Claims,Open,20211203,20211203
27,82099873,"Midland Credit Management, Inc",2111SC000802,Small Claims,Open,20210322,20210322
28,82100307,"Midland Credit Management, Inc",2161SC000150,Small Claims,Disposed (Statistical Purposes),20210302,20210914
29,82100939,"Midland Credit Management, Inc",2111SC003461,Small Claims,Open,20211202,20211202
30,82101832,"Midland Credit Management, Inc",2161SC000148,Small Claims,Disposed (Statistical Purposes),20210302,20210831
31,82102632,"Midland Credit Management, Inc",2111SC003463,Small Claims,Open,20211202,20211202
32,82102726,"Midland Credit Management, Inc",2136CV000596,Civil,Disposed (Statistical Purposes),20211210,20220119
33,82102749,"Midland Credit Management, Inc",2198CV000157,Civil,Open,20211004,20211004
34,82103231,"Midland Credit Management, Inc",1954SC001303,Small Claims,Covid 19 XXX Notice Issued,20191216,20200923
35,82103723,"Midland Credit Management, Inc",1954SC001305,Small Claims,Disposed (Statistical Purposes),20191217,20210728
36,82103941,"Midland Credit Management, Inc",2122SC000211,Small Claims,Disposed (Statistical Purposes),20210510,20220120
37,82105284,"Midland Credit Management, Inc",2022SC000332,Small Claims,Disposed (Statistical Purposes),20201028,20210805
38,82105738,"Midland Credit Management, Inc",2122SC000212,Small Claims,Disposed (Statistical Purposes),20210510,20211202
39,82106237,"Midland Credit Management, Inc",2111SC003466,Small Claims,Open,20211202,20211202
40,82106586,"Midland Credit Management, Inc",2022SC000333,Small Claims,Disposed (Statistical Purposes),20201028,20210813
41,82108100,"Midland Credit Management, Inc",2022SC000331,Small Claims,Disposed (Statistical Purposes),20201028,20210524
42,82108240,"Midland Credit Management, Inc",2161SC000147,Small Claims,Disposed (Statistical Purposes),20210302,20210831
43,82109498,"Midland Credit Management, Inc",2017SC000470,Small Claims,Disposed (Statistical Purposes),20201123,20211207
44,82111490,"Midland Credit Management, Inc",2018SC001328,Small Claims,Disposed (Statistical Purposes),20200901,20211019
45,82113781,"Midland Credit Management, Inc",2016SC000425,Small Claims,Disposed (Statistical Purposes),20200909,20210729
46,82115803,"Midland Credit Management, Inc",2016SC000424,Small Claims,Disposed (Statistical Purposes),20200909,20210104
47,82116726,"Midland Credit Management, Inc",2132SC002624,Small Claims,Open,20211110,20211110
48,82118340,"Midland Credit Management, Inc",2013SC001411,Small Claims,Disposed (Statistical Purposes),20201116,20211215
49,82121689,"Midland Credit Management, Inc",2126CV000240,Civil,Open,20211210,20211210
0,82126865,"Midland Credit Management, Inc",2132SC000220,Small Claims,Disposed (Statistical Purposes),20210208,20211020
1,82127480,"Midland Credit Management, Inc",2112SC000257,Small Claims,Open,20210819,20210819
2,82128041,"Midland Credit Management, Inc",2112SC000266,Small Claims,Open,20210819,20210819
3,82128108,"Midland Credit Management, Inc",2122SC000095,Small Claims,Open,20210226,20210226
4,82128175,"Midland Credit Management, Inc",2050SC001440,Small Claims,Disposed (Statistical Purposes),20201001,20210907
5,82128262,"Midland Credit Management, Inc",2112SC000265,Small Claims,Open,20210819,20210819
6,82128536,"Midland Credit Management, Inc",2112SC000258,Small Claims,Open,20210819,20210819
7,82130064,"Midland Credit Management, Inc",2122CV000042,Civil,Disposed (Statistical Purposes),20210226,20210907
8,82130259,"Midland Credit Management, Inc",2112SC000259,Small Claims,Open,20210819,20210819
9,82130681,"Midland Credit Management, Inc",2122SC000097,Small Claims,Disposed (Statistical Purposes),20210226,20210903
10,82131034,"Midland Credit Management, Inc",2112SC000261,Small Claims,Open,20210819,20210819
11,82131628,"Midland Credit Management, Inc",2122SC000096,Small Claims,Open,20210226,20210226
12,82135601,"Midland Credit Management, Inc",2022SC000343,Small Claims,Disposed (Statistical Purposes),20201030,20210413
13,82136712,"Midland Credit Management, Inc",2061SC000214,Small Claims,Disposed (Statistical Purposes),20200130,20210112
14,82138182,"Midland Credit Management, Inc",2136SC001415,Small Claims,Open,20211215,20211215
15,82139881,"Midland Credit Management, Inc",2061SC000215,Small Claims,Disposed (Statistical Purposes),20200130,20201124
16,82139855,"Midland Credit Management, Inc",2216SC000003,Small Claims,Open,20220103,20220103
17,82143261,"Midland Credit Management, Inc",2021SC000173,Small Claims,Disposed (Statistical Purposes),20200325,20210217
18,82144385,"Midland Credit Management, Inc",2198CV000159,Civil,Open,20211007,20211007
19,82147969,"Midland Credit Management, Inc",2021SC000175,Small Claims,Disposed (Statistical Purposes),20200325,20201117
20,82148107,"Midland Credit Management, Inc",2111SC000823,Small Claims,Open,20210329,20210329
21,82148327,"Midland Credit Management, Inc",2045SC000291,Small Claims,Disposed (Statistical Purposes),20200831,20201009
22,82148459,"Midland Credit Management, Inc",2045SC000292,Small Claims,Disposed (Statistical Purposes),20200831,20210519
23,82149106,"Midland Credit Management, Inc",2111SC000824,Small Claims,Open,20210329,20210329
24,82150777,"Midland Credit Management, Inc",2061SC000206,Small Claims,Disposed (Statistical Purposes),20200129,20201103
25,82150952,"Midland Credit Management, Inc",2111SC000826,Small Claims,Open,20210329,20210329
26,82153583,"Midland Credit Management, Inc",2121SC000215,Small Claims,Disposed (Statistical Purposes),20210423,20211019
27,82155332,"Midland Credit Management, Inc",2121SC000213,Small Claims,Disposed (Statistical Purposes),20210423,20211005
28,82157267,"Midland Credit Management, Inc",2111SC000821,Small Claims,Disposed (Statistical Purposes),20210329,20210602
29,82158209,"Midland Credit Management, Inc",2050SC001586,Small Claims,Disposed (Statistical Purposes),20201112,20210924
30,82159445,"Midland Credit Management, Inc",2121SC000212,Small Claims,Disposed (Statistical Purposes),20210423,20211005
31,82159730,"Midland Credit Management, Inc",2050SC001588,Small Claims,Disposed (Statistical Purposes),20201112,20210924
32,82160600,"Midland Credit Management, Inc",2150SC000733,Small Claims,Open,20210428,20210428
33,82161042,"Midland Credit Management, Inc",2122SC000099,Small Claims,Disposed (Statistical Purposes),20210302,20210920
34,82161404,"Midland Credit Management, Inc",2050SC001585,Small Claims,Disposed (Statistical Purposes),20201112,20210923
35,82161427,"Midland Credit Management, Inc",2150SC000734,Small Claims,Open,20210428,20210428
36,82161804,"Midland Credit Management, Inc",2122SC000100,Small Claims,Open,20210302,20210302
37,82162088,"Midland Credit Management, Inc",2121SC000210,Small Claims,Disposed (Statistical Purposes),20210423,20210922
38,82162577,"Midland Credit Management, Inc",2150SC000731,Small Claims,Open,20210428,20210428
39,82163121,"Midland Credit Management, Inc",2150SC000722,Small Claims,Open,20210427,20210427
40,82164975,"Midland Credit Management, Inc",2136SC001414,Small Claims,Open,20211215,20211215
41,82165300,"Midland Credit Management, Inc",2122SC000104,Small Claims,Disposed (Statistical Purposes),20210302,20210923
42,82165467,"Midland Credit Management, Inc",2111SC000822,Small Claims,Open,20210329,20210329
43,82166099,"Midland Credit Management, Inc",2150SC000721,Small Claims,Open,20210427,20210427
44,82166698,"Midland Credit Management, Inc",2150SC000723,Small Claims,Open,20210427,20210427
45,82169897,"Midland Credit Management, Inc",1963SC000467EF,Small Claims,Disposed (Statistical Purposes),20191226,20201228
46,82171261,"Midland Credit Management, Inc",1963SC000469EF,Small Claims,Disposed (Statistical Purposes),20191227,20210426
47,82172740,"Midland Credit Management, Inc",2198SC000055,Small Claims,Disposed (Statistical Purposes),20210216,20210430
48,82174092,"Midland Credit Management, Inc",2126CV000244,Civil,Open,20211216,20211216
49,82175065,"Midland Credit Management, Inc",2198SC000054,Small Claims,Disposed (Statistical Purposes),20210216,20210430
0,82175212,"Midland Credit Management, Inc",2198SC000059,Small Claims,Disposed (Statistical Purposes),20210216,20210416
1,82175772,"Midland Credit Management, Inc",2198SC000047,Small Claims,Open,20210216,20210216
2,82176461,"Midland Credit Management, Inc",2198SC000051,Small Claims,Disposed (Statistical Purposes),20210216,20210524
3,82176534,"Midland Credit Management, Inc",2287SC000012,Small Claims,Open,20220207,20220207
4,82176855,"Midland Credit Management, Inc",2126CV000243,Civil,Open,20211216,20211216
5,82177410,"Midland Credit Management, Inc",2198SC000050,Small Claims,Disposed (Statistical Purposes),20210216,20211029
6,82178658,"Midland Credit Management, Inc",2013SC001446,Small Claims,Disposed (Statistical Purposes),20201123,20210825
7,82179074,"Midland Credit Management, Inc",2121SC000218,Small Claims,Open,20210427,20210427
8,82179097,"Midland Credit Management, Inc",1939SC000467,Small Claims,Disposed (Statistical Purposes),20191220,20200130
9,82179191,"Midland Credit Management, Inc",2198SC000052,Small Claims,Disposed (Statistical Purposes),20210216,20210309
10,82181163,"Midland Credit Management, Inc",2198SC000053,Small Claims,Disposed (Statistical Purposes),20210216,20210308
11,82182000,"Midland Credit Management, Inc",2061SC000231,Small Claims,Disposed (Statistical Purposes),20200203,20201203
12,82182263,"Midland Credit Management, Inc",2150SC000752,Small Claims,Open,20210430,20210430
13,82182400,"Midland Credit Management, Inc",2050SC001653,Small Claims,Disposed (Statistical Purposes),20201207,20211210
14,82183076,"Midland Credit Management, Inc",2033SC001570,Small Claims,Disposed (Statistical Purposes),20200914,20210719
15,82183237,"Midland Credit Management, Inc",2061SC000233,Small Claims,Disposed (Statistical Purposes),20200203,20201201
16,82183974,"Midland Credit Management, Inc",2111SC000855,Small Claims,Open,20210331,20210331
17,82184409,"Midland Credit Management, Inc",2061SC000226,Small Claims,Disposed (Statistical Purposes),20200203,20210309
18,82185510,"Midland Credit Management, Inc",2021SC000345,Small Claims,Disposed (Statistical Purposes),20200831,20210507
19,82186910,"Midland Credit Management, Inc",2142SC000041,Small Claims,Open,20210212,20210212
20,82188182,"Midland Credit Management, Inc",2142SC000047,Small Claims,Open,20210212,20210212
21,82188581,"Midland Credit Management, Inc",2111SC000856,Small Claims,Open,20210331,20210331
22,82189262,"Midland Credit Management, Inc",2011SC001913,Small Claims,Open,20201102,20201102
23,82189380,"Midland Credit Management, Inc",2142SC000044,Small Claims,Disposed (Statistical Purposes),20210212,20211105
24,82189609,"Midland Credit Management, Inc",2021SC000351,Small Claims,Open,20200819,20200819
25,82189834,"Midland Credit Management, Inc",2061SC000232,Small Claims,Disposed (Statistical Purposes),20200203,20200528
26,82191588,"Midland Credit Management, Inc",2142SC000040,Small Claims,Open,20210212,20210212
27,82192272,"Midland Credit Management, Inc",2111SC000852,Small Claims,Open,20210331,20210331
28,82192596,"Midland Credit Management, Inc",2142SC000045,Small Claims,Open,20210212,20210212
29,82192861,"Midland Credit Management, Inc",2011SC001914,Small Claims,Open,20201102,20201102
30,82193675,"Midland Credit Management, Inc",2142SC000043,Small Claims,Open,20210212,20210212
31,82194323,"Midland Credit Management, Inc",2142SC000046,Small Claims,Open,20210212,20210212
32,82195063,"Midland Credit Management, Inc",2142SC000042,Small Claims,Open,20210212,20210212
33,82195224,"Midland Credit Management, Inc",2061SC000225,Small Claims,Disposed (Statistical Purposes),20200203,20201124
34,82200035,"Midland Credit Management, Inc",2011SC001915,Small Claims,Open,20201102,20201102
35,82200261,"Midland Credit Management, Inc",2066SC000339,Small Claims,Covid 19 XXX Notice Issued,20200908,20201125
36,82200577,"Midland Credit Management, Inc",2111SC000850,Small Claims,Open,20210331,20210331
37,82202762,"Midland Credit Management, Inc",2066SC000338,Small Claims,Covid 19 XXX Notice Issued,20200908,20201125
38,82203564,"Midland Credit Management, Inc",2150SC000751,Small Claims,Open,20210430,20210430
39,82204621,"Midland Credit Management, Inc",2066SC000336,Small Claims,Closed,20200908,20210428
40,82206527,"Midland Credit Management, Inc",2050SC001717,Small Claims,Disposed (Statistical Purposes),20201209,20211008
41,82207688,"Midland Credit Management, Inc",2150SC000753,Small Claims,Open,20210430,20210430
42,82207990,"Midland Credit Management, Inc",2050SC001431,Small Claims,Disposed (Statistical Purposes),20201009,20210820
43,82208865,"Midland Credit Management, Inc",2050SC001432,Small Claims,Disposed (Statistical Purposes),20201009,20210820
44,82211046,"Midland Credit Management, Inc",2161SC000752,Small Claims,Open,20211029,20211029
45,82211381,"Midland Credit Management, Inc",2033SC001579,Small Claims,Open,20200916,20200916
46,82211803,"Midland Credit Management, Inc",2133SC000136,Small Claims,Open,20210129,20210129
47,82212884,"Midland Credit Management, Inc",2021SC000348,Small Claims,Disposed (Statistical Purposes),20200824,20210507
48,82213521,"Midland Credit Management, Inc",2161SC000758,Small Claims,Disposed (Statistical Purposes),20211029,20220201
49,82214797,"Midland Credit Management, Inc",2111SC002852,Small Claims,Open,20211014,20211014
0,82215031,"Midland Credit Management, Inc",2021SC000343,Small Claims,Open,20200904,20200904
1,82216399,"Midland Credit Management, Inc",2161SC000754,Small Claims,Open,20211029,20211029
2,82217132,"Midland Credit Management, Inc",2038SC000118,Small Claims,Disposed (Statistical Purposes),20200121,20210219
3,82217387,"Midland Credit Management, Inc",2021SC000341,Small Claims,Disposed (Statistical Purposes),20200904,20210430
4,82217914,"Midland Credit Management, Inc",2161SC000755,Small Claims,Disposed (Statistical Purposes),20211029,20211222
5,82218085,"Midland Credit Management, Inc",2136CV000631,Civil,Open,20211221,20211221
6,82219967,"Midland Credit Management, Inc",2161SC000753,Small Claims,Disposed (Statistical Purposes),20211029,20220201
7,82221564,"Midland Credit Management, Inc",2161SC000757,Small Claims,Disposed (Statistical Purposes),20211029,20220201
8,82221573,"Midland Credit Management, Inc",2111SC000859,Small Claims,Open,20210401,20210401
9,82221947,"Midland Credit Management, Inc",2161SC000756,Small Claims,Disposed (Statistical Purposes),20211029,20220201
10,82224462,"Midland Credit Management, Inc",2111SC002868,Small Claims,Open,20211014,20211014
11,82226643,"Midland Credit Management, Inc",2038SC000109,Small Claims,Disposed (Statistical Purposes),20200121,20210301
12,82226919,"Midland Credit Management, Inc",2111SC002500,Small Claims,Open,20210907,20210907
13,82227283,"Midland Credit Management, Inc",2111SC002864,Small Claims,Open,20211014,20211014
14,82227565,"Midland Credit Management, Inc",2111SC002865,Small Claims,Open,20211014,20211014
15,82229304,"Midland Credit Management, Inc",2111SC000469,Small Claims,Open,20210225,20210225
16,82230131,"Midland Credit Management, Inc",2111SC000468,Small Claims,Open,20210225,20210225
17,82231145,"Midland Credit Management, Inc",2111SC002476,Small Claims,Open,20210907,20210907
18,82232261,"Midland Credit Management, Inc",2050SC001726,Small Claims,Disposed (Statistical Purposes),20201211,20211015
19,82232694,"Midland Credit Management, Inc",2066SC000486,Small Claims,Disposed (Statistical Purposes),20201229,20210813
20,82232958,"Midland Credit Management, Inc",2066SC000488,Small Claims,Closed,20201229,20210707
21,82233478,"Midland Credit Management, Inc",2066SC000487,Small Claims,Covid 19 XXX Notice Issued,20201229,20220112
22,82233513,"Midland Credit Management, Inc",2021SC000375,Small Claims,Disposed (Statistical Purposes),20200908,20210426
23,82235736,"Midland Credit Management, Inc",2028SC000165,Small Claims,Covid 19 XXX Notice Issued,20200618,20201117
24,82235737,"Midland Credit Management, Inc",2028SC000165,Small Claims,Covid 19 XXX Notice Issued,20200618,20201117
25,82235738,"Midland Credit Management, Inc",2028SC000165,Small Claims,Covid 19 XXX Notice Issued,20200618,20201117
26,82235842,"Midland Credit Management, Inc",2021SC000376,Small Claims,Disposed (Statistical Purposes),20200908,20210430
27,82235949,"Midland Credit Management, Inc",2118SC001704,Small Claims,Open,20210816,20210816
28,82235998,"Midland Credit Management, Inc",2050SC001698,Small Claims,Disposed (Statistical Purposes),20201211,20211029
29,82236586,"Midland Credit Management, Inc",2111SC002861,Small Claims,Open,20211014,20211014
30,82236800,"Midland Credit Management, Inc",2111SC000473,Small Claims,Open,20210225,20210225
31,82237111,"Midland Credit Management, Inc",2118SC001706,Small Claims,Open,20210817,20210817
32,82237267,"Midland Credit Management, Inc",2111SC002860,Small Claims,Open,20211014,20211014
33,82238396,"Midland Credit Management, Inc",2028SC000164,Small Claims,Covid 19 XXX Notice Issued,20200618,20201117
34,82238810,"Midland Credit Management, Inc",2050SC001697,Small Claims,Disposed (Statistical Purposes),20201211,20210604
35,82239400,"Midland Credit Management, Inc",2118SC001709,Small Claims,Open,20210817,20210817
36,82239947,"Midland Credit Management, Inc",2111SC000467,Small Claims,Open,20210225,20210225
37,82239949,"Midland Credit Management, Inc",2111SC000864,Small Claims,Open,20210401,20210401
38,82240520,"Midland Credit Management, Inc",2118SC001707,Small Claims,Open,20210817,20210817
39,82242326,"Midland Credit Management, Inc",2111SC000863,Small Claims,Open,20210401,20210401
40,82242640,"Midland Credit Management, Inc",2033SC001509,Small Claims,Open,20200915,20200915
41,82243893,"Midland Credit Management, Inc",2118SC001703,Small Claims,Open,20210816,20210816
42,82244056,"Midland Credit Management, Inc",2198SC000064,Small Claims,Open,20210222,20210222
43,82245725,"Midland Credit Management, Inc",2126CV000261,Civil,Open,20211227,20211227
44,82246733,"Midland Credit Management, Inc",2111SC000861,Small Claims,Open,20210401,20210401
45,82248097,"Midland Credit Management, Inc",2061SC000261,Small Claims,Suspended-Notices sent Covid-19,20200204,20200709
46,82252268,"Midland Credit Management, Inc",2140SC000041,Small Claims,Disposed (Statistical Purposes),20210406,20211007
47,82254222,"Midland Credit Management, Inc",2111SC000484,Small Claims,Disposed (Statistical Purposes),20210226,20210517
48,82259707,"Midland Credit Management, Inc",2126SC000690,Small Claims,Open,20211228,20211228
49,82260927,"Midland Credit Management, Inc",2111SC000481,Small Claims,Open,20210226,20210226
0,82263228,"Midland Credit Management, Inc",2111SC000480,Small Claims,Open,20210226,20210226
1,82263452,"Midland Credit Management, Inc",2021SC000373,Small Claims,Disposed (Statistical Purposes),20200911,20210430
2,82269281,"Midland Credit Management, Inc",1916SC000870,Small Claims,Disposed (Statistical Purposes),20191122,20201005
3,82271874,"Midland Credit Management, Inc",2049SC000322,Small Claims,Disposed (Statistical Purposes),20200610,20210203
4,82273816,"Midland Credit Management, Inc",2022SC000173,Small Claims,Disposed (Statistical Purposes),20200608,20210506
5,82274243,"Midland Credit Management, Inc",2061SC000310,Small Claims,Disposed (Statistical Purposes),20200207,20201124
6,82276922,"Midland Credit Management, Inc",1918SC002885,Small Claims,Disposed (Statistical Purposes),20191230,20200305
7,82278184,"Midland Credit Management, Inc",2121SC000439,Small Claims,Open,20210823,20210823
8,82278626,"Midland Credit Management, Inc",2049SC000325,Small Claims,Disposed (Statistical Purposes),20200610,20210203
9,82279321,"Midland Credit Management, Inc",2049SC000321,Small Claims,Disposed (Statistical Purposes),20200610,20210203
10,82279520,"Midland Credit Management, Inc",2111SC000898,Small Claims,Open,20210405,20210405
11,82280141,"Midland Credit Management, Inc",2022SC000172,Small Claims,Disposed (Statistical Purposes),20200608,20210318
12,82280769,"Midland Credit Management, Inc",2122SC000520,Small Claims,Open,20210927,20210927
13,82280850,"Midland Credit Management, Inc",2050SC001802,Small Claims,Disposed (Statistical Purposes),20201221,20211119
14,82281927,"Midland Credit Management, Inc",2061SC000309,Small Claims,Disposed (Statistical Purposes),20200207,20201124
15,82282812,"Midland Credit Management, Inc",1918SC002882,Small Claims,Disposed (Statistical Purposes),20191230,20211115
16,82283355,"Midland Credit Management, Inc",2122SC000521,Small Claims,Open,20210927,20210927
17,82283669,"Midland Credit Management, Inc",2111SC000897,Small Claims,Open,20210405,20210405
18,82284477,"Midland Credit Management, Inc",2023SC002185,Small Claims,Open,20200908,20200908
19,82285025,"Midland Credit Management, Inc",2036SC001101,Small Claims,Disposed (Statistical Purposes),20201221,20210330
20,82286376,"Midland Credit Management, Inc",2023SC002189,Small Claims,Disposed (Statistical Purposes),20200908,20220210
21,82287224,"Midland Credit Management, Inc",2111SC000907,Small Claims,Open,20210406,20210406
22,82288108,"Midland Credit Management, Inc",2036SC001100,Small Claims,Disposed (Statistical Purposes),20201221,20211014
23,82288332,"Midland Credit Management, Inc",2066SC000383,Small Claims,Closed,20200929,20201015
24,82289494,"Midland Credit Management, Inc",2023SC002187,Small Claims,Disposed (Statistical Purposes),20200908,20220210
25,82289745,"Midland Credit Management, Inc",2036SC001102,Small Claims,Disposed (Statistical Purposes),20201221,20211014
26,82290467,"Midland Credit Management, Inc",2166SC000084,Small Claims,Disposed (Statistical Purposes),20210217,20210728
27,82290668,"Midland Credit Management, Inc",2036SC001099,Small Claims,Disposed (Statistical Purposes),20201221,20211007
28,82290889,"Midland Credit Management, Inc",2023SC002186,Small Claims,Disposed (Statistical Purposes),20200908,20220210
29,82290933,"Midland Credit Management, Inc",2166SC000083,Small Claims,Disposed (Statistical Purposes),20210217,20211130
30,82292249,"Midland Credit Management, Inc",2111SC003060,Small Claims,Open,20211025,20211025
31,82292387,"Midland Credit Management, Inc",2023SC002191,Small Claims,Open,20200908,20200908
32,82293079,"Midland Credit Management, Inc",2111SC003059,Small Claims,Open,20211025,20211025
33,82293128,"Midland Credit Management, Inc",2166SC000201,Small Claims,Disposed (Statistical Purposes),20210427,20211228
34,82293558,"Midland Credit Management, Inc",2161SC000052,Small Claims,Disposed (Statistical Purposes),20210128,20210803
35,82293706,"Midland Credit Management, Inc",2028SC000282,Small Claims,Disposed (Statistical Purposes),20200928,20210121
36,82293766,"Midland Credit Management, Inc",2111SC003061,Small Claims,Open,20211025,20211025
37,82293882,"Midland Credit Management, Inc",2166SC000204,Small Claims,Disposed (Statistical Purposes),20210427,20211228
38,82294362,"Midland Credit Management, Inc",2028SC000279,Small Claims,Disposed (Statistical Purposes),20200928,20210121
39,82294387,"Midland Credit Management, Inc",2161SC000051,Small Claims,Open,20210128,20210128
40,82294772,"Midland Credit Management, Inc",1916SC000888,Small Claims,Disposed (Statistical Purposes),20191125,20210927
41,82297128,"Midland Credit Management, Inc",2166SC000079,Small Claims,Disposed (Statistical Purposes),20210217,20211130
42,82297724,"Midland Credit Management, Inc",2132SC000931,Small Claims,Disposed (Statistical Purposes),20210428,20210820
43,82298086,"Midland Credit Management, Inc",2061SC000307,Small Claims,Disposed (Statistical Purposes),20200207,20201124
44,82298314,"Midland Credit Management, Inc",2023SC002190,Small Claims,Disposed (Statistical Purposes),20200908,20220210
45,82299003,"Midland Credit Management, Inc",2028SC000280,Small Claims,Disposed (Statistical Purposes),20200928,20210121
46,82299945,"Midland Credit Management, Inc",2111SC000894,Small Claims,Open,20210405,20210405
47,82300499,"Midland Credit Management, Inc",2111SC001048,Small Claims,Open,20210420,20210420
48,82300789,"Midland Credit Management, Inc",2023SC002198,Small Claims,Open,20200908,20200908
49,82301942,"Midland Credit Management, Inc",2166SC000081,Small Claims,Disposed (Statistical Purposes),20210217,20211130
0,82303138,"Midland Credit Management, Inc",2166SC000082,Small Claims,Closed,20210217,20211118
1,82303281,"Midland Credit Management, Inc",2028SC000281,Small Claims,Disposed (Statistical Purposes),20200928,20210121
2,82303854,"Midland Credit Management, Inc",2023SC002188,Small Claims,Disposed (Statistical Purposes),20200908,20201224
3,82303876,"Midland Credit Management, Inc",2166SC000085,Small Claims,Disposed (Statistical Purposes),20210217,20211130
4,82304297,"Midland Credit Management, Inc",2166SC000086,Small Claims,Disposed (Statistical Purposes),20210217,20211130
5,82304564,"Midland Credit Management, Inc",2028SC000278,Small Claims,Disposed (Statistical Purposes),20200928,20210121
6,82304587,"Midland Credit Management, Inc",2133SC000233,Small Claims,Open,20210208,20210208
7,82305854,"Midland Credit Management, Inc",2133SC000238,Small Claims,Open,20210208,20210211
8,82306843,"Midland Credit Management, Inc",2028SC000299,Small Claims,Disposed (Statistical Purposes),20201019,20210128
9,82307842,"Midland Credit Management, Inc",2111SC001027,Small Claims,Open,20210420,20210420
10,82307911,"Midland Credit Management, Inc",2133SC000231,Small Claims,Open,20210208,20210208
11,82308032,"Midland Credit Management, Inc",2023SC002206,Small Claims,Open,20200908,20200908
12,82308328,"Midland Credit Management, Inc",2023SC002192,Small Claims,Disposed (Statistical Purposes),20200908,20220210
13,82309846,"Midland Credit Management, Inc",2023SC002199,Small Claims,Open,20200908,20200908
14,82310556,"Midland Credit Management, Inc",2023SC002201,Small Claims,Open,20200908,20200908
15,82310557,"Midland Credit Management, Inc",2133SC000240,Small Claims,Disposed (Statistical Purposes),20210208,20210618
16,82310703,"Midland Credit Management, Inc",2133SC000235,Small Claims,Open,20210208,20210208
17,82311438,"Midland Credit Management, Inc",2133SC000236,Small Claims,Open,20210208,20210208
18,82312159,"Midland Credit Management, Inc",2198SC000076,Small Claims,Disposed (Statistical Purposes),20210301,20210521
19,82313135,"Midland Credit Management, Inc",2133SC000234,Small Claims,Open,20210208,20210208
20,82317704,"Midland Credit Management, Inc",2026SC000418,Small Claims,Open,20200908,20200908
21,82318658,"Midland Credit Management, Inc",2133SC000209,Small Claims,Open,20210209,20210209
22,82320150,"Midland Credit Management, Inc",2198SC000077,Small Claims,Disposed (Statistical Purposes),20210301,20210416
23,82324868,"Midland Credit Management, Inc",2089SC000522,Small Claims,Open,20200821,20200821
24,82326443,"Midland Credit Management, Inc",2132SC000925,Small Claims,Disposed (Statistical Purposes),20210428,20210820
25,82327065,"Midland Credit Management, Inc",2132SC000936,Small Claims,Disposed (Statistical Purposes),20210428,20210826
26,82327673,"Midland Credit Management, Inc",2111SC003079,Small Claims,Open,20211027,20211027
27,82327801,"Midland Credit Management, Inc",2132SC000915,Small Claims,Disposed (Statistical Purposes),20210428,20210826
28,82327930,"Midland Credit Management, Inc",2023SC002219,Small Claims,Disposed (Statistical Purposes),20200909,20210930
29,82327961,"Midland Credit Management, Inc",2061SC000308,Small Claims,Disposed (Statistical Purposes),20200207,20201124
30,82328436,"Midland Credit Management, Inc",2022SC000183,Small Claims,Disposed (Statistical Purposes),20200626,20210325
31,82329875,"Midland Credit Management, Inc",2028SC000304,Small Claims,Disposed (Statistical Purposes),20201022,20210114
32,82329953,"Midland Credit Management, Inc",2111SC001050,Small Claims,Open,20210421,20210421
33,82331128,"Midland Credit Management, Inc",2028SC000303,Small Claims,Disposed (Statistical Purposes),20201022,20210115
34,82331349,"Midland Credit Management, Inc",2111SC001054,Small Claims,Open,20210421,20210421
35,82332130,"Midland Credit Management, Inc",2023SC002224,Small Claims,Disposed (Statistical Purposes),20200909,20220203
36,82332421,"Midland Credit Management, Inc",2111SC001046,Small Claims,Open,20210421,20210421
37,82333106,"Midland Credit Management, Inc",2026SC000416,Small Claims,Open,20200908,20200908
38,82333323,"Midland Credit Management, Inc",2123SC003938,Small Claims,Open,20211129,20211129
39,82334030,"Midland Credit Management, Inc",2023SC002220,Small Claims,Open,20200909,20200909
40,82334400,"Midland Credit Management, Inc",2050SC001814,Small Claims,Disposed (Statistical Purposes),20201223,20211210
41,82334997,"Midland Credit Management, Inc",2133SC000230,Small Claims,Open,20210208,20210208
42,82335542,"Midland Credit Management, Inc",2027SC000288,Small Claims,Disposed (Statistical Purposes),20200601,20200727
43,82336307,"Midland Credit Management, Inc",2122SC000653,Small Claims,Open,20211118,20211118
44,82337703,"Midland Credit Management, Inc",2111SC001037,Small Claims,Open,20210421,20210421
45,82338394,"Midland Credit Management, Inc",2111SC001039,Small Claims,Open,20210421,20210421
46,82338714,"Midland Credit Management, Inc",2050SC001823,Small Claims,Disposed (Statistical Purposes),20201223,20211119
47,82339356,"Midland Credit Management, Inc",2198SC000667,Small Claims,Disposed (Statistical Purposes),20211101,20220114
48,82340223,"Midland Credit Management, Inc",2198SC000083,Small Claims,Disposed (Statistical Purposes),20210303,20210514
49,82340980,"Midland Credit Management, Inc",2128SC000175,Small Claims,Disposed (Statistical Purposes),20210504,20211202
0,82341595,"Midland Credit Management, Inc",2133SC000229,Small Claims,Open,20210208,20210208
1,82341592,"Midland Credit Management, Inc",2111SC001051,Small Claims,Open,20210421,20210421
2,82342357,"Midland Credit Management, Inc",2023SC002222,Small Claims,Disposed (Statistical Purposes),20200909,20220203
3,82342946,"Midland Credit Management, Inc",2133SC000232,Small Claims,Open,20210208,20210208
4,82344248,"Midland Credit Management, Inc",2023SC002221,Small Claims,Disposed (Statistical Purposes),20200909,20220203
5,82345392,"Midland Credit Management, Inc",2023SC002223,Small Claims,Disposed (Statistical Purposes),20200909,20201007
6,82346123,"Midland Credit Management, Inc",2122SC000654,Small Claims,Open,20211118,20211118
7,82347211,"Midland Credit Management, Inc",2133SC000210,Small Claims,Open,20210209,20210209
8,82347307,"Midland Credit Management, Inc",2050SC001799,Small Claims,Open,20201223,20201223
9,82347554,"Midland Credit Management, Inc",2122SC000531,Small Claims,Open,20211001,20211001
10,82348275,"Midland Credit Management, Inc",2050SC001825,Small Claims,Disposed (Statistical Purposes),20201223,20211119
11,82349008,"Midland Credit Management, Inc",2133SC000203,Small Claims,Open,20210209,20210209
12,82350369,"Midland Credit Management, Inc",2122SC000532,Small Claims,Open,20211001,20211001
13,82354721,"Midland Credit Management, Inc",2036SC001107,Small Claims,Open,20201228,20201228
14,82354904,"Midland Credit Management, Inc",2050SC001815,Small Claims,Open,20201223,20201223
15,82357026,"Midland Credit Management, Inc",2122SC000135,Small Claims,Disposed (Statistical Purposes),20210322,20211014
16,82360163,"Midland Credit Management, Inc",2018SC000259,Small Claims,Disposed (Statistical Purposes),20200130,20200309
17,82361207,"Midland Credit Management, Inc",2133SC000239,Small Claims,Open,20210208,20210208
18,82370191,"Midland Credit Management, Inc",2133SC000219,Small Claims,Open,20210210,20210210
19,82371636,"Midland Credit Management, Inc",2133SC000204,Small Claims,Open,20210210,20210210
20,82371800,"Midland Credit Management, Inc",2133SC000264,Small Claims,Open,20210210,20210210
21,82373313,"Midland Credit Management, Inc",2133SC000257,Small Claims,Open,20210210,20210210
22,82373834,"Midland Credit Management, Inc",2023SC002494,Small Claims,Open,20201102,20201102
23,82375271,"Midland Credit Management, Inc",2133SC000201,Small Claims,Disposed (Statistical Purposes),20210210,20210603
24,82376722,"Midland Credit Management, Inc",2133SC000237,Small Claims,Open,20210211,20210211
25,82379950,"Midland Credit Management, Inc",2111SC003105,Small Claims,Open,20211029,20211029
26,82380135,"Midland Credit Management, Inc",2122CV000199,Civil,Disposed (Statistical Purposes),20211004,20211222
27,82380172,"Midland Credit Management, Inc",2066SC000428,Small Claims,Disposed (Statistical Purposes),20201104,20210914
28,82380324,"Midland Credit Management, Inc",2122SC000534,Small Claims,Open,20211004,20211004
29,82380688,"Midland Credit Management, Inc",2036SC001105,Small Claims,Open,20201228,20201228
30,82381130,"Midland Credit Management, Inc",2133SC000265,Small Claims,Open,20210210,20210210
31,82382247,"Midland Credit Management, Inc",2033SC001635,Small Claims,Open,20200921,20200921
32,82382551,"Midland Credit Management, Inc",2039SC000025,Small Claims,Suspended Covid 19 extended,20200123,20200323
33,82382747,"Midland Credit Management, Inc",2122SC000661,Small Claims,Open,20211122,20211122
34,82383304,"Midland Credit Management, Inc",2133SC000202,Small Claims,Open,20210210,20210210
35,82384259,"Midland Credit Management, Inc",2111SC001089,Small Claims,Open,20210426,20210426
36,82386475,"Midland Credit Management, Inc",2159CV000642,Civil,Open,20211227,20211227
37,82386605,"Midland Credit Management, Inc",2133SC000254,Small Claims,Open,20210210,20210210
38,82387222,"Midland Credit Management, Inc",2036SC001106,Small Claims,Disposed (Statistical Purposes),20201228,20211014
39,82387481,"Midland Credit Management, Inc",2133SC000207,Small Claims,Open,20210210,20210210
40,82388339,"Midland Credit Management, Inc",2061SC000320,Small Claims,Disposed (Statistical Purposes),20200210,20201208
41,82388499,"Midland Credit Management, Inc",2133SC000206,Small Claims,Open,20210210,20210210
42,82389568,"Midland Credit Management, Inc",2133SC000221,Small Claims,Open,20210210,20210210
43,82389739,"Midland Credit Management, Inc",2133SC000333,Small Claims,Open,20210225,20210225
44,82390411,"Midland Credit Management, Inc",2111SC001088,Small Claims,Open,20210426,20210426
45,82391843,"Midland Credit Management, Inc",2050SC001824,Small Claims,Disposed (Statistical Purposes),20201223,20211119
46,82393106,"Midland Credit Management, Inc",2050SC000302,Small Claims,Disposed (Statistical Purposes),20200213,20211022
47,82393432,"Midland Credit Management, Inc",2133SC000335,Small Claims,Disposed (Statistical Purposes),20210225,20211008
48,82394739,"Midland Credit Management, Inc",2089SC000524,Small Claims,Disposed (Statistical Purposes),20200831,20201216
49,82394858,"Midland Credit Management, Inc",2122SC000665,Small Claims,Open,20211124,20211124
0,82395596,"Midland Credit Management, Inc",2089SC000530,Small Claims,Disposed (Statistical Purposes),20200831,20201216
1,82395759,"Midland Credit Management, Inc",2111SC001081,Small Claims,Open,20210426,20210426
2,82396359,"Midland Credit Management, Inc",2042SC000206,Small Claims,Open,20201023,20201023
3,82397678,"Midland Credit Management, Inc",2061SC000318,Small Claims,Disposed (Statistical Purposes),20200210,20210126
4,82399100,"Midland Credit Management, Inc",2111SC001084,Small Claims,Open,20210426,20210426
5,82399632,"Midland Credit Management, Inc",2243SC000059,Small Claims,Open,20220207,20220207
6,82399722,"Midland Credit Management, Inc",2133SC000208,Small Claims,Open,20210210,20210210
7,82399806,"Midland Credit Management, Inc",2089SC000533,Small Claims,Disposed (Statistical Purposes),20200831,20201216
8,82400958,"Midland Credit Management, Inc",2133SC000205,Small Claims,Open,20210210,20210210
9,82401214,"Midland Credit Management, Inc",2061SC000317,Small Claims,Disposed (Statistical Purposes),20200210,20200707
10,82401379,"Midland Credit Management, Inc",2133SC000255,Small Claims,Open,20210210,20210212
11,82402415,"Midland Credit Management, Inc",2111SC001086,Small Claims,Open,20210426,20210426
12,82402505,"Midland Credit Management, Inc",2133SC000220,Small Claims,Open,20210210,20210210
13,82402549,"Midland Credit Management, Inc",2061SC000323,Small Claims,Disposed (Statistical Purposes),20200210,20201209
14,82402624,"Midland Credit Management, Inc",2133SC000259,Small Claims,Open,20210210,20210210
15,82402782,"Midland Credit Management, Inc",2133SC000227,Small Claims,Open,20210211,20210211
16,82403866,"Midland Credit Management, Inc",2133SC000228,Small Claims,Open,20210211,20210211
17,82406355,"Midland Credit Management, Inc",2061SC000319,Small Claims,Disposed (Statistical Purposes),20200210,20210308
18,82407404,"Midland Credit Management, Inc",2061SC000322,Small Claims,Disposed (Statistical Purposes),20200210,20200320
19,82407575,"Midland Credit Management, Inc",2111SC001090,Small Claims,Open,20210426,20210426
20,82407653,"Midland Credit Management, Inc",2039SC000028,Small Claims,Disposed (Statistical Purposes),20200127,20200304
21,82407849,"Midland Credit Management, Inc",2187SC000068,Small Claims,Disposed (Statistical Purposes),20210427,20210625
22,82408209,"Midland Credit Management, Inc",2166CV000225,Civil,Open,20210921,20210921
23,82408318,"Midland Credit Management, Inc",2061SC000321,Small Claims,Disposed (Statistical Purposes),20200210,20201209
24,82410624,"Midland Credit Management, Inc",2111SC001078,Small Claims,Open,20210426,20210426
25,82412839,"Midland Credit Management, Inc",2133SC000334,Small Claims,Open,20210225,20210225
26,82415114,"Midland Credit Management, Inc",2111SC003130,Small Claims,Open,20211101,20211101
27,82417177,"Midland Credit Management, Inc",2122CV000198,Civil,Open,20211006,20211006
28,82417912,"Midland Credit Management, Inc",2133SC000262,Small Claims,Disposed (Statistical Purposes),20210212,20210618
29,82418266,"Midland Credit Management, Inc",2166SC000107,Small Claims,Open,20210303,20210303
30,82418662,"Midland Credit Management, Inc",2133SC000260,Small Claims,Open,20210212,20210212
31,82419564,"Midland Credit Management, Inc",2133SC000263,Small Claims,Open,20210212,20210212
32,82422108,"Midland Credit Management, Inc",2223SC000104,Small Claims,Open,20220119,20220119
33,82424346,"Midland Credit Management, Inc",2166SC000108,Small Claims,Closed,20210303,20211214
34,82426461,"Midland Credit Management, Inc",2133SC000256,Small Claims,Open,20210212,20210212
35,82427710,"Midland Credit Management, Inc",2133SC000261,Small Claims,Open,20210212,20210212
36,82430667,"Midland Credit Management, Inc",2039SC000030,Small Claims,Disposed (Statistical Purposes),20200130,20200305
37,82431726,"Midland Credit Management, Inc",2045SC000335,Small Claims,Disposed (Statistical Purposes),20201019,20210331
38,82434117,"Midland Credit Management, Inc",2150CV000381,Civil,Open,20210511,20210511
39,82434806,"Midland Credit Management, Inc",2166SC000106,Small Claims,Disposed (Statistical Purposes),20210303,20211214
40,82434919,"Midland Credit Management, Inc",2012SC000211,Small Claims,Disposed (Statistical Purposes),20200828,20211118
41,82438310,"Midland Credit Management, Inc",2050SC001812,Small Claims,Disposed (Statistical Purposes),20201229,20211119
42,82438532,"Midland Credit Management, Inc",2050SC001809,Small Claims,Open,20201229,20210105
43,82439505,"Midland Credit Management, Inc",2166SC000104,Small Claims,Disposed (Statistical Purposes),20210302,20211214
44,82443742,"Midland Credit Management, Inc",2050SC001813,Small Claims,Disposed (Statistical Purposes),20201229,20211119
45,82445347,"Midland Credit Management, Inc",2018SC000180,Small Claims,Disposed (Statistical Purposes),20200121,20210802
46,82447737,"Midland Credit Management, Inc",2050SC001805,Small Claims,Open,20201229,20201229
47,82447989,"Midland Credit Management, Inc",2226CV000012,Civil,Open,20220111,20220111
48,82449369,"Midland Credit Management, Inc",2111SC001113,Small Claims,Open,20210430,20210430
49,82450069,"Midland Credit Management, Inc",2150SC000796,Small Claims,Open,20210512,20210512
0,82450681,"Midland Credit Management, Inc",2032SC001936,Small Claims,Disposed (Statistical Purposes),20201211,20210421
1,82451277,"Midland Credit Management, Inc",2050SC001811,Small Claims,Open,20201229,20201229
2,82451529,"Midland Credit Management, Inc",2018SC000306,Small Claims,Disposed (Statistical Purposes),20200203,20210806
3,82454903,"Midland Credit Management, Inc",2122SC000676,Small Claims,Open,20211203,20211203
4,82455368,"Midland Credit Management, Inc",2044SC000472,Small Claims,Open,20200710,20200710
5,82455871,"Midland Credit Management, Inc",2111SC001118,Small Claims,Open,20210430,20210430
6,82456904,"Midland Credit Management, Inc",2226CV000011,Civil,Open,20220111,20220111
7,82459017,"Midland Credit Management, Inc",2122SC000677,Small Claims,Open,20211203,20211203
8,82459565,"Midland Credit Management, Inc",2018SC000305,Small Claims,Disposed (Statistical Purposes),20200203,20200518
9,82462793,"Midland Credit Management, Inc",2111SC003033,Small Claims,Open,20211025,20211025
10,82463333,"Midland Credit Management, Inc",2111SC003032,Small Claims,Open,20211025,20211025
11,82463337,"Midland Credit Management, Inc",2023SC002225,Small Claims,Disposed (Statistical Purposes),20200915,20220203
12,82463315,"Midland Credit Management, Inc",1917SC000690,Small Claims,Suspended-Notices sent Covid-19,20191216,20200324
13,82464370,"Midland Credit Management, Inc",2039SC000036,Small Claims,Disposed (Statistical Purposes),20200203,20200312
14,82465530,"Midland Credit Management, Inc",2023SC002235,Small Claims,Open,20200915,20200915
15,82466379,"Midland Credit Management, Inc",2036SC000611,Small Claims,Disposed (Statistical Purposes),20200629,20210909
16,82467749,"Midland Credit Management, Inc",2018SC000307,Small Claims,Disposed (Statistical Purposes),20200203,20211025
17,82468771,"Midland Credit Management, Inc",2111SC001120,Small Claims,Open,20210430,20210430
18,82470259,"Midland Credit Management, Inc",2023SC002234,Small Claims,Open,20200915,20200915
19,82471508,"Midland Credit Management, Inc",2062SC001720,Small Claims,Disposed (Statistical Purposes),20200904,20210623
20,82471779,"Midland Credit Management, Inc",2150SC000850,Small Claims,Open,20210514,20210514
21,82473014,"Midland Credit Management, Inc",2018SC000293,Small Claims,Disposed (Statistical Purposes),20200203,20211025
22,82473164,"Midland Credit Management, Inc",2022SC000356,Small Claims,Disposed (Statistical Purposes),20201116,20210804
23,82473220,"Midland Credit Management, Inc",2111SC001114,Small Claims,Open,20210430,20210430
24,82473744,"Midland Credit Management, Inc",2166SC000116,Small Claims,Open,20210305,20210305
25,82480079,"Midland Credit Management, Inc",2111SC001122,Small Claims,Open,20210430,20210430
26,82480417,"Midland Credit Management, Inc",2122SC000150,Small Claims,Disposed (Statistical Purposes),20210329,20211021
27,82481569,"Midland Credit Management, Inc",2028SC000315,Small Claims,Disposed (Statistical Purposes),20201102,20210218
28,82483960,"Midland Credit Management, Inc",2122SC000151,Small Claims,Closed (Transferred),20210329,20220207
29,82484339,"Midland Credit Management, Inc",2031SC001096,Small Claims,Disposed (Statistical Purposes),20200908,20211213
30,82486930,"Midland Credit Management, Inc",2136CV000021,Civil,Open,20210104,20210104
31,82486973,"Midland Credit Management, Inc",2057CV000222,Civil,Disposed (Statistical Purposes),20200917,20201211
32,82487867,"Midland Credit Management, Inc",2057CV000221,Civil,Open,20200917,20200917
33,82488802,"Midland Credit Management, Inc",2031SC001097,Small Claims,Disposed (Statistical Purposes),20200908,20210621
34,82490042,"Midland Credit Management, Inc",2150SC000870,Small Claims,Open,20210514,20210514
35,82491137,"Midland Credit Management, Inc",2122SC000152,Small Claims,Disposed (Statistical Purposes),20210329,20211027
36,82491454,"Midland Credit Management, Inc",2018SC000284,Small Claims,Disposed (Statistical Purposes),20200203,20210803
37,82493230,"Midland Credit Management, Inc",2166SC000558,Small Claims,Open,20210930,20210930
38,82493292,"Midland Credit Management, Inc",2018SC000291,Small Claims,Disposed (Statistical Purposes),20200203,20210803
39,82494724,"Midland Credit Management, Inc",2018SC000292,Small Claims,Disposed (Statistical Purposes),20200203,20200615
40,82494887,"Midland Credit Management, Inc",2018SC000308,Small Claims,Disposed (Statistical Purposes),20200203,20210803
41,82498381,"Midland Credit Management, Inc",2018SC000295,Small Claims,Disposed (Statistical Purposes),20200203,20210803
42,82499733,"Midland Credit Management, Inc",2012SC000264,Small Claims,Disposed (Statistical Purposes),20201117,20211209
43,82500856,"Midland Credit Management, Inc",2133SC000362,Small Claims,Open,20210301,20210301
44,82502267,"Midland Credit Management, Inc",2111SC003038,Small Claims,Open,20211025,20211025
45,82502460,"Midland Credit Management, Inc",2150SC000869,Small Claims,Open,20210514,20210514
46,82503250,"Midland Credit Management, Inc",2150SC000872,Small Claims,Open,20210514,20210514
47,82503837,"Midland Credit Management, Inc",2150SC000871,Small Claims,Open,20210514,20210514
48,82504352,"Midland Credit Management, Inc",2018SC000296,Small Claims,Disposed (Statistical Purposes),20200203,20210803
49,82505400,"Midland Credit Management, Inc",2151SC000840,Small Claims,Open,20211206,20211206
0,82507216,"Midland Credit Management, Inc",2012SC000221,Small Claims,Disposed (Statistical Purposes),20200909,20211118
1,82507402,"Midland Credit Management, Inc",2018SC000304,Small Claims,Disposed (Statistical Purposes),20200203,20210803
2,82508229,"Midland Credit Management, Inc",2111SC001042,Small Claims,Open,20210420,20210420
3,82508992,"Midland Credit Management, Inc",2111SC001059,Small Claims,Open,20210420,20210420
4,82509748,"Midland Credit Management, Inc",2018SC000289,Small Claims,Disposed (Statistical Purposes),20200203,20210803
5,82510930,"Midland Credit Management, Inc",2026SC000436,Small Claims,Open,20200916,20200916
6,82511505,"Midland Credit Management, Inc",2018SC000290,Small Claims,Disposed (Statistical Purposes),20200203,20210803
7,82512779,"Midland Credit Management, Inc",2012SC000224,Small Claims,Disposed (Statistical Purposes),20200911,20211118
8,82513260,"Midland Credit Management, Inc",2111SC001044,Small Claims,Open,20210420,20210420
9,82513686,"Midland Credit Management, Inc",2122SC000158,Small Claims,Disposed (Statistical Purposes),20210331,20211021
10,82516479,"Midland Credit Management, Inc",2018SC000285,Small Claims,Disposed (Statistical Purposes),20200203,20200817
11,82517005,"Midland Credit Management, Inc",2018SC000294,Small Claims,Disposed (Statistical Purposes),20200203,20200330
12,82518683,"Midland Credit Management, Inc",2159SC001585,Small Claims,Open,20211214,20211214
13,82520895,"Midland Credit Management, Inc",2159SC001583,Small Claims,Open,20211214,20211214
14,82522013,"Midland Credit Management, Inc",2033SC002038,Small Claims,Disposed (Statistical Purposes),20201209,20210408
15,82522618,"Midland Credit Management, Inc",2165SC000172,Small Claims,Open,20210402,20210402
16,82522847,"Midland Credit Management, Inc",2121SC000090,Small Claims,Disposed (Statistical Purposes),20210217,20210521
17,82523441,"Midland Credit Management, Inc",2121SC000088,Small Claims,Disposed (Statistical Purposes),20210217,20210527
18,82523687,"Midland Credit Management, Inc",2198SC000137,Small Claims,Open,20210322,20210322
19,82524771,"Midland Credit Management, Inc",2121SC000089,Small Claims,Disposed (Statistical Purposes),20210217,20210521
20,82524818,"Midland Credit Management, Inc",2157SC000158,Small Claims,Disposed (Statistical Purposes),20210308,20210827
21,82525757,"Midland Credit Management, Inc",2159SC001584,Small Claims,Open,20211214,20211214
22,82526109,"Midland Credit Management, Inc",2033SC002035,Small Claims,Open,20201209,20201209
23,82527729,"Midland Credit Management, Inc",2159SC001582,Small Claims,Open,20211214,20211214
24,82527767,"Midland Credit Management, Inc",2033SC002041,Small Claims,Open,20201209,20201209
25,82531810,"Midland Credit Management, Inc",2023SC002254,Small Claims,Disposed (Statistical Purposes),20200921,20220126
26,82533954,"Midland Credit Management, Inc",2043SC000230,Small Claims,Disposed (Statistical Purposes),20200309,20201202
27,82534014,"Midland Credit Management, Inc",2026SC000441,Small Claims,Open,20200917,20200917
28,82535153,"Midland Credit Management, Inc",2023SC002253,Small Claims,Open,20200921,20200921
29,82535226,"Midland Credit Management, Inc",2012SC000229,Small Claims,Disposed (Statistical Purposes),20200915,20211007
30,82535840,"Midland Credit Management, Inc",2012SC000228,Small Claims,Disposed (Statistical Purposes),20200916,20211012
31,82537784,"Midland Credit Management, Inc",2023SC002252,Small Claims,Open,20200921,20200921
32,82539190,"Midland Credit Management, Inc",2045SC000345,Small Claims,Disposed (Statistical Purposes),20201103,20211215
33,82540957,"Midland Credit Management, Inc",1917SC000719,Small Claims,Disposed (Statistical Purposes),20191226,20211102
34,82541229,"Midland Credit Management, Inc",2023SC002250,Small Claims,Open,20200921,20200921
35,82543187,"Midland Credit Management, Inc",1917SC000716,Small Claims,Disposed (Statistical Purposes),20191226,20211102
36,82544211,"Midland Credit Management, Inc",2023SC002298,Small Claims,Open,20200922,20200922
37,82546235,"Midland Credit Management, Inc",2043SC000228,Small Claims,Disposed (Statistical Purposes),20200309,20201202
38,82547300,"Midland Credit Management, Inc",2043SC000229,Small Claims,Disposed (Statistical Purposes),20200309,20201106
39,82550326,"Midland Credit Management, Inc",2023SC002256,Small Claims,Open,20200921,20200921
40,82550557,"Midland Credit Management, Inc",2026SC000439,Small Claims,Open,20200921,20200921
41,82553810,"Midland Credit Management, Inc",2026SC000127,Small Claims,Suspended Covid 19 extended,20200309,20200430
42,82554272,"Midland Credit Management, Inc",2122SC000159,Small Claims,Disposed (Statistical Purposes),20210401,20211021
43,82554873,"Midland Credit Management, Inc",2133SC000424,Small Claims,Open,20210305,20210305
44,82555658,"Midland Credit Management, Inc",2122SC000160,Small Claims,Open,20210401,20210401
45,82555904,"Midland Credit Management, Inc",2033SC002054,Small Claims,Disposed (Statistical Purposes),20201210,20211217
46,82558213,"Midland Credit Management, Inc",2023SC002292,Small Claims,Open,20200922,20200922
47,82560811,"Midland Credit Management, Inc",2133SC000425,Small Claims,Open,20210305,20210305
48,82561494,"Midland Credit Management, Inc",2026SC000440,Small Claims,Open,20200921,20200921
49,82564430,"Midland Credit Management, Inc",2127SC001061,Small Claims,Open,20211206,20211206
0,82568143,"Midland Credit Management, Inc",2023SC002255,Small Claims,Open,20200921,20200921
1,82569683,"Midland Credit Management, Inc",2023SC002295,Small Claims,Open,20200922,20200922
2,82570260,"Midland Credit Management, Inc",2127SC001060,Small Claims,Open,20211206,20211206
3,82572274,"Midland Credit Management, Inc",2127SC001059,Small Claims,Open,20211206,20211206
4,82572306,"Midland Credit Management, Inc",2023SC002294,Small Claims,Open,20200922,20200922
5,82574232,"Midland Credit Management, Inc",2018SC000361,Small Claims,Disposed (Statistical Purposes),20200207,20200330
6,82575021,"Midland Credit Management, Inc",2259CV000019,Civil,Open,20220113,20220113
7,82576192,"Midland Credit Management, Inc",1917SC000722,Small Claims,Disposed (Statistical Purposes),20191230,20200508
8,82577668,"Midland Credit Management, Inc",2059SC000549,Small Claims,Disposed (Statistical Purposes),20200615,20210406
9,82578503,"Midland Credit Management, Inc",2198SC000153,Small Claims,Disposed (Statistical Purposes),20210329,20211203
10,82581051,"Midland Credit Management, Inc",2053SC000992,Small Claims,Disposed (Statistical Purposes),20201209,20210602
11,82583352,"Midland Credit Management, Inc",1917SC000721,Small Claims,Suspended-Notices sent Covid-19,20191230,20200324
12,82584286,"Midland Credit Management, Inc",2018SC000360,Small Claims,Open,20200207,20200207
13,82585264,"Midland Credit Management, Inc",2018SC000213,Small Claims,Disposed (Statistical Purposes),20200127,20201214
14,82585500,"Midland Credit Management, Inc",2018SC000362,Small Claims,Disposed (Statistical Purposes),20200207,20200526
15,82587160,"Midland Credit Management, Inc",2122CV000204,Civil,Open,20211015,20211015
16,82587781,"Midland Credit Management, Inc",2018SC000215,Small Claims,Open,20200127,20200127
17,82593387,"Midland Credit Management, Inc",2017SC000005,Small Claims,Disposed (Statistical Purposes),20200102,20211102
18,82593569,"Midland Credit Management, Inc",2036SC000636,Small Claims,Disposed (Statistical Purposes),20200707,20210528
19,82593722,"Midland Credit Management, Inc",2112SC000031,Small Claims,Open,20210203,20210203
20,82593899,"Midland Credit Management, Inc",2127SC000315,Small Claims,Disposed (Statistical Purposes),20210427,20211117
21,82593919,"Midland Credit Management, Inc",2017SC000004,Small Claims,Disposed (Statistical Purposes),20200102,20211102
22,82597253,"Midland Credit Management, Inc",2149SC001122,Small Claims,Open,20211129,20211129
23,82597750,"Midland Credit Management, Inc",2198SC000156,Small Claims,Disposed (Statistical Purposes),20210330,20210611
24,82598144,"Midland Credit Management, Inc",2040SC000015,Small Claims,Disposed (Statistical Purposes),20200206,20200429
25,82598393,"Midland Credit Management, Inc",2116SC000054,Small Claims,Disposed (Statistical Purposes),20210208,20210510
26,82598470,"Midland Credit Management, Inc",2198SC000155,Small Claims,Disposed (Statistical Purposes),20210330,20210430
27,82599288,"Midland Credit Management, Inc",2122SC000163,Small Claims,Disposed (Statistical Purposes),20210406,20211021
28,82599428,"Midland Credit Management, Inc",2036SC000995,Small Claims,Disposed (Statistical Purposes),20201116,20211007
29,82599581,"Midland Credit Management, Inc",2036SC000996,Small Claims,Disposed (Statistical Purposes),20201116,20211118
30,82599810,"Midland Credit Management, Inc",2059SC000548,Small Claims,Disposed (Statistical Purposes),20200615,20211019
31,82600241,"Midland Credit Management, Inc",2018SC000366,Small Claims,Disposed (Statistical Purposes),20200207,20210804
32,82600406,"Midland Credit Management, Inc",2149SC001124,Small Claims,Disposed (Statistical Purposes),20211129,20220127
33,82602328,"Midland Credit Management, Inc",2149SC001123,Small Claims,Disposed (Statistical Purposes),20211129,20220127
34,82603283,"Midland Credit Management, Inc",2122SC000162,Small Claims,Disposed (Statistical Purposes),20210405,20211021
35,82603955,"Midland Credit Management, Inc",2023SC002323,Small Claims,Disposed (Statistical Purposes),20200924,20210707
36,82606560,"Midland Credit Management, Inc",2121SC000101,Small Claims,Disposed (Statistical Purposes),20210302,20210521
37,82607271,"Midland Credit Management, Inc",2121SC000098,Small Claims,Disposed (Statistical Purposes),20210302,20210521
38,82608374,"Midland Credit Management, Inc",2045SC000423,Small Claims,Disposed (Statistical Purposes),20201224,20211206
39,82609330,"Midland Credit Management, Inc",2045SC000422,Small Claims,Disposed (Statistical Purposes),20201224,20210728
40,82609711,"Midland Credit Management, Inc",2151SC000865,Small Claims,Open,20211216,20211216
41,82609959,"Midland Credit Management, Inc",2018SC000359,Small Claims,Disposed (Statistical Purposes),20200207,20210804
42,82610240,"Midland Credit Management, Inc",2121SC000103,Small Claims,Disposed (Statistical Purposes),20210303,20210720
43,82611412,"Midland Credit Management, Inc",2023SC002102,Small Claims,Disposed (Statistical Purposes),20200821,20210217
44,82613071,"Midland Credit Management, Inc",2159SC001619,Small Claims,Open,20211221,20211221
45,82613934,"Midland Credit Management, Inc",2023SC002096,Small Claims,Disposed (Statistical Purposes),20200821,20210122
46,82614491,"Midland Credit Management, Inc",2026SC000446,Small Claims,Open,20200928,20200928
47,82614947,"Midland Credit Management, Inc",2023SC002106,Small Claims,Disposed (Statistical Purposes),20200821,20210122
48,82615562,"Midland Credit Management, Inc",2188SC000032,Small Claims,Open,20210331,20210415
49,82616834,"Midland Credit Management, Inc",2121SC000099,Small Claims,Disposed (Statistical Purposes),20210302,20210521
0,82618965,"Midland Credit Management, Inc",2026SC000447,Small Claims,Open,20200928,20200928
1,82621132,"Midland Credit Management, Inc",2166SC000154,Small Claims,Disposed (Statistical Purposes),20210325,20211123
2,82621315,"Midland Credit Management, Inc",2042SC000169,Small Claims,Covid 19 XXX Notice Issued,20200828,20210204
3,82621584,"Midland Credit Management, Inc",2166SC000153,Small Claims,Open,20210325,20210325
4,82621751,"Midland Credit Management, Inc",2042SC000170,Small Claims,Covid 19 XXX Notice Issued,20200828,20210204
5,82623055,"Midland Credit Management, Inc",2023SC002098,Small Claims,Disposed (Statistical Purposes),20200821,20210414
6,82624178,"Midland Credit Management, Inc",2051SC000306,Small Claims,Disposed (Statistical Purposes),20200617,20201005
7,82624567,"Midland Credit Management, Inc",2166SC000152,Small Claims,Disposed (Statistical Purposes),20210325,20211123
8,82624671,"Midland Credit Management, Inc",2042SC000171,Small Claims,Covid 19 XXX Notice Issued,20200828,20210204
9,82626436,"Midland Credit Management, Inc",2023SC002324,Small Claims,Open,20200924,20200924
10,82626992,"Midland Credit Management, Inc",2159SC001620,Small Claims,Open,20211221,20211221
11,82627876,"Midland Credit Management, Inc",2166SC000151,Small Claims,Disposed (Statistical Purposes),20210325,20210907
12,82628260,"Midland Credit Management, Inc",2166SC000148,Small Claims,Closed,20210324,20210723
13,82629464,"Midland Credit Management, Inc",2038SC000439,Small Claims,Disposed (Statistical Purposes),20200626,20211105
14,82630377,"Midland Credit Management, Inc",2023SC002087,Small Claims,Disposed (Statistical Purposes),20200821,20210122
15,82631169,"Midland Credit Management, Inc",2018SC000217,Small Claims,Disposed (Statistical Purposes),20200127,20210802
16,82632431,"Midland Credit Management, Inc",2121SC000105,Small Claims,Disposed (Statistical Purposes),20210305,20210521
17,82635381,"Midland Credit Management, Inc",2023SC002097,Small Claims,Disposed (Statistical Purposes),20200821,20210122
18,82638939,"Midland Credit Management, Inc",2145SC000037,Small Claims,Disposed (Statistical Purposes),20210210,20210908
19,82639239,"Midland Credit Management, Inc",2023SC002103,Small Claims,Disposed (Statistical Purposes),20200821,20210122
20,82640437,"Midland Credit Management, Inc",2198SC000163,Small Claims,Disposed (Statistical Purposes),20210405,20210430
21,82640995,"Midland Credit Management, Inc",2023SC002063,Small Claims,Disposed (Statistical Purposes),20200821,20210604
22,82641360,"Midland Credit Management, Inc",2198SC000169,Small Claims,Disposed (Statistical Purposes),20210406,20210618
23,82641987,"Midland Credit Management, Inc",2198SC000168,Small Claims,Disposed (Statistical Purposes),20210406,20210618
24,82642484,"Midland Credit Management, Inc",1918SC002715,Small Claims,Disposed (Statistical Purposes),20191220,20210616
25,82642803,"Midland Credit Management, Inc",2136SC000066,Small Claims,Disposed (Statistical Purposes),20210115,20211014
26,82643385,"Midland Credit Management, Inc",2023SC002326,Small Claims,Open,20200924,20200924
27,82643978,"Midland Credit Management, Inc",2198SC000165,Small Claims,Disposed (Statistical Purposes),20210405,20210618
28,82645540,"Midland Credit Management, Inc",2023SC002104,Small Claims,Disposed (Statistical Purposes),20200821,20210122
29,82646124,"Midland Credit Management, Inc",2028SC000235,Small Claims,Disposed (Statistical Purposes),20200820,20201217
30,82648322,"Midland Credit Management, Inc",2032SC000419,Small Claims,Disposed (Statistical Purposes),20200207,20220112
31,82649038,"Midland Credit Management, Inc",2145SC000042,Small Claims,Disposed (Statistical Purposes),20210212,20210908
32,82651116,"Midland Credit Management, Inc",2032SC000433,Small Claims,Covid 19 XXX Notice Issued,20200207,20201106
33,82651706,"Midland Credit Management, Inc",2145SC000041,Small Claims,Disposed (Statistical Purposes),20210212,20210908
34,82657490,"Midland Credit Management, Inc",2023SC002327,Small Claims,Open,20200924,20200924
35,82658700,"Midland Credit Management, Inc",2136SC001253,Small Claims,Open,20211118,20211118
36,82658937,"Midland Credit Management, Inc",2166SC000158,Small Claims,Disposed (Statistical Purposes),20210329,20211123
37,82660464,"Midland Credit Management, Inc",2166SC000157,Small Claims,Disposed (Statistical Purposes),20210329,20211123
38,82661103,"Midland Credit Management, Inc",2032SC000431,Small Claims,Disposed (Statistical Purposes),20200207,20220112
39,82661305,"Midland Credit Management, Inc",2166CV000249,Civil,Open,20211022,20211022
40,82662481,"Midland Credit Management, Inc",2136SC001376,Small Claims,Open,20211119,20211119
41,82663998,"Midland Credit Management, Inc",2036SC001083,Small Claims,Disposed (Statistical Purposes),20201123,20220210
42,82666566,"Midland Credit Management, Inc",2042SC000178,Small Claims,Disposed (Statistical Purposes),20200908,20201120
43,82666824,"Midland Credit Management, Inc",2018SC000387,Small Claims,Disposed (Statistical Purposes),20200210,20200327
44,82667055,"Midland Credit Management, Inc",2028SC000237,Small Claims,Disposed (Statistical Purposes),20200824,20201218
45,82667759,"Midland Credit Management, Inc",2018SC000390,Small Claims,Disposed (Statistical Purposes),20200210,20210804
46,82668364,"Midland Credit Management, Inc",2032SC002022,Small Claims,Covid 19 XXX Notice Issued,20201228,20210601
47,82668887,"Midland Credit Management, Inc",2023SC002080,Small Claims,Disposed (Statistical Purposes),20200824,20210122
48,82669441,"Midland Credit Management, Inc",2023SC002076,Small Claims,Disposed (Statistical Purposes),20200824,20210122
49,82669755,"Midland Credit Management, Inc",2149SC001156,Small Claims,Disposed (Statistical Purposes),20211207,20220208
0,82670214,"Midland Credit Management, Inc",2032SC000423,Small Claims,Covid 19 XXX Notice Issued,20200207,20201106
1,82670432,"Midland Credit Management, Inc",2023SC002116,Small Claims,Disposed (Statistical Purposes),20200825,20210129
2,82670707,"Midland Credit Management, Inc",2023SC002107,Small Claims,Disposed (Statistical Purposes),20200825,20210304
3,82672632,"Midland Credit Management, Inc",2023SC002083,Small Claims,Open,20200825,20200825
4,82674785,"Midland Credit Management, Inc",2023SC002370,Small Claims,Open,20200925,20201001
5,82676046,"Midland Credit Management, Inc",2023SC002114,Small Claims,Disposed (Statistical Purposes),20200825,20210304
6,82676484,"Midland Credit Management, Inc",2023SC002081,Small Claims,Disposed (Statistical Purposes),20200824,20210122
7,82677046,"Midland Credit Management, Inc",2122SC000588,Small Claims,Open,20211022,20211022
8,82677976,"Midland Credit Management, Inc",2023SC002112,Small Claims,Disposed (Statistical Purposes),20200825,20210129
9,82678520,"Midland Credit Management, Inc",2023SC002113,Small Claims,Disposed (Statistical Purposes),20200825,20210129
10,82680631,"Midland Credit Management, Inc",2122SC000587,Small Claims,Open,20211022,20211022
11,82681667,"Midland Credit Management, Inc",2051SC000316,Small Claims,Disposed (Statistical Purposes),20200626,20201102
12,82681968,"Midland Credit Management, Inc",2012SC000293,Small Claims,Disposed (Statistical Purposes),20201216,20211216
13,82683633,"Midland Credit Management, Inc",2023SC002077,Small Claims,Disposed (Statistical Purposes),20200824,20201106
14,82684654,"Midland Credit Management, Inc",2032SC000434,Small Claims,Disposed (Statistical Purposes),20200207,20220112
15,82685065,"Midland Credit Management, Inc",2117SC000421,Small Claims,Open,20210816,20210816
16,82685411,"Midland Credit Management, Inc",2117SC000420,Small Claims,Open,20210816,20210816
17,82686337,"Midland Credit Management, Inc",2112SC000030,Small Claims,Open,20210210,20210210
18,82686418,"Midland Credit Management, Inc",2042SC000179,Small Claims,Covid 19 XXX Notice Issued,20200911,20210204
19,82687831,"Midland Credit Management, Inc",2166SC000165,Small Claims,Closed,20210331,20211208
20,82687818,"Midland Credit Management, Inc",2023SC002347,Small Claims,Open,20200928,20200928
21,82688271,"Midland Credit Management, Inc",2023SC002082,Small Claims,Disposed (Statistical Purposes),20200824,20210122
22,82688509,"Midland Credit Management, Inc",2042SC000180,Small Claims,Covid 19 XXX Notice Issued,20200911,20210204
23,82688565,"Midland Credit Management, Inc",2028SC000330,Small Claims,Disposed (Statistical Purposes),20201117,20210121
24,82689060,"Midland Credit Management, Inc",2023SC002078,Small Claims,Disposed (Statistical Purposes),20200824,20210122
25,82689954,"Midland Credit Management, Inc",2166SC000163,Small Claims,Open,20210331,20210331
26,82690190,"Midland Credit Management, Inc",2023SC002117,Small Claims,Disposed (Statistical Purposes),20200825,20210723
27,82690626,"Midland Credit Management, Inc",2018SC001805,Small Claims,Disposed (Statistical Purposes),20201222,20210930
28,82690859,"Midland Credit Management, Inc",2166SC000164,Small Claims,Closed,20210331,20211122
29,82693883,"Midland Credit Management, Inc",2023SC002079,Small Claims,Disposed (Statistical Purposes),20200824,20210122
30,82695720,"Midland Credit Management, Inc",2026SC000485,Small Claims,Open,20201229,20201229
31,82695874,"Midland Credit Management, Inc",2112SC000035,Small Claims,Closed,20210212,20210212
32,82696196,"Midland Credit Management, Inc",2018SC001808,Small Claims,Disposed (Statistical Purposes),20201222,20210930
33,82697204,"Midland Credit Management, Inc",2112SC000034,Small Claims,Open,20210212,20210212
34,82697939,"Midland Credit Management, Inc",2018SC001803,Small Claims,Disposed (Statistical Purposes),20201222,20210412
35,82700247,"Midland Credit Management, Inc",2023SC002352,Small Claims,Open,20200928,20200928
36,82700306,"Midland Credit Management, Inc",2018SC001804,Small Claims,Disposed (Statistical Purposes),20201222,20210930
37,82700741,"Midland Credit Management, Inc",2023SC002350,Small Claims,Open,20200928,20200928
38,82703462,"Midland Credit Management, Inc",2012SC000244,Small Claims,Closed,20201020,20201020
39,82704707,"Midland Credit Management, Inc",2117SC000431,Small Claims,Open,20210820,20210820
40,82704862,"Midland Credit Management, Inc",2023SC002353,Small Claims,Open,20200928,20200928
41,82705561,"Midland Credit Management, Inc",2018SC001802,Small Claims,Open,20201222,20201222
42,82705676,"Midland Credit Management, Inc",2023SC002349,Small Claims,Open,20200928,20200928
43,82706237,"Midland Credit Management, Inc",2028SC000245,Small Claims,Disposed (Statistical Purposes),20200826,20201119
44,82707349,"Midland Credit Management, Inc",2023SC002158,Small Claims,Open,20200826,20200826
45,82707588,"Midland Credit Management, Inc",2023SC002354,Small Claims,Disposed (Statistical Purposes),20200928,20211008
46,82709066,"Midland Credit Management, Inc",2023SC002348,Small Claims,Open,20200928,20200928
47,82709068,"Midland Credit Management, Inc",2026SC000483,Small Claims,Open,20201229,20201229
48,82709370,"Midland Credit Management, Inc",2028SC000244,Small Claims,Disposed (Statistical Purposes),20200826,20201029
49,82710082,"Midland Credit Management, Inc",2026SC000484,Small Claims,Open,20201229,20201229
0,82710348,"Midland Credit Management, Inc",2187SC000055,Small Claims,Disposed (Statistical Purposes),20210330,20210625
1,82717831,"Midland Credit Management, Inc",2117SC000444,Small Claims,Open,20210830,20210830
2,82718073,"Midland Credit Management, Inc",2166SC000169,Small Claims,Open,20210402,20210402
3,82720104,"Midland Credit Management, Inc",2143SC000969,Small Claims,Open,20211203,20211203
4,82723051,"Midland Credit Management, Inc",2187SC000153,Small Claims,Disposed (Statistical Purposes),20210817,20211012
5,82723807,"Midland Credit Management, Inc",2166SC000167,Small Claims,Closed,20210401,20211122
6,82724157,"Midland Credit Management, Inc",2032SC000453,Small Claims,Disposed (Statistical Purposes),20200210,20220120
7,82727972,"Midland Credit Management, Inc",2023SC002364,Small Claims,Open,20200930,20200930
8,82728586,"Midland Credit Management, Inc",2023SC002366,Small Claims,Open,20200930,20200930
9,82729103,"Midland Credit Management, Inc",2023SC002360,Small Claims,Open,20200930,20200930
10,82729189,"Midland Credit Management, Inc",2143SC000964,Small Claims,Open,20211202,20211202
11,82730165,"Midland Credit Management, Inc",2143SC000965,Small Claims,Open,20211203,20211203
12,82730672,"Midland Credit Management, Inc",2023SC002359,Small Claims,Disposed (Statistical Purposes),20200930,20210322
13,82731383,"Midland Credit Management, Inc",2023SC002361,Small Claims,Open,20200930,20200930
14,82731448,"Midland Credit Management, Inc",2062SC000495,Small Claims,Disposed (Statistical Purposes),20200210,20210420
15,82732574,"Midland Credit Management, Inc",2018SC001821,Small Claims,Disposed (Statistical Purposes),20201229,20211001
16,82732684,"Midland Credit Management, Inc",2036SC001097,Small Claims,Disposed (Statistical Purposes),20201201,20211007
17,82734028,"Midland Credit Management, Inc",2023SC002363,Small Claims,Open,20200930,20200930
18,82738245,"Midland Credit Management, Inc",2023SC002358,Small Claims,Open,20200930,20200930
19,82738637,"Midland Credit Management, Inc",2028SC000251,Small Claims,Disposed (Statistical Purposes),20200828,20201218
20,82740597,"Midland Credit Management, Inc",2018SC001823,Small Claims,Disposed (Statistical Purposes),20201229,20210301
21,82741663,"Midland Credit Management, Inc",2018SC001825,Small Claims,Open,20201229,20201229
22,82742484,"Midland Credit Management, Inc",2018SC001822,Small Claims,Open,20201229,20201229
23,82743767,"Midland Credit Management, Inc",2026SC000407,Small Claims,Open,20200824,20200824
24,82744114,"Midland Credit Management, Inc",2023SC002170,Small Claims,Open,20200828,20200828
25,82744350,"Midland Credit Management, Inc",2023SC002166,Small Claims,Open,20200828,20200828
26,82746869,"Midland Credit Management, Inc",2023SC002171,Small Claims,Open,20200828,20200828
27,82747582,"Midland Credit Management, Inc",2023SC002163,Small Claims,Open,20200828,20200828
28,82748407,"Midland Credit Management, Inc",2017SC000053,Small Claims,Suspended- COVID 19-Extend-Notices sent,20200123,20200508
29,82748510,"Midland Credit Management, Inc",2023SC002165,Small Claims,Open,20200828,20200828
30,82749038,"Midland Credit Management, Inc",2060SC000449,Small Claims,Disposed (Statistical Purposes),20200622,20211021
31,82749244,"Midland Credit Management, Inc",2023SC002362,Small Claims,Open,20200930,20200930
32,82749246,"Midland Credit Management, Inc",2050SC000735,Small Claims,Disposed (Statistical Purposes),20200429,20210813
33,82751614,"Midland Credit Management, Inc",2023SC002365,Small Claims,Open,20200930,20200930
34,82752664,"Midland Credit Management, Inc",2023SC002179,Small Claims,Disposed (Statistical Purposes),20200828,20220210
35,82752991,"Midland Credit Management, Inc",2042SC000189,Small Claims,Covid 19 XXX Notice Issued,20200925,20210204
36,82753808,"Midland Credit Management, Inc",2118SC002351,Small Claims,Open,20211115,20211115
37,82754537,"Midland Credit Management, Inc",2118SC002349,Small Claims,Open,20211115,20211115
38,82754648,"Midland Credit Management, Inc",2023SC002178,Small Claims,Open,20200828,20200828
39,82756075,"Midland Credit Management, Inc",2026SC000487,Small Claims,Open,20201230,20201230
40,82756912,"Midland Credit Management, Inc",2023SC002180,Small Claims,Disposed (Statistical Purposes),20200828,20220203
41,82759838,"Midland Credit Management, Inc",2012SC000250,Small Claims,Disposed (Statistical Purposes),20201029,20211007
42,82761119,"Midland Credit Management, Inc",2050SC001238,Small Claims,Open,20200820,20200820
43,82761131,"Midland Credit Management, Inc",2023SC002167,Small Claims,Open,20200828,20200828
44,82762076,"Midland Credit Management, Inc",2166SC000630,Small Claims,Open,20211028,20211028
45,82763407,"Midland Credit Management, Inc",2118SC002350,Small Claims,Open,20211115,20211115
46,82764879,"Midland Credit Management, Inc",2050SC001239,Small Claims,Open,20200820,20200820
47,82765496,"Midland Credit Management, Inc",2166SC000761,Small Claims,Open,20211227,20211227
48,82765712,"Midland Credit Management, Inc",2027SC000191,Small Claims,Disposed (Statistical Purposes),20200304,20200921
49,82765985,"Midland Credit Management, Inc",2143SC000978,Small Claims,Open,20211209,20211209
0,82767187,"Midland Credit Management, Inc",2050SC001241,Small Claims,Open,20200820,20200820
1,82767794,"Midland Credit Management, Inc",2017SC000062,Small Claims,Disposed (Statistical Purposes),20200127,20200616
2,82768603,"Midland Credit Management, Inc",2018SC001860,Small Claims,Disposed (Statistical Purposes),20201231,20210301
3,82768968,"Midland Credit Management, Inc",2017SC000061,Small Claims,Disposed (Statistical Purposes),20200127,20200319
4,82769190,"Midland Credit Management, Inc",2017SC000058,Small Claims,Open,20200127,20211026
5,82771335,"Midland Credit Management, Inc",2118SC000684,Small Claims,Open,20210421,20210421
6,82773363,"Midland Credit Management, Inc",2118SC000687,Small Claims,Open,20210421,20210421
7,82773567,"Midland Credit Management, Inc",2166SC000617,Small Claims,Open,20211028,20211028
8,82773712,"Midland Credit Management, Inc",2121SC000553,Small Claims,Open,20211025,20211025
9,82774875,"Midland Credit Management, Inc",2057SC000012,Small Claims,Disposed (Statistical Purposes),20200110,20201204
10,82775064,"Midland Credit Management, Inc",2118SC000686,Small Claims,Open,20210421,20210421
11,82776935,"Midland Credit Management, Inc",2166SC000626,Small Claims,Open,20211028,20211028
12,82778604,"Midland Credit Management, Inc",2017SC000059,Small Claims,Open,20200127,20200127
13,82779163,"Midland Credit Management, Inc",2259CV000063,Civil,Open,20220202,20220202
14,82780462,"Midland Credit Management, Inc",2121SC000549,Small Claims,Open,20211025,20211025
15,82781746,"Midland Credit Management, Inc",2159SC001541,Small Claims,Open,20211203,20211203
16,82782473,"Midland Credit Management, Inc",2259CV000060,Civil,Open,20220202,20220202
17,82782588,"Midland Credit Management, Inc",2115SC000932,Small Claims,Open,20210429,20210429
18,82786543,"Midland Credit Management, Inc",2121SC000552,Small Claims,Open,20211025,20211025
19,82787113,"Midland Credit Management, Inc",2027SC000204,Small Claims,Disposed (Statistical Purposes),20200305,20200501
20,82787193,"Midland Credit Management, Inc",2159SC001535,Small Claims,Disposed (Statistical Purposes),20211203,20220209
21,82787830,"Midland Credit Management, Inc",2122SC000181,Small Claims,Disposed (Statistical Purposes),20210422,20211104
22,82788007,"Midland Credit Management, Inc",2159SC001540,Small Claims,Open,20211203,20211203
23,82788767,"Midland Credit Management, Inc",2159SC001537,Small Claims,Open,20211203,20211203
24,82790389,"Midland Credit Management, Inc",2136SC000071,Small Claims,Disposed (Statistical Purposes),20210129,20211021
25,82790443,"Midland Credit Management, Inc",2121SC000557,Small Claims,Open,20211025,20211025
26,82791221,"Midland Credit Management, Inc",2159SC001543,Small Claims,Open,20211203,20211203
27,82792779,"Midland Credit Management, Inc",2122SC000188,Small Claims,Disposed (Statistical Purposes),20210422,20211014
28,82793465,"Midland Credit Management, Inc",2136SC000072,Small Claims,Disposed (Statistical Purposes),20210129,20211021
29,82796007,"Midland Credit Management, Inc",2159SC001534,Small Claims,Open,20211203,20211203
30,82797745,"Midland Credit Management, Inc",2159SC001536,Small Claims,Open,20211203,20211203
31,82803824,"Midland Credit Management, Inc",2121SC000142,Small Claims,Open,20210401,20210401
32,82806680,"Midland Credit Management, Inc",2136SC001341,Small Claims,Open,20211201,20211201
33,82807783,"Midland Credit Management, Inc",2136SC001342,Small Claims,Open,20211201,20211201
34,82808104,"Midland Credit Management, Inc",2121SC000560,Small Claims,Open,20211028,20211028
35,82810140,"Midland Credit Management, Inc",2050SC000800,Small Claims,Disposed (Statistical Purposes),20200514,20210827
36,82810563,"Midland Credit Management, Inc",2121SC000128,Small Claims,Disposed (Statistical Purposes),20210401,20210930
37,82810626,"Midland Credit Management, Inc",2136SC001343,Small Claims,Open,20211201,20211201
38,82811887,"Midland Credit Management, Inc",2121SC000144,Small Claims,Disposed (Statistical Purposes),20210401,20210524
39,82812722,"Midland Credit Management, Inc",2121SC000562,Small Claims,Open,20211028,20211028
40,82813029,"Midland Credit Management, Inc",2121SC000561,Small Claims,Open,20211028,20211028
41,82813204,"Midland Credit Management, Inc",2027SC000214,Small Claims,Disposed (Statistical Purposes),20200309,20201020
42,82813593,"Midland Credit Management, Inc",2121SC000559,Small Claims,Open,20211028,20211028
43,82813673,"Midland Credit Management, Inc",2121SC000143,Small Claims,Disposed (Statistical Purposes),20210401,20210524
44,82814024,"Midland Credit Management, Inc",2027SC000211,Small Claims,Disposed (Statistical Purposes),20200309,20200922
45,82814521,"Midland Credit Management, Inc",2111SC000233,Small Claims,Open,20210201,20210201
46,82814524,"Midland Credit Management, Inc",2111SC000233,Small Claims,Open,20210201,20210201
47,82815806,"Midland Credit Management, Inc",2027SC000213,Small Claims,Disposed (Statistical Purposes),20200309,20200921
48,82816711,"Midland Credit Management, Inc",2111SC000230,Small Claims,Open,20210201,20210201
49,82817783,"Midland Credit Management, Inc",2121SC000135,Small Claims,Disposed (Statistical Purposes),20210401,20210524
0,82817987,"Midland Credit Management, Inc",2017SC000078,Small Claims,Disposed (Statistical Purposes),20200203,20211019
1,82818768,"Midland Credit Management, Inc",2027SC000218,Small Claims,Disposed (Statistical Purposes),20200309,20210826
2,82818909,"Midland Credit Management, Inc",2026SC000424,Small Claims,Open,20200904,20200904
3,82819111,"Midland Credit Management, Inc",2127SC000984,Small Claims,Open,20211102,20211102
4,82819423,"Midland Credit Management, Inc",2111SC000224,Small Claims,Open,20210201,20210201
5,82819469,"Midland Credit Management, Inc",2121SC000145,Small Claims,Open,20210401,20210401
6,82819901,"Midland Credit Management, Inc",2121SC000131,Small Claims,Disposed (Statistical Purposes),20210401,20210524
7,82820549,"Midland Credit Management, Inc",2027SC000210,Small Claims,Disposed (Statistical Purposes),20200309,20210825
8,82820797,"Midland Credit Management, Inc",2017SC000080,Small Claims,Open,20200203,20200203
9,82821200,"Midland Credit Management, Inc",2026SC000425,Small Claims,Open,20200904,20200904
10,82821329,"Midland Credit Management, Inc",2017SC000079,Small Claims,Open,20200203,20200203
11,82821776,"Midland Credit Management, Inc",2017SC000081,Small Claims,Disposed (Statistical Purposes),20200203,20211019
12,82822939,"Midland Credit Management, Inc",2111SC000226,Small Claims,Open,20210201,20210201
13,82823028,"Midland Credit Management, Inc",2136SC000113,Small Claims,Open,20210202,20210202
14,82823100,"Midland Credit Management, Inc",2111SC000221,Small Claims,Open,20210201,20210201
15,82824020,"Midland Credit Management, Inc",2136SC000109,Small Claims,Disposed (Statistical Purposes),20210202,20220106
16,82824317,"Midland Credit Management, Inc",2027SC000212,Small Claims,Disposed (Statistical Purposes),20200309,20200922
17,82824529,"Midland Credit Management, Inc",2028SC000255,Small Claims,Disposed (Statistical Purposes),20200908,20210610
18,82824574,"Midland Credit Management, Inc",2111SC000223,Small Claims,Open,20210201,20210201
19,82824772,"Midland Credit Management, Inc",2026SC000423,Small Claims,Open,20200904,20200904
20,82825025,"Midland Credit Management, Inc",2022SC000414,Small Claims,Disposed (Statistical Purposes),20201229,20210617
21,82825432,"Midland Credit Management, Inc",2111SC000234,Small Claims,Open,20210201,20210201
22,82825459,"Midland Credit Management, Inc",2028SC000257,Small Claims,Covid 19 XXX Notice Issued,20200908,20201117
23,82826034,"Midland Credit Management, Inc",2027SC000216,Small Claims,Disposed (Statistical Purposes),20200309,20200529
24,82826476,"Midland Credit Management, Inc",2111SC000231,Small Claims,Open,20210201,20210201
25,82827943,"Midland Credit Management, Inc",2028SC000259,Small Claims,Disposed (Statistical Purposes),20200908,20201029
26,82828524,"Midland Credit Management, Inc",2027SC000215,Small Claims,Disposed (Statistical Purposes),20200309,20210825
27,82829093,"Midland Credit Management, Inc",2136SC000107,Small Claims,Disposed (Statistical Purposes),20210202,20211008
28,82829420,"Midland Credit Management, Inc",2028SC000256,Small Claims,Disposed (Statistical Purposes),20200908,20201112
29,82829576,"Midland Credit Management, Inc",2136SC000110,Small Claims,Open,20210202,20210202
30,82830129,"Midland Credit Management, Inc",2017SC000072,Small Claims,Disposed (Statistical Purposes),20200203,20211019
31,82830696,"Midland Credit Management, Inc",2021SC000104,Small Claims,Disposed (Statistical Purposes),20200218,20210420
32,82831141,"Midland Credit Management, Inc",2021SC000100,Small Claims,Disposed (Statistical Purposes),20200218,20201019
33,82831382,"Midland Credit Management, Inc",2133SC000571,Small Claims,Open,20210322,20210322
34,82831613,"Midland Credit Management, Inc",2017SC000070,Small Claims,Disposed (Statistical Purposes),20200203,20200320
35,82832030,"Midland Credit Management, Inc",2050SC001305,Small Claims,Disposed (Statistical Purposes),20200908,20210716
36,82832594,"Midland Credit Management, Inc",2050SC001300,Small Claims,Disposed (Statistical Purposes),20200908,20210301
37,82833752,"Midland Credit Management, Inc",2057SC000043,Small Claims,Disposed (Statistical Purposes),20200115,20210303
38,82833850,"Midland Credit Management, Inc",2050SC001303,Small Claims,Disposed (Statistical Purposes),20200908,20210709
39,82834270,"Midland Credit Management, Inc",2050SC001304,Small Claims,Disposed (Statistical Purposes),20200908,20210716
40,82834408,"Midland Credit Management, Inc",2042SC000086,Small Claims,Open,20200309,20220128
41,82834478,"Midland Credit Management, Inc",2136SC000111,Small Claims,Disposed (Statistical Purposes),20210202,20211021
42,82835423,"Midland Credit Management, Inc",2136SC000114,Small Claims,Disposed (Statistical Purposes),20210202,20211117
43,82837334,"Midland Credit Management, Inc",2136SC000106,Small Claims,Open,20210202,20210202
44,82837862,"Midland Credit Management, Inc",2136SC000108,Small Claims,Disposed (Statistical Purposes),20210202,20211209
45,82841074,"Midland Credit Management, Inc",2136SC000112,Small Claims,Disposed (Statistical Purposes),20210202,20211021
46,82842769,"Midland Credit Management, Inc",2028SC000261,Small Claims,Disposed (Statistical Purposes),20200911,20201029
47,82852324,"Midland Credit Management, Inc",2136SC000117,Small Claims,Disposed (Statistical Purposes),20210204,20211021
48,82854383,"Midland Credit Management, Inc",2017SC000087,Small Claims,Disposed (Statistical Purposes),20200206,20200309
49,82856744,"Midland Credit Management, Inc",2028SC000366-EF,Small Claims,Disposed (Statistical Purposes),20201211,20210226
0,82858649,"Midland Credit Management, Inc",2136SC000125,Small Claims,Open,20210205,20210205
1,82859132,"Midland Credit Management, Inc",2026SC000417,Small Claims,Open,20200908,20200908
2,82860125,"Midland Credit Management, Inc",2023SC001339,Small Claims,Disposed (Statistical Purposes),20200311,20210611
3,82864448,"Midland Credit Management, Inc",2136SC000118,Small Claims,Disposed (Statistical Purposes),20210204,20220106
4,82868258,"Midland Credit Management, Inc",2027SC000058,Small Claims,Disposed (Statistical Purposes),20200124,20200212
5,82869805,"Midland Credit Management, Inc",2027SC000063,Small Claims,Disposed (Statistical Purposes),20200124,20200213
6,82870648,"Midland Credit Management, Inc",2136SC000124,Small Claims,Disposed (Statistical Purposes),20210205,20211021
7,82871912,"Midland Credit Management, Inc",2136SC000126,Small Claims,Disposed (Statistical Purposes),20210205,20211021
8,82871955,"Midland Credit Management, Inc",2028SC000370-EF,Small Claims,Open,20201215,20201215
9,82872842,"Midland Credit Management, Inc",2045SC000281,Small Claims,Disposed (Statistical Purposes),20200825,20210519
10,82873127,"Midland Credit Management, Inc",2028SC000369-EF,Small Claims,Disposed (Statistical Purposes),20201215,20210226
11,82873640,"Midland Credit Management, Inc",2136SC000123,Small Claims,Disposed (Statistical Purposes),20210205,20211115
12,82874104,"Midland Credit Management, Inc",2057SC000050,Small Claims,Disposed (Statistical Purposes),20200121,20210108
13,82878225,"Midland Credit Management, Inc",2057SC000051,Small Claims,Disposed (Statistical Purposes),20200121,20210108
14,82879651,"Midland Credit Management, Inc",2057SC000049,Small Claims,Disposed (Statistical Purposes),20200121,20200820
15,82886853,"Midland Credit Management, Inc",2121SC000204,Small Claims,Disposed (Statistical Purposes),20210420,20211005
16,82887514,"Midland Credit Management, Inc",2057SC000724,Small Claims,Disposed (Statistical Purposes),20201222,20210127
17,82894406,"Midland Credit Management, Inc",2057SC000062,Small Claims,Disposed (Statistical Purposes),20200123,20200827
18,82894450,"Midland Credit Management, Inc",2057SC000063,Small Claims,Disposed (Statistical Purposes),20200123,20200911
19,82898405,"Midland Credit Management, Inc",2144SC000746,Small Claims,Open,20210818,20210818
20,82904618,"Midland Credit Management, Inc",2028SC000373,Small Claims,Disposed (Statistical Purposes),20201222,20210311
21,82905231,"Midland Credit Management, Inc",2136SC000127,Small Claims,Disposed (Statistical Purposes),20210208,20211021
22,82905592,"Midland Credit Management, Inc",1957SC001108,Small Claims,Disposed (Statistical Purposes),20191213,20201120
23,82905767,"Midland Credit Management, Inc",2057SC000065,Small Claims,Disposed (Statistical Purposes),20200127,20200423
24,82905784,"Midland Credit Management, Inc",2136SC000143,Small Claims,Open,20210209,20210209
25,82909646,"Midland Credit Management, Inc",1957SC001090,Small Claims,Disposed (Statistical Purposes),20191212,20201113
26,82910974,"Midland Credit Management, Inc",1957SC001106,Small Claims,Disposed (Statistical Purposes),20191213,20210528
27,82911500,"Midland Credit Management, Inc",2144SC000750,Small Claims,Open,20210823,20210823
28,82911871,"Midland Credit Management, Inc",2057SC000072,Small Claims,Disposed (Statistical Purposes),20200130,20210303
29,82912553,"Midland Credit Management, Inc",2136SC000129,Small Claims,Disposed (Statistical Purposes),20210208,20211021
30,82912801,"Midland Credit Management, Inc",2057SC000071,Small Claims,Disposed (Statistical Purposes),20200130,20210211
31,82916102,"Midland Credit Management, Inc",2136SC000128,Small Claims,Disposed (Statistical Purposes),20210208,20211021
32,82917002,"Midland Credit Management, Inc",2136SC000131,Small Claims,Disposed (Statistical Purposes),20210208,20211021
33,82918269,"Midland Credit Management, Inc",2136SC000130,Small Claims,Disposed (Statistical Purposes),20210208,20210519
34,82921249,"Midland Credit Management, Inc",1957SC001117,Small Claims,Disposed (Statistical Purposes),20191216,20200324
35,82921298,"Midland Credit Management, Inc",1957SC001116,Small Claims,Disposed (Statistical Purposes),20191216,20201120
36,82922366,"Midland Credit Management, Inc",2027SC000088,Small Claims,Disposed (Statistical Purposes),20200131,20200318
37,82923249,"Midland Credit Management, Inc",2027SC000087,Small Claims,Suspended Covid 19 extended,20200131,20200903
38,82923752,"Midland Credit Management, Inc",2057SC000086,Small Claims,Disposed (Statistical Purposes),20200203,20210212
39,82923941,"Midland Credit Management, Inc",2057SC000087,Small Claims,Covid 19 XXX Notice Issued,20200203,20200807
40,82924714,"Midland Credit Management, Inc",2057SC000090,Small Claims,Disposed (Statistical Purposes),20200203,20210319
41,82925452,"Midland Credit Management, Inc",2057SC000096,Small Claims,Disposed (Statistical Purposes),20200203,20200803
42,82926088,"Midland Credit Management, Inc",2057SC000103,Small Claims,Disposed (Statistical Purposes),20200203,20201021
43,82926824,"Midland Credit Management, Inc",2057SC000106,Small Claims,Suspended- COVID 19-Extend-Notices sent,20200203,20200507
44,82926866,"Midland Credit Management, Inc",2136SC000132,Small Claims,Disposed (Statistical Purposes),20210211,20211021
45,82927164,"Midland Credit Management, Inc",2136SC000134,Small Claims,Disposed (Statistical Purposes),20210211,20211021
46,82927862,"Midland Credit Management, Inc",2057SC000107,Small Claims,Disposed (Statistical Purposes),20200203,20211005
47,82928184,"Midland Credit Management, Inc",2057SC000735,Small Claims,Disposed (Statistical Purposes),20201228,20210205
48,82928231,"Midland Credit Management, Inc",2136SC000142,Small Claims,Disposed (Statistical Purposes),20210211,20211021
49,82928664,"Midland Credit Management, Inc",2028SC000377,Small Claims,Disposed (Statistical Purposes),20201228,20210312
0,82928978,"Midland Credit Management, Inc",2057SC000737,Small Claims,Open,20201228,20201228
1,82929151,"Midland Credit Management, Inc",2057SC000733,Small Claims,Disposed (Statistical Purposes),20201228,20211108
2,82929200,"Midland Credit Management, Inc",2136SC000141,Small Claims,Disposed (Statistical Purposes),20210211,20211021
3,82929305,"Midland Credit Management, Inc",2057SC000736,Small Claims,Open,20201228,20201228
4,82929329,"Midland Credit Management, Inc",2057SC000094,Small Claims,Disposed (Statistical Purposes),20200203,20200911
5,82929354,"Midland Credit Management, Inc",2057SC000734,Small Claims,Disposed (Statistical Purposes),20201228,20210318
6,82929571,"Midland Credit Management, Inc",2057SC000740,Small Claims,Open,20201228,20201228
7,82929671,"Midland Credit Management, Inc",2136SC000137,Small Claims,Disposed (Statistical Purposes),20210211,20211021
8,82929830,"Midland Credit Management, Inc",2136SC000136,Small Claims,Open,20210211,20210211
9,82930047,"Midland Credit Management, Inc",2057SC000093,Small Claims,Disposed (Statistical Purposes),20200203,20200706
10,82930225,"Midland Credit Management, Inc",2159SC000220,Small Claims,Disposed (Statistical Purposes),20210305,20211207
11,82931838,"Midland Credit Management, Inc",2057SC000104,Small Claims,Disposed (Statistical Purposes),20200203,20211005
12,82932189,"Midland Credit Management, Inc",2057SC000102,Small Claims,Disposed (Statistical Purposes),20200203,20200917
13,82932254,"Midland Credit Management, Inc",2057SC000091,Small Claims,Disposed (Statistical Purposes),20200203,20210319
14,82932666,"Midland Credit Management, Inc",2159SC000214,Small Claims,Closed (Transferred),20210305,20210423
15,82932990,"Midland Credit Management, Inc",2136SC000139,Small Claims,Disposed (Statistical Purposes),20210211,20211008
16,82933033,"Midland Credit Management, Inc",2057SC000088,Small Claims,Covid 19 XXX Notice Issued,20200203,20200807
17,82933124,"Midland Credit Management, Inc",2028SC000376,Small Claims,Disposed (Statistical Purposes),20201228,20210311
18,82933131,"Midland Credit Management, Inc",1957SC001122,Small Claims,Disposed (Statistical Purposes),20191220,20201127
19,82933967,"Midland Credit Management, Inc",2159SC000221,Small Claims,Disposed (Statistical Purposes),20210305,20211207
20,82934514,"Midland Credit Management, Inc",1957SC001123,Small Claims,Disposed (Statistical Purposes),20191220,20200522
21,82934922,"Midland Credit Management, Inc",2159SC000216,Small Claims,Disposed (Statistical Purposes),20210305,20211207
22,82935506,"Midland Credit Management, Inc",2057SC000108,Small Claims,Disposed (Statistical Purposes),20200203,20211005
23,82935566,"Midland Credit Management, Inc",2136SC000133,Small Claims,Disposed (Statistical Purposes),20210211,20211209
24,82938339,"Midland Credit Management, Inc",2251CV000036,Civil,Open,20220128,20220128
25,82940008,"Midland Credit Management, Inc",2136SC000140,Small Claims,Disposed (Statistical Purposes),20210211,20211117
26,82941683,"Midland Credit Management, Inc",2136SC000135,Small Claims,Disposed (Statistical Purposes),20210211,20211021
27,82942285,"Midland Credit Management, Inc",2023SC000241,Small Claims,Disposed (Statistical Purposes),20200124,20210402
28,82944834,"Midland Credit Management, Inc",2023SC000248,Small Claims,Disposed (Statistical Purposes),20200124,20210409
29,82947693,"Midland Credit Management, Inc",2023SC000234,Small Claims,Disposed (Statistical Purposes),20200124,20210409
30,82948816,"Midland Credit Management, Inc",2027SC000101,Small Claims,Disposed (Statistical Purposes),20200203,20200305
31,82950108,"Midland Credit Management, Inc",1957SC001129,Small Claims,Disposed (Statistical Purposes),20191223,20200205
32,82951124,"Midland Credit Management, Inc",2023SC000252,Small Claims,Disposed (Statistical Purposes),20200124,20210402
33,82952407,"Midland Credit Management, Inc",1957SC001128,Small Claims,Disposed (Statistical Purposes),20191223,20201204
34,82954633,"Midland Credit Management, Inc",2023SC000237,Small Claims,Disposed (Statistical Purposes),20200124,20210409
35,82956443,"Midland Credit Management, Inc",2023SC000236,Small Claims,Disposed (Statistical Purposes),20200124,20201118
36,82958225,"Midland Credit Management, Inc",2023SC000213,Small Claims,Disposed (Statistical Purposes),20200123,20210629
37,82961157,"Midland Credit Management, Inc",2023SC000240,Small Claims,Disposed (Statistical Purposes),20200124,20210409
38,82963750,"Midland Credit Management, Inc",2023SC000238,Small Claims,Disposed (Statistical Purposes),20200124,20210409
39,82965236,"Midland Credit Management, Inc",2057SC000117,Small Claims,Disposed (Statistical Purposes),20200207,20201223
40,82966383,"Midland Credit Management, Inc",2057SC000133,Small Claims,Disposed (Statistical Purposes),20200206,20200831
41,82970242,"Midland Credit Management, Inc",2044SC000739,Small Claims,Open,20201015,20201015
42,82980394,"Midland Credit Management, Inc",2027SC000127,Small Claims,Disposed (Statistical Purposes),20200206,20200306
43,82980806,"Midland Credit Management, Inc",2027SC000133,Small Claims,Disposed (Statistical Purposes),20200207,20200707
44,82981036,"Midland Credit Management, Inc",1957SC001143,Small Claims,Disposed (Statistical Purposes),20191230,20210528
45,82983984,"Midland Credit Management, Inc",2027SC000125,Small Claims,Disposed (Statistical Purposes),20200206,20200318
46,82984542,"Midland Credit Management, Inc",2027SC000131,Small Claims,Disposed (Statistical Purposes),20200206,20200306
47,82984783,"Midland Credit Management, Inc",1957SC001146,Small Claims,Disposed (Statistical Purposes),20191230,20211004
48,82986375,"Midland Credit Management, Inc",2027SC000134,Small Claims,Disposed (Statistical Purposes),20200207,20200311
49,82986535,"Midland Credit Management, Inc",2027SC000126,Small Claims,Disposed (Statistical Purposes),20200206,20200306
0,82987520,"Midland Credit Management, Inc",2057SC000145,Small Claims,Disposed (Statistical Purposes),20200210,20200925
1,82987584,"Midland Credit Management, Inc",2027SC000128,Small Claims,Disposed (Statistical Purposes),20200206,20200226
2,82987653,"Midland Credit Management, Inc",2157CV000011,Civil,Disposed (Statistical Purposes),20210111,20210517
3,82988746,"Midland Credit Management, Inc",2027SC000132,Small Claims,Disposed (Statistical Purposes),20200207,20200421
4,82991268,"Midland Credit Management, Inc",2057SC000147,Small Claims,Disposed (Statistical Purposes),20200210,20200925
5,82991867,"Midland Credit Management, Inc",2057SC000146,Small Claims,Disposed (Statistical Purposes),20200210,20200825
6,82992200,"Midland Credit Management, Inc",2057SC000148,Small Claims,Disposed (Statistical Purposes),20200210,20200925
7,82994905,"Midland Credit Management, Inc",1957SC001145,Small Claims,Disposed (Statistical Purposes),20191230,20211001
8,82995534,"Midland Credit Management, Inc",1957SC001144,Small Claims,Disposed (Statistical Purposes),20191230,20201218
9,83001436,"Midland Credit Management, Inc",2057SC000141,Small Claims,Suspended- COVID 19-Extend-Notices sent,20200210,20200518
10,83016315,"Midland Credit Management, Inc",2144SC000816,Small Claims,Open,20210913,20210913
11,83029094,"Midland Credit Management, Inc",2157SC000825,Small Claims,Open,20211022,20211022
12,83030283,"Midland Credit Management, Inc",2023SC000607,Small Claims,Disposed (Statistical Purposes),20200207,20211112
13,83040717,"Midland Credit Management, Inc",1961SC002098,Small Claims,Disposed (Statistical Purposes),20191220,20200909
14,83043016,"Midland Credit Management, Inc",2128SC000026,Small Claims,Disposed (Statistical Purposes),20210209,20210401
15,83048390,"Midland Credit Management, Inc",2128SC000025,Small Claims,Disposed (Statistical Purposes),20210209,20210401
16,83051476,"Midland Credit Management, Inc",2128SC000028,Small Claims,Disposed (Statistical Purposes),20210209,20210401
17,83052735,"Midland Credit Management, Inc",2128SC000027,Small Claims,Disposed (Statistical Purposes),20210209,20210401
18,83062192,"Midland Credit Management, Inc",2128SC000034,Small Claims,Disposed (Statistical Purposes),20210211,20210318
19,83062801,"Midland Credit Management, Inc",2128SC000031,Small Claims,Disposed (Statistical Purposes),20210211,20210318
20,83063530,"Midland Credit Management, Inc",2031SC000344,Small Claims,Disposed (Statistical Purposes),20200207,20200312
21,83063859,"Midland Credit Management, Inc",2128SC000032,Small Claims,Disposed (Statistical Purposes),20210211,20210318
22,83069078,"Midland Credit Management, Inc",2128SC000033,Small Claims,Disposed (Statistical Purposes),20210211,20210318
23,83086439,"Midland Credit Management, Inc",2053SC000152,Small Claims,Suspended Covid 19 extended,20200130,20200130
24,83108265,"Midland Credit Management, Inc",1961SC002103,Small Claims,Disposed (Statistical Purposes),20191226,20200221
25,83111290,"Midland Credit Management, Inc",1961SC002102,Small Claims,Suspended-Notices sent Covid-19,20191226,20200331
26,83129108,"Midland Credit Management, Inc",2042SC000223,Small Claims,Open,20201120,20201120
27,83141429,"Midland Credit Management, Inc",1961SC002177,Small Claims,Disposed (Statistical Purposes),20191231,20200526
28,83159450,"Midland Credit Management, Inc",1961SC002178,Small Claims,Disposed (Statistical Purposes),20191231,20201118
29,83194735,"Midland Credit Management, Inc",2160SC001190,Small Claims,Open,20211126,20211126
30,83194844,"Midland Credit Management, Inc",2021SC000040,Small Claims,Disposed (Statistical Purposes),20200128,20210420
31,83194945,"Midland Credit Management, Inc",2160SC001183,Small Claims,Open,20211126,20211126
32,83195361,"Midland Credit Management, Inc",2160SC001199,Small Claims,Open,20211126,20211126
33,83196214,"Midland Credit Management, Inc",2160SC001189,Small Claims,Open,20211126,20211126
34,83196489,"Midland Credit Management, Inc",2160SC001191,Small Claims,Open,20211126,20211126
35,83196522,"Midland Credit Management, Inc",2021SC000041,Small Claims,Disposed (Statistical Purposes),20200128,20210420
36,83201755,"Midland Credit Management, Inc",2062SC002057,Small Claims,Disposed (Statistical Purposes),20201028,20210810
37,83214887,"Midland Credit Management, Inc",2042SC000244,Small Claims,Open,20201228,20201228
38,83214993,"Midland Credit Management, Inc",2042SC000247,Small Claims,Disposed (Statistical Purposes),20201228,20210126
39,83215649,"Midland Credit Management, Inc",2042SC000245,Small Claims,Disposed (Statistical Purposes),20201228,20210323
40,83227177,"Midland Credit Management, Inc",2059SC000383,Small Claims,Open,20200309,20200309
41,83244216,"Midland Credit Management, Inc",2061SC000152,Small Claims,Disposed (Statistical Purposes),20200121,20200225
42,83245792,"Midland Credit Management, Inc",2061SC000151,Small Claims,Disposed (Statistical Purposes),20200121,20200424
43,83276883,"Midland Credit Management, Inc",2142SC000020,Small Claims,Disposed (Statistical Purposes),20210129,20210722
44,83277620,"Midland Credit Management, Inc",2142SC000019,Small Claims,Disposed (Statistical Purposes),20210129,20210830
45,83294298,"Midland Credit Management, Inc",2057SC000542,Small Claims,Disposed (Statistical Purposes),20200904,20211005
46,83294649,"Midland Credit Management, Inc",2057SC000544,Small Claims,Disposed (Statistical Purposes),20200904,20210326
47,83295423,"Midland Credit Management, Inc",2057SC000543,Small Claims,Disposed (Statistical Purposes),20200904,20210115
48,83305973,"Midland Credit Management, Inc",2057SC000545,Small Claims,Open,20200908,20200908
49,83306735,"Midland Credit Management, Inc",2026SC000075,Small Claims,Suspended Covid 19 extended,20200210,20200603
0,83356159,"Midland Credit Management, Inc",2062SC000236,Small Claims,Disposed (Statistical Purposes),20200123,20210413
1,83356990,"Midland Credit Management, Inc",2062SC000237,Small Claims,Disposed (Statistical Purposes),20200123,20210413
2,83358415,"Midland Credit Management, Inc",2062SC000235,Small Claims,Disposed (Statistical Purposes),20200123,20210413
3,83366365,"Midland Credit Management, Inc",2062SC000234,Small Claims,Disposed (Statistical Purposes),20200123,20200413
4,83377156,"Midland Credit Management, Inc",2062SC000256,Small Claims,Disposed (Statistical Purposes),20200128,20210427
5,83393181,"Midland Credit Management, Inc",2062SC000258,Small Claims,Disposed (Statistical Purposes),20200128,20210427
6,83393539,"Midland Credit Management, Inc",2062SC000257,Small Claims,Disposed (Statistical Purposes),20200128,20200605
7,83398391,"Midland Credit Management, Inc",2062SC000306,Small Claims,Disposed (Statistical Purposes),20200130,20210830
8,83399933,"Midland Credit Management, Inc",2062SC000310,Small Claims,Disposed (Statistical Purposes),20200130,20210427
9,83400391,"Midland Credit Management, Inc",2062SC000307,Small Claims,Disposed (Statistical Purposes),20200130,20210427
10,83400817,"Midland Credit Management, Inc",2062SC000308,Small Claims,Disposed (Statistical Purposes),20200130,20201022
11,83416472,"Midland Credit Management, Inc",2062SC000350,Small Claims,Disposed (Statistical Purposes),20200203,20200910
12,83420075,"Midland Credit Management, Inc",2062SC000330,Small Claims,Disposed (Statistical Purposes),20200203,20210427
13,83422186,"Midland Credit Management, Inc",2062SC000360,Small Claims,Disposed (Statistical Purposes),20200203,20210413
14,83422452,"Midland Credit Management, Inc",2062SC000361,Small Claims,Disposed (Statistical Purposes),20200203,20210413
15,83423306,"Midland Credit Management, Inc",2062SC000323,Small Claims,Disposed (Statistical Purposes),20200203,20210629
16,83423578,"Midland Credit Management, Inc",2062SC000335,Small Claims,Disposed (Statistical Purposes),20200203,20210504
17,83423784,"Midland Credit Management, Inc",2062SC000349,Small Claims,Disposed (Statistical Purposes),20200203,20210413
18,83424058,"Midland Credit Management, Inc",2062SC000362,Small Claims,Disposed (Statistical Purposes),20200203,20210413
19,83424975,"Midland Credit Management, Inc",2062SC000336,Small Claims,Disposed (Statistical Purposes),20200203,20210504
20,83425197,"Midland Credit Management, Inc",2062SC000324,Small Claims,Disposed (Statistical Purposes),20200203,20210427
21,83426155,"Midland Credit Management, Inc",2062SC000331,Small Claims,Disposed (Statistical Purposes),20200203,20201118
22,83427655,"Midland Credit Management, Inc",2062SC000328,Small Claims,Disposed (Statistical Purposes),20200203,20210427
23,83428298,"Midland Credit Management, Inc",2062SC000325,Small Claims,Disposed (Statistical Purposes),20200203,20210629
24,83429263,"Midland Credit Management, Inc",2062SC000333,Small Claims,Disposed (Statistical Purposes),20200203,20210909
25,83429928,"Midland Credit Management, Inc",2062SC000347,Small Claims,Disposed (Statistical Purposes),20200203,20210406
26,83430125,"Midland Credit Management, Inc",2062SC000321,Small Claims,Disposed (Statistical Purposes),20200203,20210629
27,83432016,"Midland Credit Management, Inc",2062SC000320,Small Claims,Disposed (Statistical Purposes),20200203,20210427
28,83432524,"Midland Credit Management, Inc",2062SC000327,Small Claims,Disposed (Statistical Purposes),20200203,20210629
29,83439933,"Midland Credit Management, Inc",2062SC000322,Small Claims,Disposed (Statistical Purposes),20200204,20210629
30,83443669,"Midland Credit Management, Inc",2062SC000463,Small Claims,Disposed (Statistical Purposes),20200207,20210414
31,83445950,"Midland Credit Management, Inc",2153SC000086,Small Claims,Disposed (Statistical Purposes),20210202,20210922
32,83446502,"Midland Credit Management, Inc",2062SC000459,Small Claims,Disposed (Statistical Purposes),20200207,20210414
33,83450976,"Midland Credit Management, Inc",2062SC000462,Small Claims,Disposed (Statistical Purposes),20200207,20211021
34,83451095,"Midland Credit Management, Inc",2062SC000468,Small Claims,Disposed (Statistical Purposes),20200207,20210414
35,83451471,"Midland Credit Management, Inc",2062SC000423,Small Claims,Disposed (Statistical Purposes),20200206,20211026
36,83451800,"Midland Credit Management, Inc",2062SC000457,Small Claims,Disposed (Statistical Purposes),20200207,20210414
37,83453382,"Midland Credit Management, Inc",2062SC000458,Small Claims,Disposed (Statistical Purposes),20200207,20210414
38,83454029,"Midland Credit Management, Inc",2062SC000461,Small Claims,Disposed (Statistical Purposes),20200207,20210603
39,83454597,"Midland Credit Management, Inc",2062SC000460,Small Claims,Disposed (Statistical Purposes),20200207,20210414
40,83455385,"Midland Credit Management, Inc",2062SC000469,Small Claims,Disposed (Statistical Purposes),20200207,20210414
41,83455828,"Midland Credit Management, Inc",2062SC000467,Small Claims,Disposed (Statistical Purposes),20200207,20210414
42,83460157,"Midland Credit Management, Inc",2062SC000497,Small Claims,Disposed (Statistical Purposes),20200210,20210420
43,83461461,"Midland Credit Management, Inc",2062SC000496,Small Claims,Disposed (Statistical Purposes),20200210,20210713
44,83463082,"Midland Credit Management, Inc",2062SC000499,Small Claims,Disposed (Statistical Purposes),20200210,20201112
45,83465126,"Midland Credit Management, Inc",2102SC000345,Small Claims,Open,20210610,20210610
46,83475211,"Midland Credit Management, Inc",2102SC000399,Small Claims,Open,20210611,20210611
47,83481369,"Midland Credit Management, Inc",2102SC000432,Small Claims,Open,20210614,20210614
48,83490580,"Midland Credit Management, Inc",2102SC000439,Small Claims,Open,20210614,20210614
49,83493034,"Midland Credit Management, Inc",2102SC000449,Small Claims,Disposed (Statistical Purposes),20210614,20220218
0,83494139,"Midland Credit Management, Inc",2102SC000483,Small Claims,Open,20210614,20210614
1,83495721,"Midland Credit Management, Inc",2102SC000431,Small Claims,Open,20210614,20210614
2,83498579,"Midland Credit Management, Inc",2102SC000501,Small Claims,Open,20210614,20210614
3,83498648,"Midland Credit Management, Inc",2102SC000500,Small Claims,Open,20210614,20210614
4,83499908,"Midland Credit Management, Inc",2102SC000502,Small Claims,Open,20210614,20210614
5,83521531,"Midland Credit Management, Inc",2023SC000410,Small Claims,Suspended Covid 19 extended,20200203,20200203
6,83551884,"Midland Credit Management, Inc",2102SC000585,Small Claims,Open,20210706,20210706
7,83554274,"Midland Credit Management, Inc",2023SC000521,Small Claims,Disposed (Statistical Purposes),20200205,20210709
8,83554502,"Midland Credit Management, Inc",2023SC000531,Small Claims,Disposed (Statistical Purposes),20200205,20210709
9,83555276,"Midland Credit Management, Inc",2023SC000527,Small Claims,Disposed (Statistical Purposes),20200205,20200824
10,83556623,"Midland Credit Management, Inc",2023SC000528,Small Claims,Disposed (Statistical Purposes),20200205,20210709
11,83557139,"Midland Credit Management, Inc",2023SC000523,Small Claims,Disposed (Statistical Purposes),20200205,20210709
12,83557730,"Midland Credit Management, Inc",2023SC000514,Small Claims,Disposed (Statistical Purposes),20200205,20210709
13,83557901,"Midland Credit Management, Inc",2023SC000524,Small Claims,Disposed (Statistical Purposes),20200205,20210709
14,83558045,"Midland Credit Management, Inc",2023SC000518,Small Claims,Disposed (Statistical Purposes),20200205,20200605
15,83570543,"Midland Credit Management, Inc",2023SC000576,Small Claims,Disposed (Statistical Purposes),20200207,20210723
16,83570668,"Midland Credit Management, Inc",2102SC000601,Small Claims,Open,20210713,20210713
17,83571470,"Midland Credit Management, Inc",2023SC000579,Small Claims,Disposed (Statistical Purposes),20200207,20210723
18,83581323,"Midland Credit Management, Inc",2102SC000622,Small Claims,Open,20210720,20210720
19,83587282,"Midland Credit Management, Inc",2102SC000636,Small Claims,Disposed (Statistical Purposes),20210722,20210910
20,83598015,"Midland Credit Management, Inc",2102SC000657,Small Claims,Open,20210728,20210728
21,83598491,"Midland Credit Management, Inc",2102SC000654,Small Claims,Open,20210728,20210728
22,83598672,"Midland Credit Management, Inc",2102SC000645,Small Claims,Open,20210727,20210727
23,83599349,"Midland Credit Management, Inc",2102SC000659,Small Claims,Open,20210728,20210728
24,83600131,"Midland Credit Management, Inc",2102SC000655,Small Claims,Open,20210728,20210728
25,83600475,"Midland Credit Management, Inc",2102SC000661,Small Claims,Open,20210728,20210728
26,83613551,"Midland Credit Management, Inc",2102SC000680,Small Claims,Open,20210803,20210803
27,83631421,"Midland Credit Management, Inc",2102SC000707,Small Claims,Open,20210812,20210812
28,83631591,"Midland Credit Management, Inc",2102SC000702,Small Claims,Open,20210812,20210812
29,83631852,"Midland Credit Management, Inc",2102SC000708,Small Claims,Open,20210812,20210812
30,83641181,"Midland Credit Management, Inc",2103SC000103,Small Claims,Open,20210519,20210519
31,83676562,"Midland Credit Management, Inc",2103SC000111,Small Claims,Open,20210602,20210602
32,83770458,"Midland Credit Management, Inc",2105SC000364,Small Claims,Open,20210701,20210701
33,83771194,"Midland Credit Management, Inc",2105SC000372,Small Claims,Open,20210702,20210702
34,83772669,"Midland Credit Management, Inc",2105SC000363,Small Claims,Open,20210701,20210701
35,83795002,"Midland Credit Management, Inc",2105SC000378,Small Claims,Open,20210707,20210707
36,83844272,"Midland Credit Management, Inc",2106SC000927,Small Claims,Open,20210727,20210727
37,83844895,"Midland Credit Management, Inc",2106SC000943,Small Claims,Open,20210728,20210728
38,83845050,"Midland Credit Management, Inc",2106SC000935,Small Claims,Open,20210727,20210727
39,83845437,"Midland Credit Management, Inc",2106SC000926,Small Claims,Open,20210727,20210727
40,83847735,"Midland Credit Management, Inc",2106SC000928,Small Claims,Open,20210727,20210727
41,83848350,"Midland Credit Management, Inc",2106SC000925,Small Claims,Open,20210727,20210727
42,83849909,"Midland Credit Management, Inc",2106SC000942,Small Claims,Open,20210728,20210728
43,83852774,"Midland Credit Management, Inc",2106SC000940,Small Claims,Open,20210728,20210728
44,83853767,"Midland Credit Management, Inc",2106SC000936,Small Claims,Open,20210727,20210727
45,83854681,"Midland Credit Management, Inc",2106SC000930,Small Claims,Open,20210727,20210727
46,83856787,"Midland Credit Management, Inc",2105SC000417,Small Claims,Open,20210722,20210722
47,83857792,"Midland Credit Management, Inc",2105SC000419,Small Claims,Open,20210722,20210722
48,83860685,"Midland Credit Management, Inc",2105SC000411,Small Claims,Open,20210722,20210722
49,83861409,"Midland Credit Management, Inc",2105SC000407,Small Claims,Open,20210722,20210722
0,83871666,"Midland Credit Management, Inc",2106SC000946,Small Claims,Open,20210729,20210729
1,83874910,"Midland Credit Management, Inc",2106SC000947,Small Claims,Open,20210729,20210729
2,83885712,"Midland Credit Management, Inc",2106SC000949,Small Claims,Open,20210729,20210729
3,83887272,"Midland Credit Management, Inc",2106SC000948,Small Claims,Open,20210729,20210729
4,83890856,"Midland Credit Management, Inc",2106SC000950,Small Claims,Open,20210729,20210729
5,83897044,"Midland Credit Management, Inc",2105SC000424,Small Claims,Open,20210728,20210728
6,83897227,"Midland Credit Management, Inc",2105SC000425,Small Claims,Open,20210728,20210728
7,83898338,"Midland Credit Management, Inc",2105SC000426,Small Claims,Open,20210728,20210728
8,83995570,"Midland Credit Management, Inc",2106SC000973,Small Claims,Disposed (Statistical Purposes),20210804,20210824
9,83998988,"Midland Credit Management, Inc",2106SC000972,Small Claims,Open,20210804,20210804
10,84017447,"Midland Credit Management, Inc",2103SC000157,Small Claims,Disposed (Statistical Purposes),20210727,20211213
11,84022705,"Midland Credit Management, Inc",2102SC000187,Small Claims,Disposed (Statistical Purposes),20210519,20210910
12,84023921,"Midland Credit Management, Inc",2102SC000183,Small Claims,Disposed (Statistical Purposes),20210519,20210610
13,84024139,"Midland Credit Management, Inc",2102SC000184,Small Claims,Disposed (Statistical Purposes),20210519,20220127
14,84027031,"Midland Credit Management, Inc",2102SC000189,Small Claims,Disposed (Statistical Purposes),20210519,20220127
15,84030872,"Midland Credit Management, Inc",2103SC000151,Small Claims,Open,20210727,20210727
16,84137756,"Midland Credit Management, Inc",2002SC000389,Small Claims,Disposed (Statistical Purposes),20200828,20210409
17,84142513,"Midland Credit Management, Inc",2102SC000211,Small Claims,Disposed (Statistical Purposes),20210603,20211216
18,84152110,"Midland Credit Management, Inc",2102SC000221,Small Claims,Disposed (Statistical Purposes),20210603,20220202
19,84154302,"Midland Credit Management, Inc",2102SC000217,Small Claims,Disposed (Statistical Purposes),20210603,20220202
20,84155268,"Midland Credit Management, Inc",2102SC000218,Small Claims,Disposed (Statistical Purposes),20210603,20220202
21,84155778,"Midland Credit Management, Inc",2102SC000223,Small Claims,Disposed (Statistical Purposes),20210603,20220203
22,84161317,"Midland Credit Management, Inc",2106SC001038,Small Claims,Open,20210813,20210813
23,84192600,"Midland Credit Management, Inc",2102SC000317,Small Claims,Open,20210609,20210609
24,84195486,"Midland Credit Management, Inc",2102SC000322,Small Claims,Disposed (Statistical Purposes),20210609,20210621
25,84198247,"Midland Credit Management, Inc",2102SC000358,Small Claims,Open,20210610,20210610
26,84200019,"Midland Credit Management, Inc",2102SC000321,Small Claims,Disposed (Statistical Purposes),20210609,20211027
27,84200609,"Midland Credit Management, Inc",2102SC000319,Small Claims,Disposed (Statistical Purposes),20210609,20211027
28,84202946,"Midland Credit Management, Inc",2102SC000326,Small Claims,Disposed (Statistical Purposes),20210609,20211027
29,84208033,"Midland Credit Management, Inc",2118SC000732,Small Claims,Open,20210430,20210430
30,84208148,"Midland Credit Management, Inc",2111SC000192,Small Claims,Open,20210129,20210129
31,84210182,"Midland Credit Management, Inc",2050SC000788,Small Claims,Disposed (Statistical Purposes),20200514,20211022
32,84212441,"Midland Credit Management, Inc",2118SC000731,Small Claims,Open,20210430,20210430
33,84212526,"Midland Credit Management, Inc",2111SC000193,Small Claims,Open,20210129,20210129
34,84212778,"Midland Credit Management, Inc",2118SC000733,Small Claims,Open,20210430,20210430
35,84213093,"Midland Credit Management, Inc",2111SC000191,Small Claims,Open,20210129,20210129
36,84213700,"Midland Credit Management, Inc",2111SC000196,Small Claims,Open,20210129,20210129
37,84214310,"Midland Credit Management, Inc",2111SC000195,Small Claims,Open,20210129,20210129
38,84215113,"Midland Credit Management, Inc",2111SC000194,Small Claims,Open,20210129,20210129
39,84216532,"Midland Credit Management, Inc",2111SC000197,Small Claims,Open,20210129,20210129
40,84217070,"Midland Credit Management, Inc",2050SC000799,Small Claims,Disposed (Statistical Purposes),20200514,20210827
41,84252526,"Midland Credit Management, Inc",2105SC000266,Small Claims,Disposed (Statistical Purposes),20210521,20211214
42,84253743,"Midland Credit Management, Inc",2105SC000267,Small Claims,Open,20210521,20210521
43,84253806,"Midland Credit Management, Inc",2105SC000265,Small Claims,Disposed (Statistical Purposes),20210521,20211026
44,84254120,"Midland Credit Management, Inc",2105SC000269,Small Claims,Disposed (Statistical Purposes),20210521,20211214
45,84255860,"Midland Credit Management, Inc",2106SC000599,Small Claims,Disposed (Statistical Purposes),20210524,20220214
46,84269838,"Midland Credit Management, Inc",2105SC000275,Small Claims,Disposed (Statistical Purposes),20210524,20211214
47,84271333,"Midland Credit Management, Inc",2105SC000277,Small Claims,Disposed (Statistical Purposes),20210524,20211214
48,84273098,"Midland Credit Management, Inc",2105SC000281,Small Claims,Disposed (Statistical Purposes),20210524,20211217
49,84273869,"Midland Credit Management, Inc",2105SC000276,Small Claims,Disposed (Statistical Purposes),20210524,20211214
0,84273951,"Midland Credit Management, Inc",2023SC002532,Small Claims,Disposed (Statistical Purposes),20201112,20210413
1,84274312,"Midland Credit Management, Inc",2105SC000278,Small Claims,Disposed (Statistical Purposes),20210524,20211214
2,84274551,"Midland Credit Management, Inc",2105SC000274,Small Claims,Disposed (Statistical Purposes),20210524,20210701
3,84291618,"Midland Credit Management, Inc",2106SC000616,Small Claims,Disposed (Statistical Purposes),20210527,20220214
4,84303164,"Midland Credit Management, Inc",2106SC000626,Small Claims,Disposed (Statistical Purposes),20210528,20220214
5,84305745,"Midland Credit Management, Inc",2105SC000295,Small Claims,Open,20210602,20210602
6,84307528,"Midland Credit Management, Inc",2106SC000625,Small Claims,Open,20210528,20210528
7,84307690,"Midland Credit Management, Inc",2106SC000624,Small Claims,Open,20210528,20210528
8,84309084,"Midland Credit Management, Inc",2162SC000245,Small Claims,Disposed (Statistical Purposes),20210209,20210922
9,84310585,"Midland Credit Management, Inc",2162SC000238,Small Claims,Disposed (Statistical Purposes),20210209,20210922
10,84312176,"Midland Credit Management, Inc",2162SC000244,Small Claims,Disposed (Statistical Purposes),20210209,20210721
11,84312558,"Midland Credit Management, Inc",2162SC000239,Small Claims,Disposed (Statistical Purposes),20210209,20210922
12,84313658,"Midland Credit Management, Inc",2162SC000224,Small Claims,Disposed (Statistical Purposes),20210208,20210922
13,84314036,"Midland Credit Management, Inc",2162SC000223,Small Claims,Disposed (Statistical Purposes),20210208,20210922
14,84314932,"Midland Credit Management, Inc",2162SC000243,Small Claims,Disposed (Statistical Purposes),20210209,20210922
15,84318208,"Midland Credit Management, Inc",2162SC000229,Small Claims,Disposed (Statistical Purposes),20210209,20210922
16,84319390,"Midland Credit Management, Inc",2162SC000222,Small Claims,Disposed (Statistical Purposes),20210208,20210924
17,84323994,"Midland Credit Management, Inc",2106SC000639,Small Claims,Covid 19 XXX Notice Issued,20210601,20220131
18,84324441,"Midland Credit Management, Inc",2162SC000249,Small Claims,Disposed (Statistical Purposes),20210210,20210922
19,84325972,"Midland Credit Management, Inc",2162SC000255,Small Claims,Disposed (Statistical Purposes),20210210,20210917
20,84326283,"Midland Credit Management, Inc",2162SC000252,Small Claims,Disposed (Statistical Purposes),20210210,20210922
21,84326464,"Midland Credit Management, Inc",2106SC000634,Small Claims,Covid 19 XXX Notice Issued,20210601,20220131
22,84326590,"Midland Credit Management, Inc",2106SC000637,Small Claims,Open,20210601,20210601
23,84326951,"Midland Credit Management, Inc",2162SC000246,Small Claims,Disposed (Statistical Purposes),20210210,20211231
24,84327396,"Midland Credit Management, Inc",2162SC000250,Small Claims,Disposed (Statistical Purposes),20210210,20210924
25,84328090,"Midland Credit Management, Inc",2106SC000632,Small Claims,Covid 19 XXX Notice Issued,20210601,20220131
26,84328438,"Midland Credit Management, Inc",2162SC000256,Small Claims,Disposed (Statistical Purposes),20210210,20211129
27,84329045,"Midland Credit Management, Inc",2106SC000636,Small Claims,Open,20210601,20210601
28,84329103,"Midland Credit Management, Inc",2162SC000248,Small Claims,Disposed (Statistical Purposes),20210210,20210614
29,84329505,"Midland Credit Management, Inc",2162SC000254,Small Claims,Disposed (Statistical Purposes),20210210,20210922
30,84329751,"Midland Credit Management, Inc",2162SC000253,Small Claims,Disposed (Statistical Purposes),20210210,20210409
31,84330003,"Midland Credit Management, Inc",2162SC000251,Small Claims,Disposed (Statistical Purposes),20210210,20210707
32,84330398,"Midland Credit Management, Inc",2162SC000257,Small Claims,Open,20210210,20210210
33,84330782,"Midland Credit Management, Inc",2106SC000633,Small Claims,Covid 19 XXX Notice Issued,20210601,20220131
34,84330865,"Midland Credit Management, Inc",2162SC000247,Small Claims,Disposed (Statistical Purposes),20210210,20210922
35,84333491,"Midland Credit Management, Inc",2106SC000638,Small Claims,Covid 19 XXX Notice Issued,20210601,20220131
36,84334438,"Midland Credit Management, Inc",2106SC000631,Small Claims,Covid 19 XXX Notice Issued,20210601,20220131
37,84347561,"Midland Credit Management, Inc",2106SC000659,Small Claims,Open,20210604,20210604
38,84347901,"Midland Credit Management, Inc",2106SC000645,Small Claims,Open,20210603,20210603
39,84349158,"Midland Credit Management, Inc",2106SC000647,Small Claims,Open,20210603,20210603
40,84349765,"Midland Credit Management, Inc",2106SC000644,Small Claims,Disposed (Statistical Purposes),20210603,20220215
41,84353555,"Midland Credit Management, Inc",2106SC000646,Small Claims,Open,20210603,20210603
42,84353787,"Midland Credit Management, Inc",2106SC000654,Small Claims,Open,20210604,20210604
43,84364061,"Midland Credit Management, Inc",2106SC000666,Small Claims,Open,20210607,20210607
44,84364339,"Midland Credit Management, Inc",2106SC000665,Small Claims,Open,20210607,20210607
45,84372284,"Midland Credit Management, Inc",2106SC000664,Small Claims,Open,20210607,20210607
46,84385561,"Midland Credit Management, Inc",2106SC000687,Small Claims,Open,20210610,20210610
47,84400216,"Midland Credit Management, Inc",2106SC000690,Small Claims,Open,20210614,20210614
48,84405338,"Midland Credit Management, Inc",2106SC000691,Small Claims,Open,20210614,20210614
49,84426167,"Midland Credit Management, Inc",2125SC000726,Small Claims,Disposed (Statistical Purposes),20210708,20220201
0,84437032,"Midland Credit Management, Inc",2125SC000744,Small Claims,Open,20210709,20210709
1,84517796,"Midland Credit Management, Inc",2134SC000605,Small Claims,Open,20210517,20210517
2,84520718,"Midland Credit Management, Inc",2134SC000601,Small Claims,Open,20210517,20210517
3,84530805,"Midland Credit Management, Inc",2134SC000616,Small Claims,Open,20210521,20210521
4,84531506,"Midland Credit Management, Inc",2134SC000618,Small Claims,Open,20210521,20210521
5,84547840,"Midland Credit Management, Inc",2134SC000634,Small Claims,Open,20210525,20210525
6,84547945,"Midland Credit Management, Inc",2134SC000628,Small Claims,Open,20210524,20210524
7,84548749,"Midland Credit Management, Inc",2134SC000635,Small Claims,Open,20210525,20210525
8,84549753,"Midland Credit Management, Inc",2134SC000636,Small Claims,Disposed (Statistical Purposes),20210525,20220217
9,84550682,"Midland Credit Management, Inc",2134SC000637,Small Claims,Open,20210525,20210525
10,84551335,"Midland Credit Management, Inc",2134SC000626,Small Claims,Open,20210524,20210524
11,84555665,"Midland Credit Management, Inc",2134SC000623,Small Claims,Disposed (Statistical Purposes),20210524,20211227
12,84556472,"Midland Credit Management, Inc",2134SC000630,Small Claims,Open,20210524,20210524
13,84556576,"Midland Credit Management, Inc",2134SC000624,Small Claims,Open,20210524,20210524
14,84556617,"Midland Credit Management, Inc",2134SC000622,Small Claims,Open,20210524,20210524
15,84556674,"Midland Credit Management, Inc",2134SC000629,Small Claims,Open,20210524,20210524
16,84561399,"Midland Credit Management, Inc",2134SC000639,Small Claims,Open,20210526,20210526
17,84561543,"Midland Credit Management, Inc",2134SC000643,Small Claims,Open,20210527,20210527
18,84561691,"Midland Credit Management, Inc",2134SC000642,Small Claims,Open,20210527,20210527
19,84564413,"Midland Credit Management, Inc",2134SC000641,Small Claims,Open,20210527,20210527
20,84565554,"Midland Credit Management, Inc",2134SC000638,Small Claims,Open,20210526,20210526
21,84565944,"Midland Credit Management, Inc",2148SC000444,Small Claims,Disposed (Statistical Purposes),20210728,20220127
22,84580645,"Midland Credit Management, Inc",2148SC000451,Small Claims,Open,20210802,20210802
23,84592884,"Midland Credit Management, Inc",2134SC000567,Small Claims,Open,20210601,20210601
24,84593039,"Midland Credit Management, Inc",2134SC000575,Small Claims,Open,20210601,20210601
25,84593169,"Midland Credit Management, Inc",2134SC000578,Small Claims,Open,20210601,20210601
26,84593179,"Midland Credit Management, Inc",2134SC000574,Small Claims,Open,20210601,20210601
27,84594653,"Midland Credit Management, Inc",2134SC000577,Small Claims,Open,20210601,20210601
28,84595841,"Midland Credit Management, Inc",2134SC000581,Small Claims,Open,20210601,20210601
29,84598433,"Midland Credit Management, Inc",2134SC000583,Small Claims,Open,20210603,20210603
30,84670506,"Midland Credit Management, Inc",2134SC000757,Small Claims,Open,20210628,20210628
31,84671310,"Midland Credit Management, Inc",2134SC000758,Small Claims,Open,20210628,20210628
32,84671587,"Midland Credit Management, Inc",2134SC000756,Small Claims,Open,20210628,20210628
33,84671826,"Midland Credit Management, Inc",2134SC000759,Small Claims,Open,20210628,20210628
34,84685344,"Midland Credit Management, Inc",2134SC000774,Small Claims,Open,20210702,20210702
35,84688842,"Midland Credit Management, Inc",2134SC000767,Small Claims,Open,20210701,20210701
36,84689276,"Midland Credit Management, Inc",2134SC000777,Small Claims,Open,20210702,20210702
37,84690248,"Midland Credit Management, Inc",2134SC000766,Small Claims,Open,20210701,20210701
38,84690507,"Midland Credit Management, Inc",2134SC000776,Small Claims,Open,20210702,20210702
39,84690779,"Midland Credit Management, Inc",2134SC000771,Small Claims,Open,20210702,20210702
40,84691021,"Midland Credit Management, Inc",2134SC000770,Small Claims,Open,20210702,20210702
41,84691838,"Midland Credit Management, Inc",2134SC000775,Small Claims,Open,20210702,20210702
42,84692849,"Midland Credit Management, Inc",2134SC000761,Small Claims,Open,20210701,20210701
43,84705106,"Midland Credit Management, Inc",2134SC000780,Small Claims,Open,20210706,20210706
44,84706175,"Midland Credit Management, Inc",2134SC000779,Small Claims,Open,20210706,20210706
45,84737725,"Midland Credit Management, Inc",2134SC000795,Small Claims,Disposed (Statistical Purposes),20210712,20211115
46,84742809,"Midland Credit Management, Inc",2134SC000805,Small Claims,Open,20210712,20210712
47,84742810,"Midland Credit Management, Inc",2134SC000805,Small Claims,Open,20210712,20210712
48,84763427,"Midland Credit Management, Inc",2134SC000826,Small Claims,Open,20210716,20210716
49,84764296,"Midland Credit Management, Inc",2134SC000825,Small Claims,Open,20210716,20210716
0,84791800,"Midland Credit Management, Inc",2125SC000853,Small Claims,Open,20210728,20210728
1,84797661,"Midland Credit Management, Inc",2125SC000842,Small Claims,Open,20210727,20210727
2,84799796,"Midland Credit Management, Inc",2125SC000841,Small Claims,Open,20210727,20210727
3,84802493,"Midland Credit Management, Inc",2134SC000824,Small Claims,Open,20210716,20210716
4,84803767,"Midland Credit Management, Inc",2134SC000829,Small Claims,Open,20210716,20210716
5,84804109,"Midland Credit Management, Inc",2134SC000827,Small Claims,Open,20210716,20210716
6,84807600,"Midland Credit Management, Inc",2134SC000831,Small Claims,Open,20210716,20210716
7,84808336,"Midland Credit Management, Inc",2134SC000830,Small Claims,Open,20210716,20210716
8,84820510,"Midland Credit Management, Inc",2125SC000862,Small Claims,Open,20210730,20210730
9,84828301,"Midland Credit Management, Inc",2125SC000866,Small Claims,Open,20210730,20210730
10,84829793,"Midland Credit Management, Inc",2134SC000835,Small Claims,Open,20210719,20210719
11,84832796,"Midland Credit Management, Inc",2134SC000834,Small Claims,Open,20210719,20210719
12,84840739,"Midland Credit Management, Inc",2134SC000925,Small Claims,Disposed (Statistical Purposes),20210722,20210810
13,84841485,"Midland Credit Management, Inc",2134SC000905,Small Claims,Open,20210722,20210722
14,84841554,"Midland Credit Management, Inc",2134SC000908,Small Claims,Open,20210722,20210722
15,84842331,"Midland Credit Management, Inc",2134SC000909,Small Claims,Open,20210722,20210722
16,84843193,"Midland Credit Management, Inc",2134SC000902,Small Claims,Open,20210721,20210721
17,84844621,"Midland Credit Management, Inc",2134SC000903,Small Claims,Open,20210721,20210804
18,84845801,"Midland Credit Management, Inc",2134SC000901,Small Claims,Open,20210721,20210721
19,84846547,"Midland Credit Management, Inc",2134SC000907,Small Claims,Open,20210722,20210722
20,84847127,"Midland Credit Management, Inc",2134SC000904,Small Claims,Open,20210722,20210722
21,84858742,"Midland Credit Management, Inc",2134SC000896,Small Claims,Open,20210723,20210723
22,84859517,"Midland Credit Management, Inc",2134SC000898,Small Claims,Open,20210723,20210723
23,84862033,"Midland Credit Management, Inc",2134SC000897,Small Claims,Open,20210723,20210723
24,84870002,"Midland Credit Management, Inc",2134SC000946,Small Claims,Open,20210726,20210726
25,84870408,"Midland Credit Management, Inc",2134SC000939,Small Claims,Open,20210726,20210726
26,84870469,"Midland Credit Management, Inc",2134SC000911,Small Claims,Open,20210726,20210726
27,84870699,"Midland Credit Management, Inc",2134SC000926,Small Claims,Open,20210726,20210726
28,84871877,"Midland Credit Management, Inc",2125SC000550,Small Claims,Disposed (Statistical Purposes),20210526,20210915
29,84872882,"Midland Credit Management, Inc",2125SC000548,Small Claims,Disposed (Statistical Purposes),20210526,20210713
30,84872914,"Midland Credit Management, Inc",2134SC000912,Small Claims,Open,20210726,20210726
31,84874598,"Midland Credit Management, Inc",2134SC000938,Small Claims,Open,20210726,20210726
32,84875382,"Midland Credit Management, Inc",2134SC000937,Small Claims,Open,20210726,20210726
33,84876862,"Midland Credit Management, Inc",2125SC000547,Small Claims,Disposed (Statistical Purposes),20210526,20211109
34,84877271,"Midland Credit Management, Inc",2115SC001071,Small Claims,Disposed (Statistical Purposes),20210517,20220120
35,84878348,"Midland Credit Management, Inc",2125SC000549,Small Claims,Disposed (Statistical Purposes),20210526,20210914
36,84878896,"Midland Credit Management, Inc",2134SC000936,Small Claims,Open,20210726,20210726
37,84879346,"Midland Credit Management, Inc",2125SC000551,Small Claims,Open,20210526,20210526
38,84918512,"Midland Credit Management, Inc",2115SC001375,Small Claims,Open,20210614,20210614
39,84924890,"Midland Credit Management, Inc",2125SC000560,Small Claims,Disposed (Statistical Purposes),20210601,20211207
40,84926011,"Midland Credit Management, Inc",2125SC000555,Small Claims,Disposed (Statistical Purposes),20210601,20211207
41,84926124,"Midland Credit Management, Inc",2125SC000559,Small Claims,Disposed (Statistical Purposes),20210601,20211207
42,84930934,"Midland Credit Management, Inc",2125SC000558,Small Claims,Open,20210601,20210601
43,84933085,"Midland Credit Management, Inc",2125SC000748,Small Claims,Disposed (Statistical Purposes),20210712,20220201
44,84934346,"Midland Credit Management, Inc",2125SC000750,Small Claims,Disposed (Statistical Purposes),20210712,20220201
45,84935672,"Midland Credit Management, Inc",2125SC000749,Small Claims,Disposed (Statistical Purposes),20210712,20220201
46,84945678,"Midland Credit Management, Inc",2125SC000557,Small Claims,Open,20210601,20210601
47,84960048,"Midland Credit Management, Inc",2125SC000599,Small Claims,Disposed (Statistical Purposes),20210604,20211207
48,84962394,"Midland Credit Management, Inc",2125SC000763,Small Claims,Disposed (Statistical Purposes),20210713,20220208
49,84965262,"Midland Credit Management, Inc",2125SC000601,Small Claims,Open,20210604,20210604
0,84994560,"Midland Credit Management, Inc",2125SC000764,Small Claims,Open,20210715,20210715
1,85009888,"Midland Credit Management, Inc",2125SC000770,Small Claims,Disposed (Statistical Purposes),20210715,20220208
2,85058733,"Midland Credit Management, Inc",2125SC000779,Small Claims,Open,20210719,20210719
3,85122644,"Midland Credit Management, Inc",2154SC000399,Small Claims,Open,20210601,20210601
4,85123386,"Midland Credit Management, Inc",2154SC000398,Small Claims,Open,20210601,20210601
5,85123486,"Midland Credit Management, Inc",2154SC000397,Small Claims,Open,20210601,20210601
6,85124333,"Midland Credit Management, Inc",2154SC000394,Small Claims,Open,20210601,20210601
7,85124358,"Midland Credit Management, Inc",2154SC000395,Small Claims,Open,20210601,20210601
8,85124729,"Midland Credit Management, Inc",2154SC000379,Small Claims,Open,20210601,20210601
9,85125327,"Midland Credit Management, Inc",2154SC000380,Small Claims,Open,20210601,20210601
10,85153687,"Midland Credit Management, Inc",2154SC000381,Small Claims,Open,20210526,20210526
11,85180822,"Midland Credit Management, Inc",2164SC000581,Small Claims,Open,20210601,20210601
12,85181779,"Midland Credit Management, Inc",2164SC000571,Small Claims,Open,20210601,20210601
13,85182508,"Midland Credit Management, Inc",2164SC000573,Small Claims,Open,20210601,20210601
14,85182717,"Midland Credit Management, Inc",2164SC000577,Small Claims,Open,20210601,20210601
15,85183745,"Midland Credit Management, Inc",2164SC000572,Small Claims,Open,20210601,20210601
16,85191633,"Midland Credit Management, Inc",2154SC000479,Small Claims,Open,20210701,20210701
17,85193593,"Midland Credit Management, Inc",2152SC000441,Small Claims,Disposed (Statistical Purposes),20210630,20220210
18,85194803,"Midland Credit Management, Inc",2154SC000478,Small Claims,Open,20210630,20210630
19,85194870,"Midland Credit Management, Inc",2154SC000483,Small Claims,Open,20210701,20210701
20,85212136,"Midland Credit Management, Inc",2164SC000640,Small Claims,Open,20210630,20210630
21,85214290,"Midland Credit Management, Inc",2164SC000638,Small Claims,Open,20210630,20210630
22,85214486,"Midland Credit Management, Inc",2164SC000639,Small Claims,Open,20210630,20210630
23,85215333,"Midland Credit Management, Inc",2164SC000641,Small Claims,Open,20210630,20210630
24,85217874,"Midland Credit Management, Inc",2154SC000507,Small Claims,Open,20210712,20210712
25,85218951,"Midland Credit Management, Inc",2164SC000758,Small Claims,Open,20210702,20210702
26,85226972,"Midland Credit Management, Inc",2154SC000526,Small Claims,Open,20210719,20210719
27,85228274,"Midland Credit Management, Inc",2154SC000525,Small Claims,Open,20210719,20210719
28,85228520,"Midland Credit Management, Inc",2154SC000522,Small Claims,Open,20210719,20210719
29,85230825,"Midland Credit Management, Inc",2154SC000544,Small Claims,Open,20210722,20210722
30,85231228,"Midland Credit Management, Inc",2154SC000548,Small Claims,Open,20210722,20210728
31,85232525,"Midland Credit Management, Inc",2154SC000549,Small Claims,Open,20210722,20210722
32,85235263,"Midland Credit Management, Inc",2154SC000557,Small Claims,Open,20210723,20210723
33,85244898,"Midland Credit Management, Inc",2154SC000550,Small Claims,Open,20210727,20210728
34,85257747,"Midland Credit Management, Inc",2164SC000765,Small Claims,Open,20210720,20210720
35,85258201,"Midland Credit Management, Inc",2169SC000455,Small Claims,Open,20210712,20210712
36,85258265,"Midland Credit Management, Inc",2164SC000761,Small Claims,Open,20210719,20210719
37,85262896,"Midland Credit Management, Inc",2164SC000769,Small Claims,Open,20210722,20210722
38,85270085,"Midland Credit Management, Inc",2154SC000610,Small Claims,Open,20210813,20210813
39,85270383,"Midland Credit Management, Inc",2154SC000605,Small Claims,Open,20210813,20210813
40,85280168,"Midland Credit Management, Inc",2169SC000474,Small Claims,Open,20210720,20210720
41,85280705,"Midland Credit Management, Inc",2198SC000259,Small Claims,Disposed (Statistical Purposes),20210524,20210614
42,85281241,"Midland Credit Management, Inc",2198SC000260,Small Claims,Disposed (Statistical Purposes),20210524,20211203
43,85282086,"Midland Credit Management, Inc",2169SC000472,Small Claims,Open,20210720,20210720
44,85283371,"Midland Credit Management, Inc",2169SC000473,Small Claims,Open,20210720,20210720
45,85283815,"Midland Credit Management, Inc",2198SC000264,Small Claims,Disposed (Statistical Purposes),20210524,20210716
46,85285589,"Midland Credit Management, Inc",2169SC000507,Small Claims,Open,20210723,20210723
47,85286543,"Midland Credit Management, Inc",2169SC000505,Small Claims,Open,20210722,20210722
48,85287194,"Midland Credit Management, Inc",2169SC000477,Small Claims,Open,20210722,20210722
49,85287298,"Midland Credit Management, Inc",2169SC000478,Small Claims,Open,20210722,20210722
0,85288121,"Midland Credit Management, Inc",2169SC000503,Small Claims,Open,20210722,20210722
1,85288146,"Midland Credit Management, Inc",2169SC000480,Small Claims,Open,20210722,20210722
2,85288797,"Midland Credit Management, Inc",2169SC000479,Small Claims,Open,20210722,20210722
3,85290683,"Midland Credit Management, Inc",2198SC000258,Small Claims,Open,20210525,20210525
4,85294876,"Midland Credit Management, Inc",2169SC000509,Small Claims,Open,20210726,20210726
5,85302023,"Midland Credit Management, Inc",2164SC000518,Small Claims,Open,20210525,20210525
6,85307300,"Midland Credit Management, Inc",2198SC000288,Small Claims,Disposed (Statistical Purposes),20210602,20210720
7,85309340,"Midland Credit Management, Inc",2198SC000287,Small Claims,Open,20210602,20210602
8,85329544,"Midland Credit Management, Inc",2169SC000517,Small Claims,Open,20210811,20210811
9,85339905,"Midland Credit Management, Inc",2169SC000291,Small Claims,Open,20210521,20210521
10,85340769,"Midland Credit Management, Inc",2169SC000303,Small Claims,Open,20210521,20210521
11,85341188,"Midland Credit Management, Inc",2169SC000304,Small Claims,Open,20210521,20210521
12,85347716,"Midland Credit Management, Inc",2169SC000324,Small Claims,Open,20210524,20210524
13,85349657,"Midland Credit Management, Inc",2169SC000323,Small Claims,Open,20210524,20210524
14,85349686,"Midland Credit Management, Inc",2169SC000322,Small Claims,Open,20210524,20210524
15,85353491,"Midland Credit Management, Inc",2169SC000327,Small Claims,Open,20210526,20210526
16,85368066,"Midland Credit Management, Inc",2169SC000338,Small Claims,Open,20210602,20210602
17,85368773,"Midland Credit Management, Inc",2169SC000336,Small Claims,Open,20210602,20210602
18,85369967,"Midland Credit Management, Inc",2169SC000339,Small Claims,Open,20210602,20210602
19,85379180,"Midland Credit Management, Inc",2198SC000379,Small Claims,Disposed (Statistical Purposes),20210706,20211119
20,85380090,"Midland Credit Management, Inc",2198SC000376,Small Claims,Disposed (Statistical Purposes),20210706,20210827
21,85380147,"Midland Credit Management, Inc",2198SC000385,Small Claims,Disposed (Statistical Purposes),20210706,20210722
22,85380834,"Midland Credit Management, Inc",2198SC000377,Small Claims,Disposed (Statistical Purposes),20210706,20210827
23,85380977,"Midland Credit Management, Inc",2198SC000374,Small Claims,Open,20210706,20210706
24,85381390,"Midland Credit Management, Inc",2198SC000373,Small Claims,Disposed (Statistical Purposes),20210706,20211210
25,85382131,"Midland Credit Management, Inc",2198SC000383,Small Claims,Disposed (Statistical Purposes),20210706,20210827
26,85382472,"Midland Credit Management, Inc",2198SC000375,Small Claims,Disposed (Statistical Purposes),20210706,20210729
27,85382801,"Midland Credit Management, Inc",2198SC000382,Small Claims,Disposed (Statistical Purposes),20210706,20211217
28,85383009,"Midland Credit Management, Inc",2198SC000381,Small Claims,Disposed (Statistical Purposes),20210706,20210817
29,85383166,"Midland Credit Management, Inc",2198SC000378,Small Claims,Disposed (Statistical Purposes),20210706,20210827
30,85383498,"Midland Credit Management, Inc",2198SC000380,Small Claims,Disposed (Statistical Purposes),20210706,20210827
31,85383865,"Midland Credit Management, Inc",2198SC000384,Small Claims,Disposed (Statistical Purposes),20210706,20210827
32,85384073,"Midland Credit Management, Inc",2198SC000372,Small Claims,Disposed (Statistical Purposes),20210706,20210827
33,85387033,"Midland Credit Management, Inc",2198SC000391,Small Claims,Disposed (Statistical Purposes),20210708,20210917
34,85403658,"Midland Credit Management, Inc",2198SC000420,Small Claims,Disposed (Statistical Purposes),20210720,20210727
35,85404447,"Midland Credit Management, Inc",2198SC000406,Small Claims,Disposed (Statistical Purposes),20210719,20210917
36,85405007,"Midland Credit Management, Inc",2198SC000408,Small Claims,Disposed (Statistical Purposes),20210719,20210917
37,85405191,"Midland Credit Management, Inc",2198SC000419,Small Claims,Disposed (Statistical Purposes),20210720,20210924
38,85408714,"Midland Credit Management, Inc",2198SC000421,Small Claims,Disposed (Statistical Purposes),20210722,20210924
39,85415196,"Midland Credit Management, Inc",2198SC000430,Small Claims,Disposed (Statistical Purposes),20210726,20210924
40,85419175,"Midland Credit Management, Inc",2198SC000433,Small Claims,Disposed (Statistical Purposes),20210728,20211001
41,85419327,"Midland Credit Management, Inc",2198SC000435,Small Claims,Disposed (Statistical Purposes),20210728,20211001
42,85436729,"Midland Credit Management, Inc",2169SC000430,Small Claims,Open,20210708,20210708
43,85437241,"Midland Credit Management, Inc",2169SC000429,Small Claims,Open,20210708,20210708
44,85437291,"Midland Credit Management, Inc",2169SC000428,Small Claims,Open,20210708,20210708
45,85437809,"Midland Credit Management, Inc",2169SC000426,Small Claims,Open,20210708,20210708
46,85437835,"Midland Credit Management, Inc",2169SC000427,Small Claims,Open,20210708,20210708
47,85438416,"Midland Credit Management, Inc",2169SC000424,Small Claims,Disposed (Statistical Purposes),20210708,20210823
48,85440445,"Midland Credit Management, Inc",2198SC000466,Small Claims,Open,20210805,20210805
49,85481099,"Midland Credit Management, Inc",2168SC000252,Small Claims,Disposed (Statistical Purposes),20210708,20210913
0,85482063,"Midland Credit Management, Inc",2168SC000254,Small Claims,Disposed (Statistical Purposes),20210708,20210913
1,85482392,"Midland Credit Management, Inc",2168SC000251,Small Claims,Disposed (Statistical Purposes),20210708,20210913
2,85483486,"Midland Credit Management, Inc",2168SC000255,Small Claims,Disposed (Statistical Purposes),20210708,20210913
3,85484616,"Midland Credit Management, Inc",2168SC000253,Small Claims,Disposed (Statistical Purposes),20210708,20210913
4,85488509,"Midland Credit Management, Inc",2135SC000051,Small Claims,Disposed (Statistical Purposes),20210623,20210820
5,85531375,"Midland Credit Management, Inc",2135SC000064,Small Claims,Closed,20210806,20211201
6,85531834,"Midland Credit Management, Inc",2135SC000063,Small Claims,Disposed (Statistical Purposes),20210806,20211201
7,85540505,"Midland Credit Management, Inc",2132CV000337,Civil,Disposed (Statistical Purposes),20210517,20211123
8,85668269,"Midland Credit Management, Inc",2132SC001387,Small Claims,Open,20210628,20210628
9,85677942,"Midland Credit Management, Inc",2121SC000298,Small Claims,Disposed (Statistical Purposes),20210517,20211102
10,85678213,"Midland Credit Management, Inc",2121SC000300,Small Claims,Disposed (Statistical Purposes),20210517,20211102
11,85681786,"Midland Credit Management, Inc",2121SC000294,Small Claims,Disposed (Statistical Purposes),20210524,20211027
12,85682293,"Midland Credit Management, Inc",2121SC000232,Small Claims,Disposed (Statistical Purposes),20210526,20211019
13,85682374,"Midland Credit Management, Inc",2121SC000233,Small Claims,Disposed (Statistical Purposes),20210526,20211019
14,85683188,"Midland Credit Management, Inc",2121SC000236,Small Claims,Disposed (Statistical Purposes),20210527,20211019
15,85685889,"Midland Credit Management, Inc",2121SC000289,Small Claims,Disposed (Statistical Purposes),20210601,20211102
16,85685959,"Midland Credit Management, Inc",2121SC000288,Small Claims,Disposed (Statistical Purposes),20210601,20211102
17,85686040,"Midland Credit Management, Inc",2121SC000287,Small Claims,Disposed (Statistical Purposes),20210601,20211102
18,85686112,"Midland Credit Management, Inc",2121SC000291,Small Claims,Disposed (Statistical Purposes),20210601,20211102
19,85686249,"Midland Credit Management, Inc",2121SC000290,Small Claims,Disposed (Statistical Purposes),20210601,20211102
20,85686284,"Midland Credit Management, Inc",2121SC000286,Small Claims,Disposed (Statistical Purposes),20210601,20210830
21,85688631,"Midland Credit Management, Inc",2121SC000249,Small Claims,Disposed (Statistical Purposes),20210604,20211019
22,85700771,"Midland Credit Management, Inc",2121SC000323,Small Claims,Disposed (Statistical Purposes),20210630,20211213
23,85700939,"Midland Credit Management, Inc",2121SC000322,Small Claims,Open,20210630,20210630
24,85703189,"Midland Credit Management, Inc",2121SC000333,Small Claims,Disposed (Statistical Purposes),20210707,20211102
25,85703301,"Midland Credit Management, Inc",2121SC000331,Small Claims,Disposed (Statistical Purposes),20210707,20211102
26,85703460,"Midland Credit Management, Inc",2121SC000352,Small Claims,Disposed (Statistical Purposes),20210707,20211029
27,85703543,"Midland Credit Management, Inc",2121SC000327,Small Claims,Disposed (Statistical Purposes),20210707,20211102
28,85703641,"Midland Credit Management, Inc",2121SC000329,Small Claims,Disposed (Statistical Purposes),20210707,20210913
29,85703849,"Midland Credit Management, Inc",2121SC000348,Small Claims,Disposed (Statistical Purposes),20210707,20211116
30,85703972,"Midland Credit Management, Inc",2121SC000351,Small Claims,Disposed (Statistical Purposes),20210707,20211116
31,85704303,"Midland Credit Management, Inc",2121SC000350,Small Claims,Disposed (Statistical Purposes),20210707,20211116
32,85704400,"Midland Credit Management, Inc",2121SC000328,Small Claims,Disposed (Statistical Purposes),20210707,20211102
33,85704597,"Midland Credit Management, Inc",2121SC000335,Small Claims,Disposed (Statistical Purposes),20210707,20211102
34,85704657,"Midland Credit Management, Inc",2121SC000330,Small Claims,Disposed (Statistical Purposes),20210707,20211102
35,85704740,"Midland Credit Management, Inc",2121SC000334,Small Claims,Disposed (Statistical Purposes),20210707,20211102
36,85704872,"Midland Credit Management, Inc",2121SC000349,Small Claims,Disposed (Statistical Purposes),20210707,20211116
37,85704929,"Midland Credit Management, Inc",2121SC000332,Small Claims,Disposed (Statistical Purposes),20210707,20211102
38,85706833,"Midland Credit Management, Inc",2121SC000345,Small Claims,Disposed (Statistical Purposes),20210712,20210817
39,85707331,"Midland Credit Management, Inc",2121SC000347,Small Claims,Disposed (Statistical Purposes),20210712,20211116
40,85707409,"Midland Credit Management, Inc",2121SC000346,Small Claims,Disposed (Statistical Purposes),20210712,20211116
41,85709073,"Midland Credit Management, Inc",2188SC000046,Small Claims,Disposed (Statistical Purposes),20210518,20210708
42,85712178,"Midland Credit Management, Inc",2188SC000049,Small Claims,Disposed (Statistical Purposes),20210525,20210723
43,85712203,"Midland Credit Management, Inc",2188SC000050,Small Claims,Open,20210525,20210525
44,85728797,"Midland Credit Management, Inc",2112SC000226,Small Claims,Open,20210729,20210729
45,85733953,"Midland Credit Management, Inc",2188SC000075,Small Claims,Disposed (Statistical Purposes),20210727,20210909
46,85749299,"Midland Credit Management, Inc",2145SC000216,Small Claims,Disposed (Statistical Purposes),20210608,20211208
47,85764409,"Midland Credit Management, Inc",2145SC000272,Small Claims,Disposed (Statistical Purposes),20210707,20220119
48,85769306,"Midland Credit Management, Inc",2145SC000284,Small Claims,Disposed (Statistical Purposes),20210713,20220119
49,85780578,"Midland Credit Management, Inc",2145SC000321,Small Claims,Disposed (Statistical Purposes),20210727,20211110
0,85780940,"Midland Credit Management, Inc",2145SC000315,Small Claims,Disposed (Statistical Purposes),20210726,20211110
1,85781332,"Midland Credit Management, Inc",2145SC000322,Small Claims,Open,20210727,20210727
2,85782034,"Midland Credit Management, Inc",2145SC000316,Small Claims,Disposed (Statistical Purposes),20210726,20211110
3,85782072,"Midland Credit Management, Inc",2187CV000062EF,Civil,Open,20210708,20210708
4,85782271,"Midland Credit Management, Inc",2145SC000320,Small Claims,Disposed (Statistical Purposes),20210727,20211110
5,85802719,"Midland Credit Management, Inc",2128SC000286,Small Claims,Disposed (Statistical Purposes),20210706,20210820
6,85816158,"Midland Credit Management, Inc",2128SC000209,Small Claims,Disposed (Statistical Purposes),20210524,20210715
7,85816603,"Midland Credit Management, Inc",2128SC000207,Small Claims,Disposed (Statistical Purposes),20210524,20210715
8,85816918,"Midland Credit Management, Inc",2128SC000211,Small Claims,Disposed (Statistical Purposes),20210524,20210715
9,85818575,"Midland Credit Management, Inc",2128SC000213,Small Claims,Disposed (Statistical Purposes),20210525,20210722
10,85818783,"Midland Credit Management, Inc",2128SC000317,Small Claims,Disposed (Statistical Purposes),20210721,20210923
11,85822606,"Midland Credit Management, Inc",2128SC000318,Small Claims,Disposed (Statistical Purposes),20210723,20210923
12,85824607,"Midland Credit Management, Inc",2128SC000221,Small Claims,Disposed (Statistical Purposes),20210601,20210722
13,85824730,"Midland Credit Management, Inc",2128SC000329,Small Claims,Disposed (Statistical Purposes),20210726,20210816
14,85824763,"Midland Credit Management, Inc",2128SC000322,Small Claims,Disposed (Statistical Purposes),20210726,20210923
15,85825000,"Midland Credit Management, Inc",2128SC000328,Small Claims,Disposed (Statistical Purposes),20210726,20210923
16,85825031,"Midland Credit Management, Inc",2128SC000324,Small Claims,Disposed (Statistical Purposes),20210726,20210816
17,85825343,"Midland Credit Management, Inc",2128SC000331,Small Claims,Disposed (Statistical Purposes),20210727,20210924
18,85825468,"Midland Credit Management, Inc",2128SC000332,Small Claims,Disposed (Statistical Purposes),20210727,20210924
19,85825659,"Midland Credit Management, Inc",2128SC000220,Small Claims,Disposed (Statistical Purposes),20210601,20210722
20,85825856,"Midland Credit Management, Inc",2128SC000326,Small Claims,Disposed (Statistical Purposes),20210726,20210923
21,85826105,"Midland Credit Management, Inc",2128SC000325,Small Claims,Disposed (Statistical Purposes),20210726,20210924
22,85826935,"Midland Credit Management, Inc",2128SC000333,Small Claims,Disposed (Statistical Purposes),20210727,20210923
23,85827146,"Midland Credit Management, Inc",2128SC000327,Small Claims,Disposed (Statistical Purposes),20210726,20210923
24,85827448,"Midland Credit Management, Inc",2128SC000323,Small Claims,Disposed (Statistical Purposes),20210726,20210923
25,85835790,"Midland Credit Management, Inc",2133SC001194,Small Claims,Open,20210524,20210524
26,85842943,"Midland Credit Management, Inc",2142SC000128,Small Claims,Open,20210518,20210518
27,85844675,"Midland Credit Management, Inc",2142SC000131,Small Claims,Disposed (Statistical Purposes),20210521,20211126
28,85844908,"Midland Credit Management, Inc",2142SC000132,Small Claims,Open,20210521,20210521
29,85846509,"Midland Credit Management, Inc",2142SC000137,Small Claims,Open,20210524,20210524
30,85849011,"Midland Credit Management, Inc",2142SC000147,Small Claims,Open,20210528,20210528
31,85849381,"Midland Credit Management, Inc",2142SC000144,Small Claims,Open,20210528,20210528
32,85849390,"Midland Credit Management, Inc",2142SC000145,Small Claims,Open,20210528,20210528
33,85849669,"Midland Credit Management, Inc",2142SC000146,Small Claims,Open,20210528,20210528
34,85851555,"Midland Credit Management, Inc",2142SC000152,Small Claims,Open,20210601,20210601
35,85851861,"Midland Credit Management, Inc",2142SC000154,Small Claims,Open,20210601,20210601
36,85851933,"Midland Credit Management, Inc",2142SC000157,Small Claims,Open,20210601,20210601
37,85869186,"Midland Credit Management, Inc",2142SC000189,Small Claims,Open,20210702,20210702
38,85870703,"Midland Credit Management, Inc",2142SC000197,Small Claims,Open,20210707,20210707
39,85870758,"Midland Credit Management, Inc",2142SC000193,Small Claims,Open,20210706,20210706
40,85870811,"Midland Credit Management, Inc",2142SC000196,Small Claims,Open,20210707,20210707
41,85871563,"Midland Credit Management, Inc",2142SC000198,Small Claims,Open,20210708,20210708
42,85871593,"Midland Credit Management, Inc",2142SC000199,Small Claims,Open,20210709,20210709
43,85873435,"Midland Credit Management, Inc",2142SC000203,Small Claims,Open,20210712,20210712
44,85873543,"Midland Credit Management, Inc",2142SC000202,Small Claims,Open,20210712,20210712
45,85877602,"Midland Credit Management, Inc",2142SC000220,Small Claims,Open,20210723,20210723
46,85880452,"Midland Credit Management, Inc",2142SC000240,Small Claims,Open,20210730,20210730
47,85880486,"Midland Credit Management, Inc",2142SC000237,Small Claims,Open,20210730,20210730
48,85880549,"Midland Credit Management, Inc",2142SC000238,Small Claims,Open,20210730,20210730
49,85882459,"Midland Credit Management, Inc",2142SC000249,Small Claims,Open,20210803,20210803
0,85886944,"Midland Credit Management, Inc",2142SC000253,Small Claims,Open,20210806,20210806
1,85887000,"Midland Credit Management, Inc",2142SC000254,Small Claims,Open,20210806,20210806
2,85895695,"Midland Credit Management, Inc",2126SC000295,Small Claims,Open,20210517,20210517
3,85898067,"Midland Credit Management, Inc",2126SC000181,Small Claims,Open,20210520,20210520
4,85898372,"Midland Credit Management, Inc",2126SC000186,Small Claims,Open,20210520,20210520
5,85899120,"Midland Credit Management, Inc",2126SC000180,Small Claims,Open,20210520,20210520
6,85899278,"Midland Credit Management, Inc",2126SC000182,Small Claims,Open,20210520,20210520
7,85901967,"Midland Credit Management, Inc",2126SC000301,Small Claims,Open,20210524,20210524
8,85902158,"Midland Credit Management, Inc",2126SC000300,Small Claims,Open,20210524,20210524
9,85908053,"Midland Credit Management, Inc",2126SC000307,Small Claims,Open,20210603,20210603
10,85908240,"Midland Credit Management, Inc",2126SC000200,Small Claims,Open,20210602,20210602
11,85908432,"Midland Credit Management, Inc",2126SC000201,Small Claims,Open,20210602,20210602
12,85908887,"Midland Credit Management, Inc",2126SC000204,Small Claims,Open,20210602,20210602
13,85909087,"Midland Credit Management, Inc",2126SC000199,Small Claims,Open,20210602,20210602
14,85931403,"Midland Credit Management, Inc",2133SC001576,Small Claims,Open,20210706,20210706
15,85943871,"Midland Credit Management, Inc",2126SC000336,Small Claims,Open,20210702,20210702
16,85943918,"Midland Credit Management, Inc",2126SC000337,Small Claims,Open,20210702,20210702
17,85946099,"Midland Credit Management, Inc",2126SC000338,Small Claims,Open,20210706,20210706
18,85946300,"Midland Credit Management, Inc",2126SC000339,Small Claims,Open,20210706,20210706
19,85950487,"Midland Credit Management, Inc",2126SC000348,Small Claims,Open,20210713,20210713
20,85953865,"Midland Credit Management, Inc",2126SC000359,Small Claims,Open,20210716,20210716
21,85953997,"Midland Credit Management, Inc",2126SC000361,Small Claims,Open,20210716,20210716
22,85964100,"Midland Credit Management, Inc",2126SC000380,Small Claims,Open,20210726,20210726
23,85964239,"Midland Credit Management, Inc",2126SC000377,Small Claims,Open,20210726,20210726
24,85964341,"Midland Credit Management, Inc",2126SC000378,Small Claims,Open,20210726,20210726
25,85965866,"Midland Credit Management, Inc",2126SC000384,Small Claims,Open,20210727,20210727
26,86048277,"Midland Credit Management, Inc",2143SC000484,Small Claims,Disposed (Statistical Purposes),20210702,20211117
27,86048441,"Midland Credit Management, Inc",2143SC000486,Small Claims,Disposed (Statistical Purposes),20210702,20211117
28,86062944,"Midland Credit Management, Inc",2122SC000253,Small Claims,Open,20210525,20210525
29,86063019,"Midland Credit Management, Inc",2122SC000251,Small Claims,Disposed (Statistical Purposes),20210525,20211012
30,86063239,"Midland Credit Management, Inc",2122SC000252,Small Claims,Open,20210525,20210525
31,86063729,"Midland Credit Management, Inc",2122SC000256,Small Claims,Disposed (Statistical Purposes),20210525,20220120
32,86064461,"Midland Credit Management, Inc",2122SC000260,Small Claims,Disposed (Statistical Purposes),20210525,20220120
33,86066053,"Midland Credit Management, Inc",2122SC000254,Small Claims,Open,20210525,20210525
34,86067485,"Midland Credit Management, Inc",2122SC000250,Small Claims,Disposed (Statistical Purposes),20210525,20211220
35,86067486,"Midland Credit Management, Inc",2122SC000250,Small Claims,Disposed (Statistical Purposes),20210525,20211220
36,86069916,"Midland Credit Management, Inc",2122SC000261,Small Claims,Open,20210527,20210527
37,86081088,"Midland Credit Management, Inc",2122SC000268,Small Claims,Disposed (Statistical Purposes),20210602,20220120
38,86137290,"Midland Credit Management, Inc",2122SC000352,Small Claims,Open,20210628,20210628
39,86137457,"Midland Credit Management, Inc",2122SC000353,Small Claims,Open,20210628,20210628
40,86138113,"Midland Credit Management, Inc",2122SC000354,Small Claims,Open,20210628,20210628
41,86140139,"Midland Credit Management, Inc",2122SC000370,Small Claims,Open,20210702,20210702
42,86140358,"Midland Credit Management, Inc",2122SC000371,Small Claims,Open,20210702,20210702
43,86140413,"Midland Credit Management, Inc",2122SC000362,Small Claims,Open,20210701,20210701
44,86140426,"Midland Credit Management, Inc",2122SC000360,Small Claims,Open,20210701,20210701
45,86155124,"Midland Credit Management, Inc",2122SC000396,Small Claims,Open,20210719,20210719
46,86159499,"Midland Credit Management, Inc",2122SC000402,Small Claims,Open,20210722,20210722
47,86163058,"Midland Credit Management, Inc",2122SC000408,Small Claims,Open,20210726,20210726
48,86163146,"Midland Credit Management, Inc",2122SC000409,Small Claims,Open,20210726,20210726
49,86174494,"Midland Credit Management, Inc",2136SC000707,Small Claims,Open,20210706,20210706
0,86175020,"Midland Credit Management, Inc",2136SC000704,Small Claims,Open,20210706,20210706
1,86175843,"Midland Credit Management, Inc",2136SC000709,Small Claims,Open,20210706,20210706
2,86176681,"Midland Credit Management, Inc",2136SC000706,Small Claims,Open,20210706,20210706
3,86176918,"Midland Credit Management, Inc",2136SC000711,Small Claims,Open,20210706,20210706
4,86178224,"Midland Credit Management, Inc",2136SC000708,Small Claims,Open,20210706,20210706
5,86178512,"Midland Credit Management, Inc",2136SC000712,Small Claims,Open,20210706,20210706
6,86179215,"Midland Credit Management, Inc",2136SC000710,Small Claims,Open,20210706,20210706
7,86179362,"Midland Credit Management, Inc",2136SC000705,Small Claims,Disposed (Statistical Purposes),20210706,20220208
8,86179599,"Midland Credit Management, Inc",2136SC000713,Small Claims,Open,20210706,20210706
9,86188246,"Midland Credit Management, Inc",2112SC000134,Small Claims,Disposed (Statistical Purposes),20210518,20220209
10,86201059,"Midland Credit Management, Inc",2112SC000144,Small Claims,Open,20210527,20210527
11,86201456,"Midland Credit Management, Inc",2112SC000143,Small Claims,Disposed (Statistical Purposes),20210527,20220203
12,86210757,"Midland Credit Management, Inc",2112SC000158,Small Claims,Disposed (Statistical Purposes),20210602,20220210
13,86211149,"Midland Credit Management, Inc",2112SC000156,Small Claims,Disposed (Statistical Purposes),20210602,20220210
14,86211474,"Midland Credit Management, Inc",2112SC000157,Small Claims,Open,20210602,20210602
15,86214518,"Midland Credit Management, Inc",2136SC000783,Small Claims,Open,20210721,20210721
16,86244739,"Midland Credit Management, Inc",2110SC000383,Small Claims,Disposed (Statistical Purposes),20210521,20211021
17,86251278,"Midland Credit Management, Inc",2112SC000195,Small Claims,Disposed (Statistical Purposes),20210709,20220217
18,86270747,"Midland Credit Management, Inc",2110SC000411,Small Claims,Disposed (Statistical Purposes),20210601,20211209
19,86271709,"Midland Credit Management, Inc",2110SC000413,Small Claims,Disposed (Statistical Purposes),20210601,20210723
20,86273044,"Midland Credit Management, Inc",2110SC000410,Small Claims,Disposed (Statistical Purposes),20210601,20211209
21,86273228,"Midland Credit Management, Inc",2110SC000409,Small Claims,Disposed (Statistical Purposes),20210601,20211209
22,86300070,"Midland Credit Management, Inc",2110SC000457,Small Claims,Open,20210616,20210616
23,86305806,"Midland Credit Management, Inc",2131SC001248,Small Claims,Disposed (Statistical Purposes),20210630,20210913
24,86309780,"Midland Credit Management, Inc",2131SC001247,Small Claims,Disposed (Statistical Purposes),20210630,20210913
25,86365543,"Midland Credit Management, Inc",2159SC000812,Small Claims,Open,20210706,20210706
26,86366291,"Midland Credit Management, Inc",2159SC000801,Small Claims,Disposed (Statistical Purposes),20210706,20211029
27,86367769,"Midland Credit Management, Inc",2159SC000802,Small Claims,Disposed (Statistical Purposes),20210706,20210722
28,86373170,"Midland Credit Management, Inc",2110SC000517,Small Claims,Disposed (Statistical Purposes),20210706,20210826
29,86374027,"Midland Credit Management, Inc",2110SC000522,Small Claims,Open,20210707,20210707
30,86374169,"Midland Credit Management, Inc",2110SC000516,Small Claims,Open,20210706,20210706
31,86374484,"Midland Credit Management, Inc",2110SC000518,Small Claims,Disposed (Statistical Purposes),20210706,20210802
32,86374932,"Midland Credit Management, Inc",2110SC000520,Small Claims,Open,20210706,20210706
33,86377986,"Midland Credit Management, Inc",2110SC000519,Small Claims,Open,20210706,20210706
34,86394749,"Midland Credit Management, Inc",2144SC000507,Small Claims,Open,20210629,20210629
35,86395366,"Midland Credit Management, Inc",2110SC000551,Small Claims,Disposed (Statistical Purposes),20210713,20210809
36,86395377,"Midland Credit Management, Inc",2144SC000508,Small Claims,Open,20210629,20210629
37,86396278,"Midland Credit Management, Inc",2110SC000550,Small Claims,Open,20210713,20210713
38,86397513,"Midland Credit Management, Inc",2144SC000506,Small Claims,Disposed (Statistical Purposes),20210629,20211213
39,86407948,"Midland Credit Management, Inc",2144SC000532,Small Claims,Open,20210702,20210702
40,86408315,"Midland Credit Management, Inc",2144SC000523,Small Claims,Open,20210702,20210702
41,86409376,"Midland Credit Management, Inc",2144SC000537,Small Claims,Open,20210702,20210702
42,86410171,"Midland Credit Management, Inc",2144SC000524,Small Claims,Open,20210702,20210702
43,86410673,"Midland Credit Management, Inc",2144SC000529,Small Claims,Open,20210702,20210702
44,86411895,"Midland Credit Management, Inc",2144SC000525,Small Claims,Open,20210702,20210702
45,86412201,"Midland Credit Management, Inc",2144SC000531,Small Claims,Open,20210702,20210702
46,86412998,"Midland Credit Management, Inc",2144SC000536,Small Claims,Open,20210702,20210702
47,86413828,"Midland Credit Management, Inc",2144SC000533,Small Claims,Open,20210702,20210702
48,86414545,"Midland Credit Management, Inc",2144SC000530,Small Claims,Open,20210702,20210702
49,86415469,"Midland Credit Management, Inc",2144SC000534,Small Claims,Open,20210702,20210702
0,86416802,"Midland Credit Management, Inc",2144SC000538,Small Claims,Open,20210702,20210702
1,86417194,"Midland Credit Management, Inc",2144SC000535,Small Claims,Open,20210702,20210702
2,86420236,"Midland Credit Management, Inc",2131SC001049,Small Claims,Disposed (Statistical Purposes),20210716,20210909
3,86425427,"Midland Credit Management, Inc",2144SC000549,Small Claims,Open,20210706,20210706
4,86427355,"Midland Credit Management, Inc",2144SC000548,Small Claims,Open,20210706,20210706
5,86428937,"Midland Credit Management, Inc",2144SC000546,Small Claims,Open,20210706,20210706
6,86428997,"Midland Credit Management, Inc",2159SC000898,Small Claims,Disposed (Statistical Purposes),20210722,20211217
7,86429647,"Midland Credit Management, Inc",2159SC000897,Small Claims,Disposed (Statistical Purposes),20210722,20211217
8,86430116,"Midland Credit Management, Inc",2159SC000899,Small Claims,Disposed (Statistical Purposes),20210722,20211001
9,86430784,"Midland Credit Management, Inc",2144SC000547,Small Claims,Open,20210706,20210706
10,86437534,"Midland Credit Management, Inc",2136SC000484,Small Claims,Disposed (Statistical Purposes),20210521,20211202
11,86449238,"Midland Credit Management, Inc",2110SC000598,Small Claims,Open,20210726,20210726
12,86449769,"Midland Credit Management, Inc",2110SC000595,Small Claims,Open,20210726,20210726
13,86451957,"Midland Credit Management, Inc",2136SC000501,Small Claims,Open,20210524,20210524
14,86452168,"Midland Credit Management, Inc",2110SC000594,Small Claims,Open,20210726,20210726
15,86452884,"Midland Credit Management, Inc",2136SC000497,Small Claims,Disposed (Statistical Purposes),20210524,20211206
16,86453121,"Midland Credit Management, Inc",2110SC000593,Small Claims,Open,20210726,20210726
17,86453244,"Midland Credit Management, Inc",2136SC000500,Small Claims,Disposed (Statistical Purposes),20210524,20211202
18,86453798,"Midland Credit Management, Inc",2110SC000596,Small Claims,Open,20210726,20210726
19,86454430,"Midland Credit Management, Inc",2136SC000495,Small Claims,Disposed (Statistical Purposes),20210524,20211202
20,86455652,"Midland Credit Management, Inc",2136SC000499,Small Claims,Disposed (Statistical Purposes),20210524,20211202
21,86456300,"Midland Credit Management, Inc",2136SC000523,Small Claims,Disposed (Statistical Purposes),20210525,20211202
22,86459017,"Midland Credit Management, Inc",2136SC000496,Small Claims,Open,20210524,20210524
23,86460808,"Midland Credit Management, Inc",2136SC000524,Small Claims,Disposed (Statistical Purposes),20210525,20211202
24,86462365,"Midland Credit Management, Inc",2136SC000493,Small Claims,Disposed (Statistical Purposes),20210524,20211202
25,86462537,"Midland Credit Management, Inc",2136SC000498,Small Claims,Disposed (Statistical Purposes),20210524,20210811
26,86463208,"Midland Credit Management, Inc",2136SC000494,Small Claims,Open,20210524,20210524
27,86463573,"Midland Credit Management, Inc",2136SC000502,Small Claims,Disposed (Statistical Purposes),20210524,20211202
28,86469383,"Midland Credit Management, Inc",2136SC000526,Small Claims,Disposed (Statistical Purposes),20210527,20211202
29,86470869,"Midland Credit Management, Inc",2136SC000527,Small Claims,Disposed (Statistical Purposes),20210527,20211202
30,86478876,"Midland Credit Management, Inc",2136SC000532,Small Claims,Open,20210528,20210528
31,86480038,"Midland Credit Management, Inc",2136SC000531,Small Claims,Disposed (Statistical Purposes),20210528,20220210
32,86489558,"Midland Credit Management, Inc",2151SC000501,Small Claims,Open,20210719,20210719
33,86493593,"Midland Credit Management, Inc",2151SC000519,Small Claims,Open,20210722,20210722
34,86494606,"Midland Credit Management, Inc",2136SC000556,Small Claims,Disposed (Statistical Purposes),20210602,20220106
35,86495496,"Midland Credit Management, Inc",2151SC000520,Small Claims,Disposed (Statistical Purposes),20210722,20220124
36,86496142,"Midland Credit Management, Inc",2151SC000515,Small Claims,Disposed (Statistical Purposes),20210721,20211216
37,86499067,"Midland Credit Management, Inc",2136SC000559,Small Claims,Disposed (Statistical Purposes),20210602,20220106
38,86500961,"Midland Credit Management, Inc",2144SC000356,Small Claims,Open,20210519,20210519
39,86501261,"Midland Credit Management, Inc",2144SC000355,Small Claims,Open,20210519,20210519
40,86501970,"Midland Credit Management, Inc",2136SC000553,Small Claims,Disposed (Statistical Purposes),20210602,20220106
41,86503277,"Midland Credit Management, Inc",2151CV000203,Civil,Open,20210723,20210723
42,86504480,"Midland Credit Management, Inc",2151SC000523,Small Claims,Open,20210723,20210723
43,86506581,"Midland Credit Management, Inc",2144SC000612,Small Claims,Open,20210722,20210722
44,86507853,"Midland Credit Management, Inc",2162SC001114,Small Claims,Disposed (Statistical Purposes),20210517,20211116
45,86508316,"Midland Credit Management, Inc",2136SC000560,Small Claims,Disposed (Statistical Purposes),20210602,20220106
46,86510384,"Midland Credit Management, Inc",2136SC000554,Small Claims,Disposed (Statistical Purposes),20210602,20220106
47,86513487,"Midland Credit Management, Inc",2151SC000529,Small Claims,Disposed (Statistical Purposes),20210726,20220124
48,86514491,"Midland Credit Management, Inc",2151SC000528,Small Claims,Open,20210726,20210726
49,86516041,"Midland Credit Management, Inc",2151SC000530,Small Claims,Disposed (Statistical Purposes),20210726,20220124
0,86517984,"Midland Credit Management, Inc",2151SC000531,Small Claims,Disposed (Statistical Purposes),20210726,20220124
1,86521567,"Midland Credit Management, Inc",2151SC000532,Small Claims,Open,20210726,20210726
2,86524518,"Midland Credit Management, Inc",2144SC000386,Small Claims,Open,20210524,20210524
3,86525340,"Midland Credit Management, Inc",2144SC000390,Small Claims,Disposed (Statistical Purposes),20210524,20210618
4,86526281,"Midland Credit Management, Inc",2144SC000389,Small Claims,Open,20210524,20210524
5,86528605,"Midland Credit Management, Inc",2144SC000391,Small Claims,Open,20210524,20210524
6,86530988,"Midland Credit Management, Inc",2162SC001138,Small Claims,Disposed (Statistical Purposes),20210517,20211116
7,86532715,"Midland Credit Management, Inc",2162SC001116,Small Claims,Disposed (Statistical Purposes),20210517,20220118
8,86533133,"Midland Credit Management, Inc",2160SC000506,Small Claims,Open,20210622,20210622
9,86536153,"Midland Credit Management, Inc",2160SC000508,Small Claims,Open,20210622,20210622
10,86537092,"Midland Credit Management, Inc",2160SC000505,Small Claims,Open,20210622,20210622
11,86537374,"Midland Credit Management, Inc",2144SC000394,Small Claims,Open,20210526,20210526
12,86537722,"Midland Credit Management, Inc",2160SC000507,Small Claims,Open,20210622,20210622
13,86538235,"Midland Credit Management, Inc",2144SC000395,Small Claims,Open,20210526,20210526
14,86538884,"Midland Credit Management, Inc",2160SC000511,Small Claims,Open,20210622,20210622
15,86540780,"Midland Credit Management, Inc",2160SC000504,Small Claims,Open,20210622,20210622
16,86542510,"Midland Credit Management, Inc",2160SC000509,Small Claims,Open,20210622,20210622
17,86545821,"Midland Credit Management, Inc",2160SC000510,Small Claims,Open,20210622,20210622
18,86548555,"Midland Credit Management, Inc",2162SC001140,Small Claims,Disposed (Statistical Purposes),20210518,20220118
19,86551228,"Midland Credit Management, Inc",2162CV000649,Civil,Disposed (Statistical Purposes),20210622,20210823
20,86555257,"Midland Credit Management, Inc",2162SC001136,Small Claims,Disposed (Statistical Purposes),20210518,20211116
21,86556841,"Midland Credit Management, Inc",2162SC001139,Small Claims,Disposed (Statistical Purposes),20210518,20211116
22,86561166,"Midland Credit Management, Inc",2160SC000515,Small Claims,Open,20210623,20210623
23,86565896,"Midland Credit Management, Inc",2144SC000404,Small Claims,Open,20210601,20210601
24,86566165,"Midland Credit Management, Inc",2144SC000414,Small Claims,Open,20210601,20210601
25,86566477,"Midland Credit Management, Inc",2144SC000406,Small Claims,Open,20210601,20210601
26,86566725,"Midland Credit Management, Inc",2144SC000413,Small Claims,Open,20210601,20210601
27,86569495,"Midland Credit Management, Inc",2160SC000514,Small Claims,Open,20210623,20210623
28,86571145,"Midland Credit Management, Inc",2160SC000512,Small Claims,Open,20210623,20210623
29,86571349,"Midland Credit Management, Inc",2144SC000412,Small Claims,Open,20210601,20210601
30,86571935,"Midland Credit Management, Inc",2144SC000417,Small Claims,Open,20210601,20210601
31,86572409,"Midland Credit Management, Inc",2144SC000415,Small Claims,Open,20210601,20210601
32,86574871,"Midland Credit Management, Inc",2160SC000513,Small Claims,Open,20210623,20210623
33,86575057,"Midland Credit Management, Inc",2144SC000405,Small Claims,Open,20210601,20210601
34,86591270,"Midland Credit Management, Inc",2162SC001167,Small Claims,Open,20210521,20210521
35,86606300,"Midland Credit Management, Inc",2162SC001195,Small Claims,Disposed (Statistical Purposes),20210524,20211230
36,86608006,"Midland Credit Management, Inc",2162SC001190,Small Claims,Disposed (Statistical Purposes),20210524,20220202
37,86611142,"Midland Credit Management, Inc",2162SC001191,Small Claims,Disposed (Statistical Purposes),20210525,20211117
38,86628075,"Midland Credit Management, Inc",2160SC000620,Small Claims,Disposed (Statistical Purposes),20210702,20220208
39,86630394,"Midland Credit Management, Inc",2136CV000326,Civil,Open,20210623,20210623
40,86633914,"Midland Credit Management, Inc",2162SC001219,Small Claims,Disposed (Statistical Purposes),20210527,20211221
41,86634739,"Midland Credit Management, Inc",2162SC001220,Small Claims,Disposed (Statistical Purposes),20210527,20220201
42,86637177,"Midland Credit Management, Inc",2162SC001217,Small Claims,Disposed (Statistical Purposes),20210527,20211117
43,86652889,"Midland Credit Management, Inc",2160SC000682,Small Claims,Open,20210709,20210709
44,86654849,"Midland Credit Management, Inc",2144SC000724,Small Claims,Open,20210813,20210813
45,86655711,"Midland Credit Management, Inc",2136SC000667,Small Claims,Open,20210628,20210628
46,86660074,"Midland Credit Management, Inc",2160SC000468,Small Claims,Open,20210601,20210601
47,86664563,"Midland Credit Management, Inc",2136SC000689,Small Claims,Open,20210702,20210702
48,86666471,"Midland Credit Management, Inc",2136SC000691,Small Claims,Open,20210702,20210702
49,86667214,"Midland Credit Management, Inc",2136SC000692,Small Claims,Open,20210702,20210702
0,86667395,"Midland Credit Management, Inc",2162SC001250,Small Claims,Disposed (Statistical Purposes),20210603,20210707
1,86667782,"Midland Credit Management, Inc",2136SC000693,Small Claims,Open,20210702,20210702
2,86668193,"Midland Credit Management, Inc",2136SC000690,Small Claims,Disposed (Statistical Purposes),20210702,20220208
3,86670027,"Midland Credit Management, Inc",2136SC000688,Small Claims,Disposed (Statistical Purposes),20210702,20220208
4,86670204,"Midland Credit Management, Inc",2136SC000687,Small Claims,Disposed (Statistical Purposes),20210702,20220208
5,86671832,"Midland Credit Management, Inc",2162SC001249,Small Claims,Disposed (Statistical Purposes),20210603,20211213
6,86673785,"Midland Credit Management, Inc",2160SC000477,Small Claims,Open,20210603,20210603
7,86674170,"Midland Credit Management, Inc",2162SC001244,Small Claims,Disposed (Statistical Purposes),20210603,20211130
8,86687676,"Midland Credit Management, Inc",2162SC001248,Small Claims,Disposed (Statistical Purposes),20210603,20211201
9,86688032,"Midland Credit Management, Inc",2162SC001241,Small Claims,Open,20210603,20210603
10,86690234,"Midland Credit Management, Inc",2160SC000650,Small Claims,Open,20210716,20210716
11,86697456,"Midland Credit Management, Inc",2160SC000436,Small Claims,Open,20210609,20210609
12,86720309,"Midland Credit Management, Inc",2160SC000663,Small Claims,Open,20210722,20210722
13,86720685,"Midland Credit Management, Inc",2160SC000661,Small Claims,Open,20210722,20210722
14,86722908,"Midland Credit Management, Inc",2160SC000621,Small Claims,Disposed (Statistical Purposes),20210723,20211105
15,86722992,"Midland Credit Management, Inc",2160SC000673,Small Claims,Open,20210723,20210723
16,86738678,"Midland Credit Management, Inc",2160SC000633,Small Claims,Open,20210727,20210727
17,86738981,"Midland Credit Management, Inc",2160SC000688,Small Claims,Open,20210726,20210726
18,86742247,"Midland Credit Management, Inc",2160SC000701,Small Claims,Open,20210728,20210728
19,86747713,"Midland Credit Management, Inc",2160SC000686,Small Claims,Open,20210729,20210729
20,86879618,"Midland Credit Management, Inc",2165SC000420,Small Claims,Open,20210730,20210730
21,86880266,"Midland Credit Management, Inc",2165SC000412,Small Claims,Open,20210729,20210729
22,86901675,"Midland Credit Management, Inc",2155SC000479,Small Claims,Disposed (Statistical Purposes),20210729,20211215
23,86997495,"Midland Credit Management, Inc",2151SC000405,Small Claims,Open,20210701,20210701
24,87000778,"Midland Credit Management, Inc",2151SC000404,Small Claims,Disposed (Statistical Purposes),20210701,20211115
25,87002539,"Midland Credit Management, Inc",2151SC000408,Small Claims,Disposed (Statistical Purposes),20210701,20211115
26,87003157,"Midland Credit Management, Inc",2151SC000406,Small Claims,Disposed (Statistical Purposes),20210701,20220124
27,87004138,"Midland Credit Management, Inc",2151SC000414,Small Claims,Disposed (Statistical Purposes),20210701,20211213
28,87004584,"Midland Credit Management, Inc",2151SC000412,Small Claims,Disposed (Statistical Purposes),20210701,20220214
29,87020320,"Midland Credit Management, Inc",2151SC000447,Small Claims,Open,20210706,20210706
30,87021178,"Midland Credit Management, Inc",2151SC000451,Small Claims,Open,20210706,20210706
31,87023349,"Midland Credit Management, Inc",2151SC000448,Small Claims,Open,20210706,20210706
32,87024169,"Midland Credit Management, Inc",2151SC000449,Small Claims,Disposed (Statistical Purposes),20210706,20220127
33,87029197,"Midland Credit Management, Inc",2151SC000464,Small Claims,Disposed (Statistical Purposes),20210707,20220110
34,87029907,"Midland Credit Management, Inc",2151SC000454,Small Claims,Open,20210707,20210707
35,87029939,"Midland Credit Management, Inc",2153SC000650,Small Claims,Disposed (Statistical Purposes),20210628,20211029
36,87031881,"Midland Credit Management, Inc",2151SC000468,Small Claims,Open,20210707,20210707
37,87032268,"Midland Credit Management, Inc",2151SC000463,Small Claims,Open,20210707,20210707
38,87033754,"Midland Credit Management, Inc",2151SC000467,Small Claims,Disposed (Statistical Purposes),20210707,20220110
39,87034734,"Midland Credit Management, Inc",2151SC000460,Small Claims,Open,20210707,20210707
40,87035413,"Midland Credit Management, Inc",2151SC000462,Small Claims,Disposed (Statistical Purposes),20210707,20211123
41,87036719,"Midland Credit Management, Inc",2151SC000455,Small Claims,Disposed (Statistical Purposes),20210707,20211123
42,87037226,"Midland Credit Management, Inc",2151SC000465,Small Claims,Disposed (Statistical Purposes),20210707,20220110
43,87037410,"Midland Credit Management, Inc",2151SC000452,Small Claims,Open,20210707,20210707
44,87037894,"Midland Credit Management, Inc",2151SC000466,Small Claims,Disposed (Statistical Purposes),20210707,20220110
45,87047843,"Midland Credit Management, Inc",2153SC000674,Small Claims,Disposed (Statistical Purposes),20210702,20220119
46,87049294,"Midland Credit Management, Inc",2153SC000680,Small Claims,Disposed (Statistical Purposes),20210702,20220126
47,87853880,"Midland Credit Management, Inc",2007SC000738,Small Claims,Open,20200707,20200707
48,87854129,"Midland Credit Management, Inc",2007SC000737,Small Claims,Open,20200707,20200707
49,87855432,"Midland Credit Management, Inc",2107SC000367,Small Claims,Open,20210312,20210312
0,87856480,"Midland Credit Management, Inc",2107SC000361,Small Claims,Open,20210312,20210312
1,87856576,"Midland Credit Management, Inc",2107SC000377,Small Claims,Open,20210312,20210312
2,87856617,"Midland Credit Management, Inc",2107SC000360,Small Claims,Open,20210312,20210312
3,87859686,"Midland Credit Management, Inc",2003SC000181EF,Small Claims,Disposed (Statistical Purposes),20201209,20210816
4,87864854,"Midland Credit Management, Inc",2014SC000857,Small Claims,Open,20200923,20200923
5,87869350,"Midland Credit Management, Inc",2138SC000940,Small Claims,Open,20210930,20210930
6,87869906,"Midland Credit Management, Inc",2138SC000150,Small Claims,Disposed (Statistical Purposes),20210226,20220114
7,87878810,"Midland Credit Management, Inc",2150SC002262,Small Claims,Open,20211223,20211223
8,87880461,"Midland Credit Management, Inc",2061SC000821-EF,Small Claims,Disposed (Statistical Purposes),20201211,20210713
9,87880784,"Midland Credit Management, Inc",2061SC000822-EF,Small Claims,Disposed (Statistical Purposes),20201211,20210521
10,87882567,"Midland Credit Management, Inc",2117SC000197,Small Claims,Open,20210510,20210510
11,87910008,"Midland Credit Management, Inc",2112SC000324,Small Claims,Open,20210929,20210929
12,87915815,"Midland Credit Management, Inc",2123SC004119,Small Claims,Open,20211221,20211221
13,87917786,"Midland Credit Management, Inc",2123SC004118,Small Claims,Open,20211221,20211221
14,87921475,"Midland Credit Management, Inc",2142CV000095,Civil,Open,20210924,20210924
15,87928836,"Midland Credit Management, Inc",2112SC000077,Small Claims,Open,20210331,20210331
16,87930302,"Midland Credit Management, Inc",2123SC004117,Small Claims,Open,20211221,20211221
17,87935262,"Midland Credit Management, Inc",2142CV000097,Civil,Open,20210927,20210927
18,87935953,"Midland Credit Management, Inc",2142SC000084,Small Claims,Disposed (Statistical Purposes),20210329,20210910
19,87936668,"Midland Credit Management, Inc",2142SC000085,Small Claims,Open,20210329,20210329
20,87936734,"Midland Credit Management, Inc",2236CV000033,Civil,Open,20220119,20220119
21,87942042,"Midland Credit Management, Inc",2043SC000709,Small Claims,Disposed (Statistical Purposes),20201209,20210910
22,87943008,"Midland Credit Management, Inc",2043SC000713,Small Claims,Disposed (Statistical Purposes),20201209,20210428
23,87945344,"Midland Credit Management, Inc",2043SC000708,Small Claims,Disposed (Statistical Purposes),20201208,20210428
24,87945833,"Midland Credit Management, Inc",2236CV000041,Civil,Open,20220119,20220119
25,87948443,"Midland Credit Management, Inc",2142SC000092,Small Claims,Open,20210402,20210402
26,87948987,"Midland Credit Management, Inc",2142SC000089,Small Claims,Open,20210402,20210402
27,87949211,"Midland Credit Management, Inc",2142SC000090,Small Claims,Open,20210402,20210402
28,87949599,"Midland Credit Management, Inc",2142SC000091,Small Claims,Open,20210402,20210402
29,87950828,"Midland Credit Management, Inc",2112SC000082,Small Claims,Open,20210405,20210405
30,87952713,"Midland Credit Management, Inc",2023SC001678,Small Claims,Suspended Covid 19 extended,20200727,20200727
31,87957131,"Midland Credit Management, Inc",2142SC000095,Small Claims,Open,20210405,20210406
32,87966760,"Midland Credit Management, Inc",2127SC000031,Small Claims,Disposed (Statistical Purposes),20210201,20211013
33,87973834,"Midland Credit Management, Inc",2236CV000021,Civil,Open,20220125,20220125
34,87974087,"Midland Credit Management, Inc",2236CV000025,Civil,Open,20220126,20220126
35,87975009,"Midland Credit Management, Inc",2236CV000022,Civil,Open,20220125,20220125
36,87986610,"Midland Credit Management, Inc",2127SC000046,Small Claims,Disposed (Statistical Purposes),20210209,20211013
37,87989277,"Midland Credit Management, Inc",2112SC000355,Small Claims,Closed (Transferred),20211021,20211021
38,87989779,"Midland Credit Management, Inc",2127SC000049,Small Claims,Disposed (Statistical Purposes),20210210,20211117
39,87991210,"Midland Credit Management, Inc",2127SC000048,Small Claims,Disposed (Statistical Purposes),20210210,20210402
40,87991771,"Midland Credit Management, Inc",2127SC000047,Small Claims,Disposed (Statistical Purposes),20210210,20211013
41,87992761,"Midland Credit Management, Inc",2010SC000452,Small Claims,Disposed (Statistical Purposes),20200706,20210416
42,87994057,"Midland Credit Management, Inc",2142SC000105,Small Claims,Open,20210426,20210426
43,87995282,"Midland Credit Management, Inc",2127SC000053,Small Claims,Disposed (Statistical Purposes),20210212,20211014
44,87995397,"Midland Credit Management, Inc",2127SC000055,Small Claims,Disposed (Statistical Purposes),20210212,20211013
45,87997680,"Midland Credit Management, Inc",2112SC000360,Small Claims,Open,20211025,20211025
46,88000402,"Midland Credit Management, Inc",2010SC000335,Small Claims,Open,20200323,20200323
47,88010489,"Midland Credit Management, Inc",2110SC000986,Small Claims,Suspended-Notices sent Covid-19,20211119,20211124
48,88011524,"Midland Credit Management, Inc",2110SC000981,Small Claims,Suspended-Notices sent Covid-19,20211118,20211124
49,88018176,"Midland Credit Management, Inc",1913SC002511,Small Claims,Disposed (Statistical Purposes),20191218,20200131
0,88019178,"Midland Credit Management, Inc",2223SC000118,Small Claims,Open,20220106,20220106
1,88031201,"Midland Credit Management, Inc",2142SC000354,Small Claims,Open,20211105,20211105
2,88031474,"Midland Credit Management, Inc",2142SC000125,Small Claims,Disposed (Statistical Purposes),20210514,20210722
3,88032571,"Midland Credit Management, Inc",2142SC000352,Small Claims,Open,20211105,20211105
4,88032964,"Midland Credit Management, Inc",2142SC000355,Small Claims,Open,20211105,20211105
5,88043394,"Midland Credit Management, Inc",2059SC001049,Small Claims,Disposed (Statistical Purposes),20201124,20211116
6,88043671,"Midland Credit Management, Inc",2059SC001047,Small Claims,Disposed (Statistical Purposes),20201124,20211116
7,88043874,"Midland Credit Management, Inc",2059SC001046,Small Claims,Disposed (Statistical Purposes),20201124,20211116
8,88045078,"Midland Credit Management, Inc",2059SC001050,Small Claims,Disposed (Statistical Purposes),20201124,20211116
9,88047135,"Midland Credit Management, Inc",2110SC001018,Small Claims,Suspended-Notices sent Covid-19,20211202,20211209
10,88050337,"Midland Credit Management, Inc",2059SC001045,Small Claims,Disposed (Statistical Purposes),20201124,20211116
11,88050512,"Midland Credit Management, Inc",2126SC000258,Small Claims,Open,20210223,20210223
12,88053658,"Midland Credit Management, Inc",2059SC001051,Small Claims,Disposed (Statistical Purposes),20201124,20211116
13,88065712,"Midland Credit Management, Inc",2126SC000438,Small Claims,Open,20210819,20210819
14,88067113,"Midland Credit Management, Inc",2145SC000054,Small Claims,Disposed (Statistical Purposes),20210217,20210322
15,88067384,"Midland Credit Management, Inc",2126SC000264,Small Claims,Open,20210301,20210628
16,88075754,"Midland Credit Management, Inc",2059SC000797,Small Claims,Disposed (Statistical Purposes),20200908,20210603
17,88075798,"Midland Credit Management, Inc",2126SC000445,Small Claims,Open,20210823,20210823
18,88076788,"Midland Credit Management, Inc",2059SC000798,Small Claims,Disposed (Statistical Purposes),20200908,20210604
19,88083160,"Midland Credit Management, Inc",2059SC000799,Small Claims,Disposed (Statistical Purposes),20200909,20210615
20,88083530,"Midland Credit Management, Inc",2059SC000802,Small Claims,Disposed (Statistical Purposes),20200909,20210615
21,88084387,"Midland Credit Management, Inc",2059SC000800,Small Claims,Disposed (Statistical Purposes),20200909,20210615
22,88085831,"Midland Credit Management, Inc",1913SC002598,Small Claims,Disposed (Statistical Purposes),20191231,20200916
23,88086311,"Midland Credit Management, Inc",2059SC000801,Small Claims,Disposed (Statistical Purposes),20200909,20210615
24,88087062,"Midland Credit Management, Inc",2059SC000803,Small Claims,Open,20200909,20200909
25,88097085,"Midland Credit Management, Inc",2059SC000806,Small Claims,Disposed (Statistical Purposes),20200914,20210615
26,88100961,"Midland Credit Management, Inc",2036SC000762,Small Claims,Disposed (Statistical Purposes),20200820,20211116
27,88103175,"Midland Credit Management, Inc",2059SC000819,Small Claims,Disposed (Statistical Purposes),20200915,20210615
28,88106155,"Midland Credit Management, Inc",2036SC000769,Small Claims,Open,20200824,20200824
29,88106208,"Midland Credit Management, Inc",2145SC000083,Small Claims,Open,20210303,20210303
30,88106679,"Midland Credit Management, Inc",2036SC000767,Small Claims,Disposed (Statistical Purposes),20200824,20210923
31,88107768,"Midland Credit Management, Inc",2036SC000765,Small Claims,Disposed (Statistical Purposes),20200824,20210923
32,88108714,"Midland Credit Management, Inc",2036SC000768,Small Claims,Disposed (Statistical Purposes),20200824,20210923
33,88109543,"Midland Credit Management, Inc",2036SC000766,Small Claims,Disposed (Statistical Purposes),20200824,20210923
34,88113697,"Midland Credit Management, Inc",2005SC000461,Small Claims,Disposed (Statistical Purposes),20201103,20210506
35,88117988,"Midland Credit Management, Inc",2036SC000781,Small Claims,Disposed (Statistical Purposes),20200828,20211004
36,88118201,"Midland Credit Management, Inc",2005SC000460,Small Claims,Covid 19 XXX Notice Issued,20201103,20201103
37,88119763,"Midland Credit Management, Inc",2036SC000776,Small Claims,Open,20200828,20200828
38,88121557,"Midland Credit Management, Inc",2105SC000532,Small Claims,Open,20210928,20210928
39,88124028,"Midland Credit Management, Inc",2126SC000142,Small Claims,Open,20210329,20210329
40,88124200,"Midland Credit Management, Inc",2055SC000321,Small Claims,Disposed (Statistical Purposes),20200619,20210602
41,88125170,"Midland Credit Management, Inc",2055SC000326,Small Claims,Disposed (Statistical Purposes),20200619,20210602
42,88128373,"Midland Credit Management, Inc",2105SC000541,Small Claims,Open,20210930,20210930
43,88128701,"Midland Credit Management, Inc",2105SC000540,Small Claims,Open,20210930,20210930
44,88134798,"Midland Credit Management, Inc",2055SC000337,Small Claims,Closed,20200626,20211108
45,88134956,"Midland Credit Management, Inc",2145CV000038,Civil,Open,20210310,20210310
46,88138341,"Midland Credit Management, Inc",2036SC000793,Small Claims,Disposed (Statistical Purposes),20200904,20210819
47,88139154,"Midland Credit Management, Inc",2036SC000794,Small Claims,Disposed (Statistical Purposes),20200904,20210923
48,88139904,"Midland Credit Management, Inc",2036SC000791,Small Claims,Disposed (Statistical Purposes),20200904,20210512
49,88140231,"Midland Credit Management, Inc",2036SC000790,Small Claims,Disposed (Statistical Purposes),20200904,20210819
0,88140318,"Midland Credit Management, Inc",2036SC000792,Small Claims,Open,20200904,20200904
1,88140638,"Midland Credit Management, Inc",2036SC000789,Small Claims,Disposed (Statistical Purposes),20200904,20210923
2,88146597,"Midland Credit Management, Inc",2036SC000804,Small Claims,Disposed (Statistical Purposes),20200908,20210618
3,88147072,"Midland Credit Management, Inc",2036SC000797,Small Claims,Disposed (Statistical Purposes),20200908,20210923
4,88147449,"Midland Credit Management, Inc",2036SC000803,Small Claims,Disposed (Statistical Purposes),20200908,20210920
5,88147821,"Midland Credit Management, Inc",2036SC000802,Small Claims,Disposed (Statistical Purposes),20200908,20210923
6,88150121,"Midland Credit Management, Inc",2059SC000884,Small Claims,Disposed (Statistical Purposes),20200928,20210629
7,88150419,"Midland Credit Management, Inc",2223SC000332,Small Claims,Open,20220208,20220208
8,88151006,"Midland Credit Management, Inc",2059SC000885,Small Claims,Disposed (Statistical Purposes),20200928,20210629
9,88151233,"Midland Credit Management, Inc",2126SC000105,Small Claims,Open,20210413,20210413
10,88152384,"Midland Credit Management, Inc",2111SC000330,Small Claims,Open,20210210,20210210
11,88154048,"Midland Credit Management, Inc",2050SC001346,Small Claims,Disposed (Statistical Purposes),20200922,20210305
12,88154112,"Midland Credit Management, Inc",2111SC000338,Small Claims,Open,20210210,20210210
13,88154571,"Midland Credit Management, Inc",2111SC000333,Small Claims,Open,20210210,20210210
14,88154651,"Midland Credit Management, Inc",2111SC000340,Small Claims,Open,20210210,20210210
15,88154867,"Midland Credit Management, Inc",2111SC000339,Small Claims,Open,20210210,20210210
16,88155037,"Midland Credit Management, Inc",2111SC000337,Small Claims,Open,20210210,20210210
17,88155141,"Midland Credit Management, Inc",2111SC000328,Small Claims,Open,20210210,20210210
18,88155416,"Midland Credit Management, Inc",2111SC000326,Small Claims,Open,20210210,20210210
19,88155623,"Midland Credit Management, Inc",2059SC000895,Small Claims,Disposed (Statistical Purposes),20200929,20210629
20,88155625,"Midland Credit Management, Inc",2050SC001348,Small Claims,Disposed (Statistical Purposes),20200922,20210716
21,88155653,"Midland Credit Management, Inc",2223SC000331,Small Claims,Open,20220208,20220208
22,88155684,"Midland Credit Management, Inc",2111SC000342,Small Claims,Open,20210210,20210210
23,88156213,"Midland Credit Management, Inc",2050SC001347,Small Claims,Disposed (Statistical Purposes),20200922,20210716
24,88157189,"Midland Credit Management, Inc",2059SC000897,Small Claims,Disposed (Statistical Purposes),20200929,20210629
25,88157529,"Midland Credit Management, Inc",2059SC000894,Small Claims,Disposed (Statistical Purposes),20200929,20210629
26,88157833,"Midland Credit Management, Inc",2145SC000122,Small Claims,Disposed (Statistical Purposes),20210322,20211013
27,88158201,"Midland Credit Management, Inc",2059SC000896,Small Claims,Disposed (Statistical Purposes),20200929,20210610
28,88159758,"Midland Credit Management, Inc",2059SC000898,Small Claims,Open,20200929,20200929
29,88161397,"Midland Credit Management, Inc",2036SC000825,Small Claims,Disposed (Statistical Purposes),20200914,20211025
30,88166292,"Midland Credit Management, Inc",2210SC000005,Small Claims,Suspended-Notices sent Covid-19,20220111,20220114
31,88168573,"Midland Credit Management, Inc",2036SC000832,Small Claims,Open,20200916,20200916
32,88169076,"Midland Credit Management, Inc",2036SC000831,Small Claims,Disposed (Statistical Purposes),20200916,20210810
33,88169252,"Midland Credit Management, Inc",2036SC000833,Small Claims,Open,20200916,20200916
34,88171840,"Midland Credit Management, Inc",2036SC000838,Small Claims,Open,20200917,20200917
35,88176697,"Midland Credit Management, Inc",2013SC000107,Small Claims,Disposed (Statistical Purposes),20200122,20210922
36,88176931,"Midland Credit Management, Inc",2036SC000870,Small Claims,Disposed (Statistical Purposes),20200921,20211214
37,88178645,"Midland Credit Management, Inc",2145SC000144,Small Claims,Disposed (Statistical Purposes),20210405,20211013
38,88179893,"Midland Credit Management, Inc",2036SC000872,Small Claims,Open,20200924,20200924
39,88182889,"Midland Credit Management, Inc",2126SC000147,Small Claims,Open,20210429,20210429
40,88185733,"Midland Credit Management, Inc",2029SC000092,Small Claims,Disposed (Statistical Purposes),20200401,20201005
41,88187355,"Midland Credit Management, Inc",2126SC000556,Small Claims,Open,20211022,20211022
42,88187395,"Midland Credit Management, Inc",2126SC000557,Small Claims,Open,20211022,20211022
43,88190187,"Midland Credit Management, Inc",2036SC000874,Small Claims,Open,20200929,20200929
44,88190619,"Midland Credit Management, Inc",2126SC000565,Small Claims,Open,20211025,20211025
45,88190645,"Midland Credit Management, Inc",2036SC000875,Small Claims,Disposed (Statistical Purposes),20200929,20210930
46,88191466,"Midland Credit Management, Inc",2036SC000876,Small Claims,Disposed (Statistical Purposes),20200929,20210930
47,88191732,"Midland Credit Management, Inc",2126SC000564,Small Claims,Open,20211025,20211025
48,88191837,"Midland Credit Management, Inc",2126SC000566,Small Claims,Open,20211025,20211025
49,88192139,"Midland Credit Management, Inc",2036SC000877,Small Claims,Open,20200929,20200929
0,88195056,"Midland Credit Management, Inc",2126CV000223,Civil,Disposed (Statistical Purposes),20211029,20220103
1,88195199,"Midland Credit Management, Inc",2126SC000289,Small Claims,Open,20210510,20210629
2,88195665,"Midland Credit Management, Inc",2059SC000934,Small Claims,Disposed (Statistical Purposes),20201016,20211116
3,88203622,"Midland Credit Management, Inc",2145SC000160,Small Claims,Disposed (Statistical Purposes),20210422,20210621
4,88204446,"Midland Credit Management, Inc",2145SC000161,Small Claims,Disposed (Statistical Purposes),20210422,20210727
5,88205928,"Midland Credit Management, Inc",2145SC000488,Small Claims,Open,20211026,20211026
6,88205946,"Midland Credit Management, Inc",2011SC000160,Small Claims,Disposed (Statistical Purposes),20200121,20211203
7,88206747,"Midland Credit Management, Inc",2159SC000072,Small Claims,Disposed (Statistical Purposes),20210201,20210907
8,88207375,"Midland Credit Management, Inc",2159SC000074,Small Claims,Disposed (Statistical Purposes),20210201,20211130
9,88207792,"Midland Credit Management, Inc",2011SC000159,Small Claims,Disposed (Statistical Purposes),20200121,20211203
10,88214446,"Midland Credit Management, Inc",2159SC000094,Small Claims,Disposed (Statistical Purposes),20210205,20211029
11,88216532,"Midland Credit Management, Inc",2159SC000095,Small Claims,Disposed (Statistical Purposes),20210205,20211029
12,88218257,"Midland Credit Management, Inc",2059SC000968,Small Claims,Disposed (Statistical Purposes),20201026,20211116
13,88219201,"Midland Credit Management, Inc",2059SC000967,Small Claims,Disposed (Statistical Purposes),20201026,20211116
14,88223186,"Midland Credit Management, Inc",2059SC000975,Small Claims,Open,20201027,20201027
15,88223609,"Midland Credit Management, Inc",2059SC000976,Small Claims,Disposed (Statistical Purposes),20201027,20211116
16,88230505,"Midland Credit Management, Inc",2013SC000206,Small Claims,Disposed (Statistical Purposes),20200204,20211229
17,88231753,"Midland Credit Management, Inc",2013SC000221,Small Claims,Suspended Covid 19 extended,20200204,20200204
18,88232117,"Midland Credit Management, Inc",2059SC000981,Small Claims,Disposed (Statistical Purposes),20201029,20211116
19,88239629,"Midland Credit Management, Inc",2036SC000923,Small Claims,Disposed (Statistical Purposes),20201021,20211202
20,88241662,"Midland Credit Management, Inc",2011SC000248,Small Claims,Disposed (Statistical Purposes),20200127,20211217
21,88244749,"Midland Credit Management, Inc",2011SC000249,Small Claims,Suspended Covid 19 extended,20200127,20200505
22,88245647,"Midland Credit Management, Inc",2011SC000245,Small Claims,Disposed (Statistical Purposes),20200127,20211217
23,88245867,"Midland Credit Management, Inc",2011SC000246,Small Claims,Disposed (Statistical Purposes),20200127,20211217
24,88246679,"Midland Credit Management, Inc",2036SC000357,Small Claims,Open,20200306,20200306
25,88247327,"Midland Credit Management, Inc",2128SC000048,Small Claims,Disposed (Statistical Purposes),20210217,20210401
26,88247593,"Midland Credit Management, Inc",2036SC000930,Small Claims,Disposed (Statistical Purposes),20201023,20210930
27,88247640,"Midland Credit Management, Inc",2128SC000047,Small Claims,Disposed (Statistical Purposes),20210217,20210319
28,88247799,"Midland Credit Management, Inc",2036SC000926,Small Claims,Disposed (Statistical Purposes),20201023,20211202
29,88247852,"Midland Credit Management, Inc",2128SC000046,Small Claims,Disposed (Statistical Purposes),20210217,20210401
30,88248629,"Midland Credit Management, Inc",2036SC000929,Small Claims,Disposed (Statistical Purposes),20201023,20210930
31,88248700,"Midland Credit Management, Inc",2128SC000045,Small Claims,Disposed (Statistical Purposes),20210217,20210401
32,88250726,"Midland Credit Management, Inc",2128SC000049,Small Claims,Disposed (Statistical Purposes),20210217,20210330
33,88251290,"Midland Credit Management, Inc",2036SC000939,Small Claims,Disposed (Statistical Purposes),20201026,20211004
34,88256849,"Midland Credit Management, Inc",2031SC000755,Small Claims,Disposed (Statistical Purposes),20200605,20210809
35,88257182,"Midland Credit Management, Inc",2031SC000754,Small Claims,Disposed (Statistical Purposes),20200605,20210809
36,88257328,"Midland Credit Management, Inc",2036SC000945,Small Claims,Disposed (Statistical Purposes),20201028,20210930
37,88257586,"Midland Credit Management, Inc",2036CV000390,Civil,Disposed (Statistical Purposes),20201027,20210727
38,88258102,"Midland Credit Management, Inc",2036SC000946,Small Claims,Disposed (Statistical Purposes),20201028,20210930
39,88259886,"Midland Credit Management, Inc",2023SC001320,Small Claims,Suspended Covid 19 extended,20200311,20200311
40,88260147,"Midland Credit Management, Inc",2036SC000944,Small Claims,Disposed (Statistical Purposes),20201028,20211231
41,88260378,"Midland Credit Management, Inc",2023SC001338,Small Claims,Disposed (Statistical Purposes),20200311,20210423
42,88265244,"Midland Credit Management, Inc",2023SC001335,Small Claims,Disposed (Statistical Purposes),20200311,20211101
43,88265907,"Midland Credit Management, Inc",2023SC001322,Small Claims,Disposed (Statistical Purposes),20200311,20210212
44,88266304,"Midland Credit Management, Inc",2036SC000947,Small Claims,Disposed (Statistical Purposes),20201030,20210930
45,88266442,"Midland Credit Management, Inc",2036SC000949,Small Claims,Disposed (Statistical Purposes),20201030,20211008
46,88266815,"Midland Credit Management, Inc",2036SC000951,Small Claims,Disposed (Statistical Purposes),20201030,20210924
47,88266935,"Midland Credit Management, Inc",2036SC000380,Small Claims,Open,20200309,20200309
48,88267819,"Midland Credit Management, Inc",2059SC001011,Small Claims,Disposed (Statistical Purposes),20201113,20211116
49,88269124,"Midland Credit Management, Inc",2128SC000054,Small Claims,Disposed (Statistical Purposes),20210222,20210415
0,88269240,"Midland Credit Management, Inc",2023SC001148,Small Claims,Suspended Covid 19 extended,20200311,20200311
1,88273808,"Midland Credit Management, Inc",2023SC001326,Small Claims,Disposed (Statistical Purposes),20200311,20210319
2,88275156,"Midland Credit Management, Inc",2255CV000014,Civil,Open,20220114,20220114
3,88275536,"Midland Credit Management, Inc",2128SC000063,Small Claims,Disposed (Statistical Purposes),20210225,20210412
4,88275692,"Midland Credit Management, Inc",2036SC000978,Small Claims,Open,20201103,20201103
5,88275876,"Midland Credit Management, Inc",2023SC001149,Small Claims,Disposed (Statistical Purposes),20200311,20201211
6,88276201,"Midland Credit Management, Inc",2036SC000979,Small Claims,Disposed (Statistical Purposes),20201103,20210930
7,88276565,"Midland Credit Management, Inc",2036SC000980,Small Claims,Disposed (Statistical Purposes),20201103,20210930
8,88277638,"Midland Credit Management, Inc",2023SC001683,Small Claims,Suspended Covid 19 extended,20200603,20200603
9,88277921,"Midland Credit Management, Inc",2023SC001336,Small Claims,Disposed (Statistical Purposes),20200311,20210316
10,88278478,"Midland Credit Management, Inc",2023SC001702,Small Claims,Disposed (Statistical Purposes),20200603,20210416
11,88278815,"Midland Credit Management, Inc",2023SC001635,Small Claims,Suspended Covid 19 extended,20200603,20200603
12,88279074,"Midland Credit Management, Inc",2023SC001642,Small Claims,Disposed (Statistical Purposes),20200603,20220128
13,88281346,"Midland Credit Management, Inc",2023SC001680,Small Claims,Suspended Covid 19 extended,20200603,20200603
14,88282017,"Midland Credit Management, Inc",2023SC001636,Small Claims,Disposed (Statistical Purposes),20200603,20220120
15,88282442,"Midland Credit Management, Inc",2023SC001640,Small Claims,Disposed (Statistical Purposes),20200603,20220128
16,88284444,"Midland Credit Management, Inc",2186SC000029,Small Claims,Disposed (Statistical Purposes),20210118,20220207
17,88284769,"Midland Credit Management, Inc",2031SC000768,Small Claims,Disposed (Statistical Purposes),20200615,20210212
18,88290460,"Midland Credit Management, Inc",2128SC000082,Small Claims,Disposed (Statistical Purposes),20210303,20210429
19,88290865,"Midland Credit Management, Inc",2128SC000085,Small Claims,Disposed (Statistical Purposes),20210303,20210429
20,88291250,"Midland Credit Management, Inc",2128SC000083,Small Claims,Disposed (Statistical Purposes),20210303,20210429
21,88291649,"Midland Credit Management, Inc",2128SC000084,Small Claims,Disposed (Statistical Purposes),20210303,20210429
22,88296796,"Midland Credit Management, Inc",2128SC000089,Small Claims,Disposed (Statistical Purposes),20210305,20210708
23,88297813,"Midland Credit Management, Inc",2128SC000090,Small Claims,Disposed (Statistical Purposes),20210305,20210422
24,88303351,"Midland Credit Management, Inc",2011SC000386,Small Claims,Disposed (Statistical Purposes),20200203,20200320
25,88309693,"Midland Credit Management, Inc",2131CV000672,Civil,Open,20211230,20211230
26,88310615,"Midland Credit Management, Inc",2023SC001428,Small Claims,Suspended Covid 19 extended,20200316,20200316
27,88311221,"Midland Credit Management, Inc",2011SC000385,Small Claims,Disposed (Statistical Purposes),20200203,20201026
28,88314896,"Midland Credit Management, Inc",2031SC000821,Small Claims,Disposed (Statistical Purposes),20200629,20210809
29,88315408,"Midland Credit Management, Inc",2031SC000822,Small Claims,Disposed (Statistical Purposes),20200629,20210211
30,88317976,"Midland Credit Management, Inc",2010SC000639,Small Claims,Disposed (Statistical Purposes),20201102,20210308
31,88321391,"Midland Credit Management, Inc",2255CV000035,Civil,Open,20220202,20220202
32,88323831,"Midland Credit Management, Inc",2031SC000798,Small Claims,Disposed (Statistical Purposes),20200629,20210827
33,88327673,"Midland Credit Management, Inc",2065SC000206,Small Claims,Disposed (Statistical Purposes),20200608,20211025
34,88327856,"Midland Credit Management, Inc",2065SC000202,Small Claims,Disposed (Statistical Purposes),20200608,20210125
35,88328215,"Midland Credit Management, Inc",2065SC000207,Small Claims,Disposed (Statistical Purposes),20200608,20210823
36,88334041,"Midland Credit Management, Inc",2011SC000428,Small Claims,Disposed (Statistical Purposes),20200207,20220114
37,88336959,"Midland Credit Management, Inc",2031SC000809,Small Claims,Disposed (Statistical Purposes),20200706,20210211
38,88337105,"Midland Credit Management, Inc",2023SC001586,Small Claims,Disposed (Statistical Purposes),20200619,20220118
39,88337822,"Midland Credit Management, Inc",2031SC000810,Small Claims,Disposed (Statistical Purposes),20200706,20210809
40,88338875,"Midland Credit Management, Inc",2031SC000812,Small Claims,Covid 19 XXX Notice Issued,20200706,20210318
41,88339180,"Midland Credit Management, Inc",2023SC001363,Small Claims,Disposed (Statistical Purposes),20200324,20210928
42,88340955,"Midland Credit Management, Inc",2128SC000117,Small Claims,Disposed (Statistical Purposes),20210329,20210520
43,88341132,"Midland Credit Management, Inc",2143SC000243,Small Claims,Disposed (Statistical Purposes),20210401,20210429
44,88341676,"Midland Credit Management, Inc",2023SC001581,Small Claims,Suspended Covid 19 extended,20200619,20200723
45,88342230,"Midland Credit Management, Inc",2023SC001582,Small Claims,Suspended Covid 19 extended,20200619,20200619
46,88347450,"Midland Credit Management, Inc",2065SC000221,Small Claims,Disposed (Statistical Purposes),20200623,20210208
47,88349412,"Midland Credit Management, Inc",2029SC000133,Small Claims,Disposed (Statistical Purposes),20200825,20200902
48,88350198,"Midland Credit Management, Inc",2023SC001726,Small Claims,Disposed (Statistical Purposes),20200624,20211223
49,88351133,"Midland Credit Management, Inc",2128SC000125,Small Claims,Disposed (Statistical Purposes),20210406,20210527
0,88351207,"Midland Credit Management, Inc",2128SC000126,Small Claims,Disposed (Statistical Purposes),20210406,20210527
1,88351719,"Midland Credit Management, Inc",2128SC000127,Small Claims,Disposed (Statistical Purposes),20210406,20210527
2,88351887,"Midland Credit Management, Inc",2023SC001730,Small Claims,Disposed (Statistical Purposes),20200624,20201204
3,88351961,"Midland Credit Management, Inc",2010SC000533,Small Claims,Disposed (Statistical Purposes),20200904,20210415
4,88352735,"Midland Credit Management, Inc",2023SC001732,Small Claims,Disposed (Statistical Purposes),20200624,20201204
5,88353697,"Midland Credit Management, Inc",2023SC001733,Small Claims,Disposed (Statistical Purposes),20200624,20201204
6,88354572,"Midland Credit Management, Inc",2023SC001734,Small Claims,Disposed (Statistical Purposes),20200624,20210510
7,88356832,"Midland Credit Management, Inc",2023SC001731,Small Claims,Open,20200624,20200624
8,88360123,"Midland Credit Management, Inc",2023SC001619,Small Claims,Suspended Covid 19 extended,20200623,20200623
9,88361122,"Midland Credit Management, Inc",2023SC001728,Small Claims,Disposed (Statistical Purposes),20200624,20210305
10,88366518,"Midland Credit Management, Inc",2023SC001039,Small Claims,Open,20200306,20200306
11,88366612,"Midland Credit Management, Inc",2029SC000141,Small Claims,Disposed (Statistical Purposes),20200909,20200921
12,88366844,"Midland Credit Management, Inc",2029SC000140,Small Claims,Disposed (Statistical Purposes),20200909,20201102
13,88366904,"Midland Credit Management, Inc",2023SC001052,Small Claims,Disposed (Statistical Purposes),20200306,20211029
14,88366975,"Midland Credit Management, Inc",2029SC000142,Small Claims,Disposed (Statistical Purposes),20200909,20201102
15,88369621,"Midland Credit Management, Inc",2029SC000146,Small Claims,Disposed (Statistical Purposes),20200911,20201015
16,88371807,"Midland Credit Management, Inc",2023SC001050,Small Claims,Disposed (Statistical Purposes),20200306,20211029
17,88377893,"Midland Credit Management, Inc",2023SC001016,Small Claims,Disposed (Statistical Purposes),20200305,20211029
18,88378164,"Midland Credit Management, Inc",2010SC000554,Small Claims,Disposed (Statistical Purposes),20200914,20210121
19,88386302,"Midland Credit Management, Inc",2128SC000466,Small Claims,Disposed (Statistical Purposes),20211028,20211230
20,88386452,"Midland Credit Management, Inc",2056SC002076,Small Claims,Open,20201209,20201209
21,88386642,"Midland Credit Management, Inc",2128SC000464,Small Claims,Disposed (Statistical Purposes),20211028,20220121
22,88391884,"Midland Credit Management, Inc",2027SC000580,Small Claims,Disposed (Statistical Purposes),20201209,20211006
23,88393684,"Midland Credit Management, Inc",2023SC001074,Small Claims,Disposed (Statistical Purposes),20200309,20210707
24,88398907,"Midland Credit Management, Inc",2023SC001078,Small Claims,Disposed (Statistical Purposes),20200309,20211022
25,88399950,"Midland Credit Management, Inc",2056SC002082,Small Claims,Open,20201211,20201211
26,88400621,"Midland Credit Management, Inc",2123SC003949,Small Claims,Open,20211201,20211201
27,88400931,"Midland Credit Management, Inc",2123SC003946,Small Claims,Open,20211201,20211201
28,88401557,"Midland Credit Management, Inc",2123SC003947,Small Claims,Disposed (Statistical Purposes),20211201,20220208
29,88401679,"Midland Credit Management, Inc",2123SC003945,Small Claims,Open,20211201,20211201
30,88402023,"Midland Credit Management, Inc",2123SC003951,Small Claims,Open,20211201,20211201
31,88402143,"Midland Credit Management, Inc",2123SC003950,Small Claims,Open,20211201,20211201
32,88403036,"Midland Credit Management, Inc",2123SC003948,Small Claims,Open,20211201,20211201
33,88410751,"Midland Credit Management, Inc",2056SC002102,Small Claims,Open,20201215,20201215
34,88419348,"Midland Credit Management, Inc",2029SC000164,Small Claims,Disposed (Statistical Purposes),20201022,20201207
35,88420398,"Midland Credit Management, Inc",2123SC004006,Small Claims,Open,20211208,20211208
36,88426389,"Midland Credit Management, Inc",2029SC000163,Small Claims,Disposed (Statistical Purposes),20201027,20201207
37,88426815,"Midland Credit Management, Inc",2023SC001327,Small Claims,Disposed (Statistical Purposes),20200713,20210219
38,88427377,"Midland Credit Management, Inc",2034SC000098,Small Claims,Covid 19 XXX Notice Issued,20200123,20200723
39,88427509,"Midland Credit Management, Inc",2023SC001324,Small Claims,Disposed (Statistical Purposes),20200713,20201211
40,88427709,"Midland Credit Management, Inc",2029SC000161,Small Claims,Disposed (Statistical Purposes),20201027,20201207
41,88427944,"Midland Credit Management, Inc",2123SC004011,Small Claims,Open,20211210,20211210
42,88428052,"Midland Credit Management, Inc",2123SC004012,Small Claims,Open,20211210,20211213
43,88428583,"Midland Credit Management, Inc",2123SC004008,Small Claims,Open,20211210,20211210
44,88429002,"Midland Credit Management, Inc",2023SC001329,Small Claims,Disposed (Statistical Purposes),20200713,20210409
45,88430766,"Midland Credit Management, Inc",2123SC004013,Small Claims,Open,20211210,20211210
46,88431280,"Midland Credit Management, Inc",2123SC004010,Small Claims,Open,20211210,20211210
47,88432000,"Midland Credit Management, Inc",2123SC004009,Small Claims,Open,20211210,20211210
48,88435126,"Midland Credit Management, Inc",2023SC001846,Small Claims,Suspended Covid 19 extended,20200715,20200715
49,88435460,"Midland Credit Management, Inc",2142SC000061,Small Claims,Open,20210305,20210305
0,88435789,"Midland Credit Management, Inc",2142SC000054,Small Claims,Open,20210305,20210305
1,88435846,"Midland Credit Management, Inc",2142SC000058,Small Claims,Open,20210305,20210305
2,88436141,"Midland Credit Management, Inc",2142SC000060,Small Claims,Open,20210305,20210305
3,88436282,"Midland Credit Management, Inc",2142SC000059,Small Claims,Open,20210305,20210305
4,88439635,"Midland Credit Management, Inc",2018SC001362,Small Claims,Disposed (Statistical Purposes),20200914,20211108
5,88439771,"Midland Credit Management, Inc",2018SC001368,Small Claims,Disposed (Statistical Purposes),20200914,20210929
6,88440434,"Midland Credit Management, Inc",2018SC001367,Small Claims,Closed,20200914,20211026
7,88440615,"Midland Credit Management, Inc",2018SC001363,Small Claims,Disposed (Statistical Purposes),20200914,20210907
8,88440868,"Midland Credit Management, Inc",2018SC001369,Small Claims,Disposed (Statistical Purposes),20200914,20210907
9,88446918,"Midland Credit Management, Inc",2018SC001397,Small Claims,Disposed (Statistical Purposes),20200916,20210910
10,88447718,"Midland Credit Management, Inc",2018SC001399,Small Claims,Disposed (Statistical Purposes),20200916,20210910
11,88448033,"Midland Credit Management, Inc",2018SC001398,Small Claims,Open,20200916,20200916
12,88451798,"Midland Credit Management, Inc",2018SC001406,Small Claims,Closed,20200917,20211027
13,88452088,"Midland Credit Management, Inc",2018SC001405,Small Claims,Disposed (Statistical Purposes),20200917,20210910
14,88454356,"Midland Credit Management, Inc",2018SC001412,Small Claims,Closed,20200922,20211028
15,88454417,"Midland Credit Management, Inc",2018SC001418,Small Claims,Closed,20200922,20211028
16,88454540,"Midland Credit Management, Inc",2138SC000932,Small Claims,Open,20210927,20210927
17,88454616,"Midland Credit Management, Inc",2018SC001423,Small Claims,Disposed (Statistical Purposes),20200922,20210910
18,88454749,"Midland Credit Management, Inc",2018SC001422,Small Claims,Disposed (Statistical Purposes),20200922,20210927
19,88454821,"Midland Credit Management, Inc",2018SC001414,Small Claims,Disposed (Statistical Purposes),20200922,20211102
20,88455341,"Midland Credit Management, Inc",2018SC001415,Small Claims,Disposed (Statistical Purposes),20200922,20201015
21,88455371,"Midland Credit Management, Inc",2018SC001413,Small Claims,Disposed (Statistical Purposes),20200922,20210910
22,88457868,"Midland Credit Management, Inc",2050SC000242,Small Claims,Disposed (Statistical Purposes),20200207,20210924
23,88459426,"Midland Credit Management, Inc",2050SC000243,Small Claims,Disposed (Statistical Purposes),20200207,20210924
24,88459699,"Midland Credit Management, Inc",2036SC001040,Small Claims,Disposed (Statistical Purposes),20201209,20211007
25,88460235,"Midland Credit Management, Inc",2050SC000247,Small Claims,Disposed (Statistical Purposes),20200207,20211112
26,88461203,"Midland Credit Management, Inc",2051SC000334,Small Claims,Disposed (Statistical Purposes),20200715,20201207
27,88461297,"Midland Credit Management, Inc",2050SC000240,Small Claims,Disposed (Statistical Purposes),20200207,20211007
28,88462005,"Midland Credit Management, Inc",2036SC001043,Small Claims,Open,20201210,20201210
29,88463186,"Midland Credit Management, Inc",2050SC000241,Small Claims,Disposed (Statistical Purposes),20200207,20201023
30,88464939,"Midland Credit Management, Inc",2051SC000351,Small Claims,Disposed (Statistical Purposes),20200722,20210217
31,88469301,"Midland Credit Management, Inc",2050SC000264,Small Claims,Disposed (Statistical Purposes),20200210,20211001
32,88493233,"Midland Credit Management, Inc",1923SC003833,Small Claims,Suspended Covid 19 extended,20191202,20200304
33,88494200,"Midland Credit Management, Inc",1923SC003830,Small Claims,Suspended Covid 19 extended,20191202,20200304
34,88497268,"Midland Credit Management, Inc",1923SC003835,Small Claims,Disposed (Statistical Purposes),20191204,20201118
35,88500404,"Midland Credit Management, Inc",1923SC003849,Small Claims,Disposed (Statistical Purposes),20191206,20200226
36,88500523,"Midland Credit Management, Inc",1923SC003850,Small Claims,Disposed (Statistical Purposes),20191206,20200226
37,88517028,"Midland Credit Management, Inc",1923SC003939,Small Claims,Disposed (Statistical Purposes),20191213,20200312
38,88527141,"Midland Credit Management, Inc",1923SC003974,Small Claims,Disposed (Statistical Purposes),20191216,20200313
39,88527319,"Midland Credit Management, Inc",1923SC003951,Small Claims,Disposed (Statistical Purposes),20191216,20200306
40,88528559,"Midland Credit Management, Inc",1923SC003973,Small Claims,Disposed (Statistical Purposes),20191216,20200313
41,88530546,"Midland Credit Management, Inc",1923SC003985,Small Claims,Disposed (Statistical Purposes),20191217,20200313
42,88531149,"Midland Credit Management, Inc",1923SC003984,Small Claims,Disposed (Statistical Purposes),20191217,20200313
43,88534782,"Midland Credit Management, Inc",1923SC003976,Small Claims,Disposed (Statistical Purposes),20191216,20200313
44,88535063,"Midland Credit Management, Inc",1923SC003977,Small Claims,Disposed (Statistical Purposes),20191216,20200313
45,88536326,"Midland Credit Management, Inc",2101SC000848,Small Claims,Closed,20210722,20211224
46,88537617,"Midland Credit Management, Inc",1923SC003955,Small Claims,Disposed (Statistical Purposes),20191216,20210217
47,88537792,"Midland Credit Management, Inc",1923SC003972,Small Claims,Disposed (Statistical Purposes),20191216,20200313
48,88538645,"Midland Credit Management, Inc",2132SC001369,Small Claims,Disposed (Statistical Purposes),20210630,20210928
49,88540110,"Midland Credit Management, Inc",2132SC001371,Small Claims,Disposed (Statistical Purposes),20210630,20210928
0,88540689,"Midland Credit Management, Inc",2101SC000852,Small Claims,Closed,20210722,20220125
1,88541143,"Midland Credit Management, Inc",2132SC001377,Small Claims,Disposed (Statistical Purposes),20210630,20210915
2,88541351,"Midland Credit Management, Inc",2132SC001370,Small Claims,Disposed (Statistical Purposes),20210630,20211026
3,88543334,"Midland Credit Management, Inc",1923SC004004,Small Claims,Disposed (Statistical Purposes),20191217,20200819
4,88545784,"Midland Credit Management, Inc",2132SC001437,Small Claims,Disposed (Statistical Purposes),20210701,20211001
5,88546406,"Midland Credit Management, Inc",2132SC001438,Small Claims,Disposed (Statistical Purposes),20210701,20210917
6,88546510,"Midland Credit Management, Inc",2132SC001433,Small Claims,Disposed (Statistical Purposes),20210701,20211001
7,88547083,"Midland Credit Management, Inc",2132SC001434,Small Claims,Disposed (Statistical Purposes),20210701,20211001
8,88547969,"Midland Credit Management, Inc",2132SC001372,Small Claims,Disposed (Statistical Purposes),20210630,20210928
9,88548780,"Midland Credit Management, Inc",2132SC001439,Small Claims,Disposed (Statistical Purposes),20210701,20211001
10,88549426,"Midland Credit Management, Inc",2132SC001436,Small Claims,Open,20210701,20210701
11,88553902,"Midland Credit Management, Inc",2132SC001628,Small Claims,Disposed (Statistical Purposes),20210702,20211115
12,88554219,"Midland Credit Management, Inc",2132SC001606,Small Claims,Disposed (Statistical Purposes),20210702,20211103
13,88554250,"Midland Credit Management, Inc",2132SC001603,Small Claims,Disposed (Statistical Purposes),20210702,20211022
14,88554324,"Midland Credit Management, Inc",2132SC001605,Small Claims,Disposed (Statistical Purposes),20210702,20211103
15,88554429,"Midland Credit Management, Inc",2132SC001631,Small Claims,Disposed (Statistical Purposes),20210702,20211115
16,88554499,"Midland Credit Management, Inc",2132SC001618,Small Claims,Disposed (Statistical Purposes),20210702,20211223
17,88554546,"Midland Credit Management, Inc",2132SC001614,Small Claims,Disposed (Statistical Purposes),20210702,20211112
18,88554639,"Midland Credit Management, Inc",2132SC001607,Small Claims,Disposed (Statistical Purposes),20210702,20211119
19,88554656,"Midland Credit Management, Inc",2132SC001617,Small Claims,Disposed (Statistical Purposes),20210702,20211108
20,88554697,"Midland Credit Management, Inc",2132SC001604,Small Claims,Disposed (Statistical Purposes),20210702,20220203
21,88554752,"Midland Credit Management, Inc",2132SC001602,Small Claims,Disposed (Statistical Purposes),20210702,20211015
22,88554911,"Midland Credit Management, Inc",2132SC001615,Small Claims,Disposed (Statistical Purposes),20210702,20211112
23,88555034,"Midland Credit Management, Inc",2132SC001629,Small Claims,Disposed (Statistical Purposes),20210702,20211022
24,88555136,"Midland Credit Management, Inc",2132SC001630,Small Claims,Disposed (Statistical Purposes),20210702,20211115
25,88555412,"Midland Credit Management, Inc",2132SC001609,Small Claims,Disposed (Statistical Purposes),20210702,20211103
26,88555549,"Midland Credit Management, Inc",2132SC001613,Small Claims,Disposed (Statistical Purposes),20210702,20211112
27,88555805,"Midland Credit Management, Inc",2132SC001601,Small Claims,Disposed (Statistical Purposes),20210702,20211104
28,88555869,"Midland Credit Management, Inc",2132SC001632,Small Claims,Disposed (Statistical Purposes),20210702,20211115
29,88556304,"Midland Credit Management, Inc",2132SC001608,Small Claims,Disposed (Statistical Purposes),20210702,20211103
30,88556541,"Midland Credit Management, Inc",2132SC001616,Small Claims,Disposed (Statistical Purposes),20210702,20211112
31,88556619,"Midland Credit Management, Inc",2132SC001619,Small Claims,Disposed (Statistical Purposes),20210702,20211112
32,88561384,"Midland Credit Management, Inc",2132SC001642,Small Claims,Disposed (Statistical Purposes),20210707,20211116
33,88565881,"Midland Credit Management, Inc",2132SC001677,Small Claims,Open,20210709,20210709
34,88565894,"Midland Credit Management, Inc",2132SC001678,Small Claims,Open,20210709,20210709
35,88568192,"Midland Credit Management, Inc",2132SC001697,Small Claims,Open,20210712,20210712
36,88568295,"Midland Credit Management, Inc",2132SC001691,Small Claims,Open,20210712,20210712
37,88568450,"Midland Credit Management, Inc",2132SC001707,Small Claims,Open,20210712,20210712
38,88571126,"Midland Credit Management, Inc",2132CV000480,Civil,Open,20210712,20210712
39,88572415,"Midland Credit Management, Inc",2132SC001686,Small Claims,Open,20210712,20210712
40,88572750,"Midland Credit Management, Inc",2132SC001708,Small Claims,Open,20210712,20210712
41,88572982,"Midland Credit Management, Inc",2132CV000482,Civil,Open,20210712,20210712
42,88573375,"Midland Credit Management, Inc",2132SC001711,Small Claims,Disposed (Statistical Purposes),20210712,20220209
43,88573813,"Midland Credit Management, Inc",2132SC001710,Small Claims,Open,20210712,20210712
44,88588978,"Midland Credit Management, Inc",2132SC001928,Small Claims,Open,20210723,20210723
45,88589015,"Midland Credit Management, Inc",2132SC001930,Small Claims,Open,20210723,20210723
46,88589504,"Midland Credit Management, Inc",2132SC001929,Small Claims,Open,20210723,20210723
47,88591057,"Midland Credit Management, Inc",2132SC001926,Small Claims,Disposed (Statistical Purposes),20210722,20220202
48,88591114,"Midland Credit Management, Inc",2132SC001927,Small Claims,Open,20210723,20210723
49,88591214,"Midland Credit Management, Inc",2132SC001925,Small Claims,Open,20210722,20210722
0,88591456,"Midland Credit Management, Inc",2132SC001923,Small Claims,Open,20210722,20210722
1,88591566,"Midland Credit Management, Inc",2132SC001924,Small Claims,Disposed (Statistical Purposes),20210722,20211116
2,88591710,"Midland Credit Management, Inc",2132SC001922,Small Claims,Open,20210722,20210722
3,88591719,"Midland Credit Management, Inc",2132SC001920,Small Claims,Open,20210722,20210722
4,88591730,"Midland Credit Management, Inc",2132SC001921,Small Claims,Open,20210722,20210722
5,88595053,"Midland Credit Management, Inc",2132SC001978,Small Claims,Open,20210728,20210728
6,88595148,"Midland Credit Management, Inc",2132SC001979,Small Claims,Open,20210728,20210728
7,88598136,"Midland Credit Management, Inc",2132SC001987,Small Claims,Open,20210729,20210729
8,88599017,"Midland Credit Management, Inc",2132SC001988,Small Claims,Disposed (Statistical Purposes),20210729,20220218
9,88599650,"Midland Credit Management, Inc",2132SC001986,Small Claims,Open,20210729,20210729
10,88600580,"Midland Credit Management, Inc",2132SC001985,Small Claims,Open,20210729,20210729
11,88620678,"Midland Credit Management, Inc",2132SC002032,Small Claims,Open,20210813,20210813
12,88621329,"Midland Credit Management, Inc",2132SC002030,Small Claims,Open,20210813,20210813
13,88623350,"Midland Credit Management, Inc",2023SC002450,Small Claims,Disposed (Statistical Purposes),20201021,20210818
14,88623669,"Midland Credit Management, Inc",2023SC002454,Small Claims,Open,20201021,20201021
15,88625328,"Midland Credit Management, Inc",2023SC002449,Small Claims,Open,20201021,20201021
16,88625651,"Midland Credit Management, Inc",2023SC002436,Small Claims,Open,20201021,20201021
17,88625904,"Midland Credit Management, Inc",2023SC002434,Small Claims,Open,20201021,20201021
18,88626147,"Midland Credit Management, Inc",2023SC002437,Small Claims,Open,20201021,20201021
19,88627985,"Midland Credit Management, Inc",2023SC002451,Small Claims,Open,20201021,20201021
20,88634706,"Midland Credit Management, Inc",2160SC001158,Small Claims,Open,20211117,20211117
21,88636976,"Midland Credit Management, Inc",2023SC002482,Small Claims,Open,20201026,20201026
22,88637063,"Midland Credit Management, Inc",2023SC002474,Small Claims,Open,20201026,20201026
23,88637274,"Midland Credit Management, Inc",2023SC002476,Small Claims,Open,20201026,20201026
24,88637430,"Midland Credit Management, Inc",2023SC002469,Small Claims,Open,20201026,20201026
25,88637551,"Midland Credit Management, Inc",2023SC002465,Small Claims,Open,20201026,20201026
26,88638531,"Midland Credit Management, Inc",2023SC002470,Small Claims,Open,20201026,20201026
27,88638976,"Midland Credit Management, Inc",2023SC002479,Small Claims,Open,20201026,20201026
28,88639283,"Midland Credit Management, Inc",2023SC002467,Small Claims,Open,20201026,20201026
29,88639411,"Midland Credit Management, Inc",2160SC001177,Small Claims,Open,20211119,20211119
30,88639689,"Midland Credit Management, Inc",2023SC002477,Small Claims,Open,20201026,20201026
31,88639822,"Midland Credit Management, Inc",2023SC002486,Small Claims,Open,20201026,20201026
32,88639916,"Midland Credit Management, Inc",2023SC002466,Small Claims,Open,20201026,20201026
33,88641407,"Midland Credit Management, Inc",2023SC002471,Small Claims,Open,20201026,20201026
34,88641927,"Midland Credit Management, Inc",2023SC002468,Small Claims,Disposed (Statistical Purposes),20201026,20210723
35,88642393,"Midland Credit Management, Inc",2023SC002473,Small Claims,Open,20201026,20201026
36,88642659,"Midland Credit Management, Inc",2023SC002484,Small Claims,Disposed (Statistical Purposes),20201026,20210712
37,88642999,"Midland Credit Management, Inc",2160SC001160,Small Claims,Open,20211118,20211118
38,88643114,"Midland Credit Management, Inc",2023SC002475,Small Claims,Open,20201026,20201026
39,88643376,"Midland Credit Management, Inc",2160SC001176,Small Claims,Open,20211119,20211119
40,88643524,"Midland Credit Management, Inc",2023SC002481,Small Claims,Open,20201026,20201026
41,88644443,"Midland Credit Management, Inc",2023SC002478,Small Claims,Open,20201026,20201026
42,88645231,"Midland Credit Management, Inc",2023SC002483,Small Claims,Open,20201026,20201026
43,88645668,"Midland Credit Management, Inc",2023SC002480,Small Claims,Disposed (Statistical Purposes),20201026,20210317
44,88714428,"Midland Credit Management, Inc",2106SC000815,Small Claims,Open,20210706,20210706
45,88717160,"Midland Credit Management, Inc",2106SC000813,Small Claims,Open,20210706,20210706
46,88718208,"Midland Credit Management, Inc",2106SC000814,Small Claims,Open,20210706,20210706
47,88718629,"Midland Credit Management, Inc",2106SC000812,Small Claims,Open,20210706,20210706
48,88727107,"Midland Credit Management, Inc",2106SC000822,Small Claims,Open,20210707,20210707
49,88730407,"Midland Credit Management, Inc",2106SC000833,Small Claims,Open,20210708,20210708
0,88731429,"Midland Credit Management, Inc",2106SC000823,Small Claims,Open,20210707,20210707
1,88731577,"Midland Credit Management, Inc",2106SC000826,Small Claims,Open,20210708,20210708
2,88732393,"Midland Credit Management, Inc",2106SC000830,Small Claims,Open,20210708,20210708
3,88732478,"Midland Credit Management, Inc",2106SC000835,Small Claims,Disposed (Statistical Purposes),20210708,20210723
4,88732619,"Midland Credit Management, Inc",2106SC000825,Small Claims,Open,20210708,20210708
5,88733001,"Midland Credit Management, Inc",2106SC000834,Small Claims,Open,20210708,20210708
6,88733152,"Midland Credit Management, Inc",2106SC000824,Small Claims,Open,20210708,20210708
7,88733578,"Midland Credit Management, Inc",2106SC000829,Small Claims,Disposed (Statistical Purposes),20210708,20210802
8,88750620,"Midland Credit Management, Inc",2116SC000301,Small Claims,Disposed (Statistical Purposes),20210521,20211108
9,88755509,"Midland Credit Management, Inc",2116SC000310,Small Claims,Disposed (Statistical Purposes),20210526,20210618
10,88755635,"Midland Credit Management, Inc",2116SC000309,Small Claims,Disposed (Statistical Purposes),20210526,20220202
11,88762233,"Midland Credit Management, Inc",2116SC000336,Small Claims,Disposed (Statistical Purposes),20210601,20211129
12,88766149,"Midland Credit Management, Inc",2116SC000329,Small Claims,Disposed (Statistical Purposes),20210603,20211101
13,88766541,"Midland Credit Management, Inc",2116SC000337,Small Claims,Disposed (Statistical Purposes),20210603,20211129
14,88778306,"Midland Credit Management, Inc",2106SC000859,Small Claims,Open,20210713,20210713
15,88792996,"Midland Credit Management, Inc",2106SC000871,Small Claims,Open,20210715,20210715
16,88804323,"Midland Credit Management, Inc",2116SC000399,Small Claims,Disposed (Statistical Purposes),20210629,20211213
17,88808861,"Midland Credit Management, Inc",2116SC000403,Small Claims,Disposed (Statistical Purposes),20210702,20211213
18,88811811,"Midland Credit Management, Inc",2116SC000424,Small Claims,Open,20210707,20210707
19,88812246,"Midland Credit Management, Inc",2116SC000429,Small Claims,Disposed (Statistical Purposes),20210707,20211213
20,88812385,"Midland Credit Management, Inc",2116SC000423,Small Claims,Disposed (Statistical Purposes),20210707,20211213
21,88812749,"Midland Credit Management, Inc",2116SC000430,Small Claims,Disposed (Statistical Purposes),20210707,20211213
22,88812913,"Midland Credit Management, Inc",2116SC000426,Small Claims,Disposed (Statistical Purposes),20210707,20211213
23,88813552,"Midland Credit Management, Inc",2116SC000427,Small Claims,Open,20210707,20210707
24,88816198,"Midland Credit Management, Inc",2116SC000425,Small Claims,Disposed (Statistical Purposes),20210707,20211213
25,88816594,"Midland Credit Management, Inc",2116SC000428,Small Claims,Open,20210707,20210707
26,88823048,"Midland Credit Management, Inc",2116SC000436,Small Claims,Disposed (Statistical Purposes),20210712,20211206
27,88829194,"Midland Credit Management, Inc",2116SC000447,Small Claims,Open,20210719,20210719
28,88834978,"Midland Credit Management, Inc",2116SC000485,Small Claims,Disposed (Statistical Purposes),20210723,20220207
29,88835265,"Midland Credit Management, Inc",2116SC000486,Small Claims,Disposed (Statistical Purposes),20210723,20220207
30,88835399,"Midland Credit Management, Inc",2116SC000461,Small Claims,Disposed (Statistical Purposes),20210722,20220124
31,88835567,"Midland Credit Management, Inc",2116SC000462,Small Claims,Open,20210722,20210723
32,88835906,"Midland Credit Management, Inc",2116SC000460,Small Claims,Disposed (Statistical Purposes),20210722,20220124
33,88836649,"Midland Credit Management, Inc",2106SC000904,Small Claims,Open,20210722,20210722
34,88837250,"Midland Credit Management, Inc",2106SC000907,Small Claims,Open,20210722,20210722
35,88837875,"Midland Credit Management, Inc",2106SC000914,Small Claims,Disposed (Statistical Purposes),20210722,20211228
36,88839851,"Midland Credit Management, Inc",2106SC000903,Small Claims,Open,20210722,20210722
37,88840066,"Midland Credit Management, Inc",2106SC000902,Small Claims,Open,20210722,20210722
38,88842117,"Midland Credit Management, Inc",2116SC000483,Small Claims,Disposed (Statistical Purposes),20210728,20220207
39,88842160,"Midland Credit Management, Inc",2116SC000474,Small Claims,Open,20210728,20210728
40,88845509,"Midland Credit Management, Inc",2106SC000913,Small Claims,Open,20210722,20210722
41,88845911,"Midland Credit Management, Inc",2106SC000906,Small Claims,Open,20210722,20210722
42,88846482,"Midland Credit Management, Inc",2116SC000488,Small Claims,Open,20210729,20210729
43,88848267,"Midland Credit Management, Inc",2116SC000487,Small Claims,Disposed (Statistical Purposes),20210729,20220207
44,88848398,"Midland Credit Management, Inc",2116SC000484,Small Claims,Disposed (Statistical Purposes),20210729,20220207
45,88877395,"Midland Credit Management, Inc",2149SC000442,Small Claims,Disposed (Statistical Purposes),20210519,20210831
46,88878513,"Midland Credit Management, Inc",2149SC000467,Small Claims,Closed,20210521,20210831
47,88883208,"Midland Credit Management, Inc",2149SC000473,Small Claims,Disposed (Statistical Purposes),20210525,20210901
48,88908177,"Midland Credit Management, Inc",2117SC000294,Small Claims,Open,20210629,20210629
49,88909547,"Midland Credit Management, Inc",2150SC000954,Small Claims,Open,20210527,20210527
0,88909690,"Midland Credit Management, Inc",2150SC000944,Small Claims,Open,20210527,20210527
1,88914434,"Midland Credit Management, Inc",2150SC001033,Small Claims,Open,20210601,20210609
2,88914468,"Midland Credit Management, Inc",2150SC001035,Small Claims,Open,20210601,20210601
3,88914512,"Midland Credit Management, Inc",2150SC001014,Small Claims,Open,20210601,20210601
4,88914647,"Midland Credit Management, Inc",2150SC001037,Small Claims,Open,20210601,20210601
5,88914785,"Midland Credit Management, Inc",2150SC001012,Small Claims,Open,20210601,20210601
6,88914795,"Midland Credit Management, Inc",2150SC001039,Small Claims,Open,20210601,20210601
7,88914932,"Midland Credit Management, Inc",2150SC001034,Small Claims,Open,20210601,20210609
8,88918655,"Midland Credit Management, Inc",2150SC001016,Small Claims,Open,20210603,20210603
9,88918843,"Midland Credit Management, Inc",2150SC001041,Small Claims,Open,20210603,20210603
10,88919846,"Midland Credit Management, Inc",2150SC000994,Small Claims,Open,20210607,20210607
11,88919903,"Midland Credit Management, Inc",2150SC000993,Small Claims,Open,20210607,20210607
12,88941343,"Midland Credit Management, Inc",2150SC001154,Small Claims,Open,20210629,20210629
13,88942710,"Midland Credit Management, Inc",2150SC001189,Small Claims,Open,20210701,20210701
14,88942931,"Midland Credit Management, Inc",2150SC001171,Small Claims,Open,20210630,20210630
15,88943085,"Midland Credit Management, Inc",2150SC001181,Small Claims,Open,20210630,20210630
16,88945442,"Midland Credit Management, Inc",2150SC001193,Small Claims,Open,20210702,20210702
17,88945462,"Midland Credit Management, Inc",2150SC001198,Small Claims,Open,20210702,20210702
18,88945573,"Midland Credit Management, Inc",2150SC001191,Small Claims,Open,20210702,20210702
19,88945611,"Midland Credit Management, Inc",2150SC001192,Small Claims,Open,20210702,20210702
20,88945661,"Midland Credit Management, Inc",2150SC001194,Small Claims,Open,20210702,20210702
21,88945735,"Midland Credit Management, Inc",2150SC001199,Small Claims,Open,20210702,20210702
22,88945779,"Midland Credit Management, Inc",2150SC001203,Small Claims,Open,20210702,20210702
23,88946311,"Midland Credit Management, Inc",2150SC001204,Small Claims,Open,20210702,20210702
24,88946337,"Midland Credit Management, Inc",2150SC001201,Small Claims,Open,20210702,20210702
25,88946504,"Midland Credit Management, Inc",2150SC001202,Small Claims,Open,20210702,20210702
26,88946809,"Midland Credit Management, Inc",2150SC001200,Small Claims,Open,20210702,20210702
27,88948256,"Midland Credit Management, Inc",2150SC001210,Small Claims,Open,20210707,20210707
28,88948516,"Midland Credit Management, Inc",2150SC001206,Small Claims,Open,20210706,20210706
29,88949497,"Midland Credit Management, Inc",2150SC001211,Small Claims,Open,20210708,20210708
30,88949967,"Midland Credit Management, Inc",2150SC001240,Small Claims,Open,20210709,20210709
31,88952617,"Midland Credit Management, Inc",2150SC001245,Small Claims,Open,20210712,20210712
32,88955420,"Midland Credit Management, Inc",2150SC001273,Small Claims,Open,20210716,20210716
33,88955557,"Midland Credit Management, Inc",2150SC001294,Small Claims,Open,20210716,20210716
34,88955570,"Midland Credit Management, Inc",2150SC001292,Small Claims,Open,20210715,20210715
35,88955640,"Midland Credit Management, Inc",2150SC001278,Small Claims,Open,20210716,20210716
36,88955702,"Midland Credit Management, Inc",2150SC001371,Small Claims,Open,20210716,20210716
37,88956859,"Midland Credit Management, Inc",2150SC001293,Small Claims,Open,20210716,20210716
38,88958426,"Midland Credit Management, Inc",2150SC001382,Small Claims,Open,20210719,20210719
39,88959704,"Midland Credit Management, Inc",2150SC001329,Small Claims,Open,20210720,20210720
40,88959796,"Midland Credit Management, Inc",2150SC001348,Small Claims,Open,20210720,20210720
41,88960601,"Midland Credit Management, Inc",2150SC001381,Small Claims,Open,20210719,20210719
42,88963874,"Midland Credit Management, Inc",2150SC001338,Small Claims,Disposed (Statistical Purposes),20210723,20210824
43,88964044,"Midland Credit Management, Inc",2150SC001336,Small Claims,Open,20210723,20210723
44,88964101,"Midland Credit Management, Inc",2150SC001334,Small Claims,Open,20210723,20210723
45,88964240,"Midland Credit Management, Inc",2150SC001337,Small Claims,Open,20210723,20210723
46,88964304,"Midland Credit Management, Inc",2150SC001335,Small Claims,Open,20210723,20210723
47,88965151,"Midland Credit Management, Inc",2150SC001386,Small Claims,Open,20210726,20210726
48,88965202,"Midland Credit Management, Inc",2150SC001353,Small Claims,Open,20210726,20210726
49,88965316,"Midland Credit Management, Inc",2150SC001383,Small Claims,Open,20210726,20210726
0,88965351,"Midland Credit Management, Inc",2150SC001385,Small Claims,Open,20210726,20210726
1,88965592,"Midland Credit Management, Inc",2150SC001352,Small Claims,Disposed (Statistical Purposes),20210726,20211108
2,88965771,"Midland Credit Management, Inc",2150SC001384,Small Claims,Open,20210726,20210726
3,88965862,"Midland Credit Management, Inc",2150SC001347,Small Claims,Open,20210726,20210726
4,88965912,"Midland Credit Management, Inc",2150SC001354,Small Claims,Open,20210726,20210726
5,88966050,"Midland Credit Management, Inc",2150SC001387,Small Claims,Open,20210726,20210726
6,88966155,"Midland Credit Management, Inc",2150SC001389,Small Claims,Open,20210726,20210726
7,88966264,"Midland Credit Management, Inc",2150SC001388,Small Claims,Open,20210726,20210726
8,88969010,"Midland Credit Management, Inc",2150SC001410,Small Claims,Open,20210729,20210729
9,88969183,"Midland Credit Management, Inc",2150SC001409,Small Claims,Open,20210729,20210729
10,88979542,"Midland Credit Management, Inc",2206CV000082,Civil,Open,20220307,20220307
11,88985811,"Midland Credit Management, Inc",2239CV000023,Civil,Open,20220301,20220301
12,88985909,"Midland Credit Management, Inc",2239SC000049-EF,Small Claims,Open,20220307,20220307
13,88990223,"Midland Credit Management, Inc",2228SC000074,Small Claims,Open,20220307,20220307
14,88990598,"Midland Credit Management, Inc",2226CV000034,Civil,Open,20220307,20220307
15,6898786,Harvest Credit Management VIII LLC,1161SP000204,Supplementary Process,Disposed (Statistical Purposes),20111003,20111109
16,11801140,Harvest Credit Management VIII LLC,1133SP000204,Supplementary Process,Disposed (Statistical Purposes),20110321,20110630
17,6908725,"Portfolio recovery Associates,LLC assignee of Midland Credit Management assignee of",1420SC000992,Small Claims,Disposed (Statistical Purposes),20141217,20150520
18,7198322,Harvest Credit Management VII LCC,1161SP000219,Supplementary Process,Disposed (Statistical Purposes),20111101,20111228
19,13429330,Harvest Credit Management VII LCC,1065CV000294,Civil,Disposed (Statistical Purposes),20100510,20101001
20,39696627,Harvest Credit Management VII LCC,0943CV000442,Civil,Disposed (Statistical Purposes),20090601,20090812
21,7216892,Harvest Credit. Management V I I L L C,1014CV000470,Civil,Disposed (Statistical Purposes),20100511,20100820
22,7217127,Harvest Credit. Management Vii,1014CV000472,Civil,Disposed (Statistical Purposes),20100511,20140506
23,7217332,Harvest Credit. Management Vii,1014CV000473,Civil,Disposed (Statistical Purposes),20100511,20110124
24,7447301,"Harvest Credit Management Vii, L L C",1026SP000235,Supplementary Process,Disposed (Statistical Purposes),20100809,20110830
25,71054844,"Harvest Credit Management Vii, L L C",1325SP000020,Supplementary Process,Disposed (Statistical Purposes),20130125,20130517
26,7816208,"Harvest Credit Management VI, LLC",1160CV000534,Civil,Disposed (Statistical Purposes),20110705,20110815
27,7837970,"Meredith Management Corporation as Agent for Hillside Village Associates, LP",13H79CV000646,Housing Court Civil,Active,20130808,20130808
28,8089409,"Harvest Credit Management IV, LLC",1257SP000040,Supplementary Process,Disposed (Statistical Purposes),20120201,20121025
29,13073162,"Harvest Credit Management IV, LLC",1232CV001119,Civil,Disposed (Statistical Purposes),20121030,20130501
30,17840844,"Harvest Credit Management IV, LLC",1308CV000053,Civil,Disposed (Statistical Purposes),20130315,20130617
31,20667579,"Harvest Credit Management IV, LLC",0807CV002063,Civil,Disposed (Statistical Purposes),20081208,20090316
32,23628663,"Harvest Credit Management IV, LLC",0848CV000759,Civil,Disposed (Statistical Purposes),20081208,20090202
33,29400417,"Harvest Credit Management IV, LLC",0869CV000634,Civil,Disposed (Statistical Purposes),20081014,20081218
34,52412025,"Harvest Credit Management IV, LLC",0962CV000722,Civil,Disposed (Statistical Purposes),20090224,20090520
35,57605516,"Harvest Credit Management IV, LLC",0832CV002497,Civil,Disposed (Statistical Purposes),20081210,20090312
36,59841979,"Harvest Credit Management IV, LLC",1604CV000043,Civil,Pending,20160912,20160912
37,67425296,"Harvest Credit Management IV, LLC",1633CV000556,Civil,Pending,20160829,20160830
38,8090604,"Harvard Credit Management Vii, Llc",1068SP000023,Supplementary Process,Disposed (Statistical Purposes),20100127,20100322
39,38229711,"Harvard Credit Management Vii, Llc",0653CV001082,Civil,Disposed (Statistical Purposes),20060825,20061019
40,8509692,Franklin Credit Management Corporation,1312CV000307,Civil,Disposed (Statistical Purposes),20131022,20131113
41,20134148,Franklin Credit Management Corporation,0807SU000276,Summary Process,Disposed (Statistical Purposes),20080523,20080606
42,21860403,Franklin Credit Management Corporation,1507CV000224,Civil,Disposed (Statistical Purposes),20150327,20150803
43,38857172,Franklin Credit Management Corporation,0926SU000065,Summary Process,Disposed (Statistical Purposes),20090427,20090508
44,41107362,Franklin Credit Management Corporation,08H84SP000485,Housing Court Summary Process,Active,20080211,20080211
45,44458959,Franklin Credit Management Corporation,08 MISC 381916,Servicemembers,Closed,20080710,20150211
46,50252659,Franklin Credit Management Corporation,07 MISC 351547,Servicemembers,Closed,20070706,20070918
47,53241271,Franklin Credit Management Corporation,07 MISC 344984,Servicemembers,Closed,20070409,20070619
48,53330546,Franklin Credit Management Corporation,07 MISC 345692,Servicemembers,Closed,20070419,20070703
49,53330595,Franklin Credit Management Corporation,07 MISC 345688,Servicemembers,Closed,20070419,20070816
0,53723360,Franklin Credit Management Corporation,07 MISC 346919,Servicemembers,Closed,20070508,20150211
1,53729533,Franklin Credit Management Corporation,07 MISC 347177,Servicemembers,Closed,20070510,20150211
2,53738411,Franklin Credit Management Corporation,07 MISC 347183,Servicemembers,Closed,20070510,20070717
3,56190184,Franklin Credit Management Corporation,07 MISC 341801,Servicemembers,Closed,20070226,20150211
4,56215512,Franklin Credit Management Corporation,07 MISC 362916,Servicemembers,Closed,20071105,20150211
5,56573295,Franklin Credit Management Corporation,07 MISC 342211,Servicemembers,Closed,20070301,20070711
6,60342078,Franklin Credit Management Corporation,07 MISC 348250,Servicemembers,Closed,20070524,20150211
7,60577965,Franklin Credit Management Corporation,07 MISC 348987,Servicemembers,Closed,20070605,20071121
8,62115016,Franklin Credit Management Corporation,08 MISC 387903,Servicemembers,Closed,20081103,20150211
9,62236951,Franklin Credit Management Corporation,06 MISC 330979,Servicemembers,Closed,20061002,20061114
10,63749313,Franklin Credit Management Corporation,0785CV02632,Contract / Business Cases,Closed,20071219,20091002
11,64264745,Franklin Credit Management Corporation,0777CV00489,Contract / Business Cases,Open,20070312,20080110
12,64884862,Franklin Credit Management Corporation,0983CV00751,Contract / Business Cases,Open,20090619,20090619
13,64974661,Franklin Credit Management Corporation,0782CV01705,Contract / Business Cases,Closed,20071004,20080111
14,65114949,Franklin Credit Management Corporation,0679CV01092,Contract / Business Cases,Closed,20061124,20080212
15,65600596,Franklin Credit Management Corporation,0785CV00452,Contract / Business Cases,Closed,20070309,20120612
16,66549845,Franklin Credit Management Corporation,0883CV00979,Contract / Business Cases,Closed,20080724,20090402
17,66676411,Franklin Credit Management Corporation,0782CV00049,Contract / Business Cases,Open,20070109,20080730
18,67029084,Franklin Credit Management Corporation,0979CV00613,Contract / Business Cases,Closed,20090619,20090623
19,67069609,Franklin Credit Management Corporation,0884CV00312,Contract / Business Cases,Closed,20080118,20080410
20,67444366,Franklin Credit Management Corporation,0884CV00902,Contract / Business Cases,Closed,20080226,20090130
21,67449431,Franklin Credit Management Corporation,0877CV01423,Contract / Business Cases,Closed,20080718,20090205
22,67656422,Franklin Credit Management Corporation,0981CV02321,Contract / Business Cases,Closed,20090616,20091027
23,67657562,Franklin Credit Management Corporation,0773CV00675,Contract / Business Cases,Closed,20070510,20070827
24,68111878,Franklin Credit Management Corporation,0773CV00745,Contract / Business Cases,Closed,20070525,20071003
25,68464466,Franklin Credit Management Corporation,0673CV01439,Contract / Business Cases,Closed,20061120,20070102
26,68490696,Franklin Credit Management Corporation,0673CV01424,Contract / Business Cases,Closed,20061117,20070410
27,68515018,Franklin Credit Management Corporation,0879CV00750,Contract / Business Cases,Closed,20080805,20110211
28,68541819,Franklin Credit Management Corporation,0777CV01949,Contract / Business Cases,Open,20071017,20100820
29,69004919,Franklin Credit Management Corporation,0881CV02757,Contract / Business Cases,Closed,20080721,20090703
30,69185730,Franklin Credit Management Corporation,0881CV03229,Administrative Civil Actions,Closed,20080826,20100413
31,69323784,Franklin Credit Management Corporation,0985CV00363,Contract / Business Cases,Closed,20090212,20140407
32,69480457,Franklin Credit Management Corporation,0777CV02259,Contract / Business Cases,Open,20071128,20080627
33,69512320,Franklin Credit Management Corporation,0781CV04716,Contract / Business Cases,Closed,20071204,20090224
34,69605045,Franklin Credit Management Corporation,0781CV04637,Contract / Business Cases,Closed,20071128,20090529
35,69843255,Franklin Credit Management Corporation,0781CV04414,Contract / Business Cases,Closed,20071109,20080324
36,69844528,Franklin Credit Management Corporation,0781CV04415,Contract / Business Cases,Open,20071109,20080514
37,69844845,Franklin Credit Management Corporation,0781CV04417,Contract / Business Cases,Closed,20071109,20080225
38,70536518,Franklin Credit Management Corporation,07 MISC 339054,Servicemembers,Closed,20070122,20070412
39,70611284,Franklin Credit Management Corporation,0881CV00273,Contract / Business Cases,Closed,20080117,20080418
40,70735103,Franklin Credit Management Corporation,08 MISC 381596,Servicemembers,Closed,20080616,20081112
41,70814585,Franklin Credit Management Corporation,0782CV01799,Contract / Business Cases,Closed,20071017,20080701
42,71056831,Franklin Credit Management Corporation,0783CV01333,Contract / Business Cases,Closed,20071017,20080325
43,71179535,Franklin Credit Management Corporation,0783CV01597,Contract / Business Cases,Open,20071204,20090203
44,71595972,Franklin Credit Management Corporation,1583CV00294,Contract / Business Cases,Open,20150330,20150424
45,71930765,Franklin Credit Management Corporation,1677CV00930,Contract / Business Cases,Closed,20160620,20160930
46,72166075,Franklin Credit Management Corporation,1677CV01188,Contract / Business Cases,Open,20160728,20160728
47,73236329,Franklin Credit Management Corporation,13H83SP01653BR,Housing Court Summary Process,Active,20130422,20130422
48,74149372,Franklin Credit Management Corporation,0984CV02515,Contract / Business Cases,Closed,20090616,20090901
49,75837126,Franklin Credit Management Corporation,0884CV03372,Contract / Business Cases,Closed,20080729,20090318
0,75863308,Franklin Credit Management Corporation,0977CV01099,Contract / Business Cases,Closed,20090615,20090918
1,76092471,Franklin Credit Management Corporation,0884CV03182,Contract / Business Cases,Closed,20080717,20090821
2,76099058,Franklin Credit Management Corporation,0884CV03168,Contract / Business Cases,Closed,20080717,20110420
3,76158075,Franklin Credit Management Corporation,07 MISC 339052,Servicemembers,Closed,20070122,20080729
4,77061766,Franklin Credit Management Corporation,07 MISC 345690,Servicemembers,Closed,20070419,20070705
5,77063527,Franklin Credit Management Corporation,07 MISC 345938,Servicemembers,Closed,20070423,20070725
6,77067522,Franklin Credit Management Corporation,07 MISC 358209,Servicemembers,Closed,20070917,20080115
7,77756736,Franklin Credit Management Corporation,1784CV01874,Administrative Civil Actions,Open,20170616,20170616
8,78210963,Franklin Credit Management Corporation,07 MISC 343111,Servicemembers,Closed,20070314,20070712
9,79800362,Franklin Credit Management Corporation,1753CV000782,Civil,Open,20171116,20171116
10,83059688,Franklin Credit Management Corporation,17 SM 004424,Servicemembers,Closed,20170515,20180516
11,8528586,Harvest Credit Management V I I Llc Assignee,1115SP000784,Supplementary Process,Disposed (Statistical Purposes),20110705,20110902
12,8603297,"Harvest Credit Management, Vii`",1025SP002267,Supplementary Process,Disposed (Statistical Purposes),20101206,20110222
13,8676624,Harvest Credit Management Vil LLC,1133CV001166,Civil,Disposed (Statistical Purposes),20110926,20111108
14,8689209,Harvest Credit Management Metris-Direct Merchant Bk,1264CV000634,Civil,Disposed (Statistical Purposes),20121203,20130812
15,8998409,"Harvest Credit Management VII, Inc.",1169CV000468,Civil,Disposed (Statistical Purposes),20110926,20120504
16,9001639,Harvest Credit Management Vii Lc,1036SP000200,Supplementary Process,Disposed (Statistical Purposes),20100402,20100527
17,9025102,Harvest Credit Management/Metris Direct Merchants,1126SP000068,Supplementary Process,Disposed (Statistical Purposes),20110323,20110609
18,9101088,"Harvest Credit Management V11,LLC",1127SC001145,Small Claims,Disposed (Statistical Purposes),20111031,20111222
19,9895328,"Vantium REO Capital Markets, L.P. c/o Franklin Credit Management Corporation",11H79SP004909,Housing Court Summary Process,Active,20111110,20111110
20,10020445,Harvest Credit Management Viii,1032SP000983,Supplementary Process,Disposed (Statistical Purposes),20101108,20101124
21,36569092,Harvest Credit Management Viii,0910CV000362,Civil,Disposed (Statistical Purposes),20090309,20090821
22,38198893,Harvest Credit Management Viii,0970CV000259,Civil,Disposed (Statistical Purposes),20090929,20091217
23,24814201,Midland Credit Management Inc,0747CV000042,Civil,Disposed (Statistical Purposes),20070122,20070615
24,24814781,Midland Credit Management Inc,0747CV000052,Civil,Disposed (Statistical Purposes),20070123,20070615
25,24828698,Midland Credit Management Inc,0747CV000053,Civil,Disposed (Statistical Purposes),20070123,20070615
26,26919430,Midland Credit Management Inc,0647CV000548,Civil,Disposed (Statistical Purposes),20061206,20070423
27,27341744,Midland Credit Management Inc,0654CV001335,Civil,Disposed (Statistical Purposes),20061218,20071017
28,29783190,Midland Credit Management Inc,0711CV000288,Civil,Disposed (Statistical Purposes),20070129,20071002
29,30921595,Midland Credit Management Inc,0750CV000276,Civil,Disposed (Statistical Purposes),20070212,20070514
30,30923929,Midland Credit Management Inc,0750CV000277,Civil,Disposed (Statistical Purposes),20070212,20070514
31,30931416,Midland Credit Management Inc,0750CV000275,Civil,Disposed (Statistical Purposes),20070212,20070514
32,30942042,Midland Credit Management Inc,0750CV000272,Civil,Disposed (Statistical Purposes),20070212,20070514
33,30975025,Midland Credit Management Inc,0650SP000282,Supplementary Process,Disposed (Statistical Purposes),20060428,20060911
34,31428627,Midland Credit Management Inc,0721CV000044,Civil,Disposed (Statistical Purposes),20070123,20070718
35,33620832,Midland Credit Management Inc,0742CV000014,Civil,Disposed (Statistical Purposes),20070123,20070523
36,40123909,Midland Credit Management Inc,0657SP000093,Supplementary Process,Disposed (Statistical Purposes),20060418,20060418
37,53262731,Midland Credit Management Inc,0713SC000344,Small Claims,Disposed (Statistical Purposes),20070212,20070410
38,54447431,Midland Credit Management Inc,0756CV000224,Civil,Disposed (Statistical Purposes),20070123,20070521
39,54450705,Midland Credit Management Inc,0756CV000225,Civil,Disposed (Statistical Purposes),20070123,20070521
40,65308155,Midland Credit Management Inc,0785CV00715,Administrative Civil Actions,Closed,20070413,20071204
41,68389463,Midland Credit Management Inc,0784CV03510,Administrative Civil Actions,Closed,20070810,20071228
42,68684711,Midland Credit Management Inc,0601CV006287,Civil,Closed,20061228,20061228
43,77467837,Midland Credit Management Inc,2267SC000047,Small Claims,Open,20220207,20220207
44,77468260,Midland Credit Management Inc,2267SC000046,Small Claims,Open,20220207,20220207
45,77469576,Midland Credit Management Inc,2129SC000031,Small Claims,Disposed (Statistical Purposes),20210208,20210330
46,77472174,Midland Credit Management Inc,2031SC001107,Small Claims,Open,20200914,20200914
47,77475268,Midland Credit Management Inc,2031SC001124,Small Claims,Disposed (Statistical Purposes),20200917,20210830
48,77475512,Midland Credit Management Inc,2031SC001120,Small Claims,Disposed (Statistical Purposes),20200917,20210512
49,77475833,Midland Credit Management Inc,2031SC001122,Small Claims,Disposed (Statistical Purposes),20200917,20210512
0,77475932,Midland Credit Management Inc,2031SC001121,Small Claims,Disposed (Statistical Purposes),20200917,20210512
1,77476271,Midland Credit Management Inc,2031SC001123,Small Claims,Disposed (Statistical Purposes),20200917,20210914
2,77476609,Midland Credit Management Inc,2031SC001125,Small Claims,Disposed (Statistical Purposes),20200917,20211213
3,77478534,Midland Credit Management Inc,2156CV001376,Civil,Open,20210921,20210921
4,77480256,Midland Credit Management Inc,2156CV001377,Civil,Disposed (Statistical Purposes),20210924,20211216
5,77485016,Midland Credit Management Inc,2051SC000230,Small Claims,Disposed (Statistical Purposes),20200325,20201228
6,77485048,Midland Credit Management Inc,2031SC001196,Small Claims,Open,20200928,20200928
7,77485313,Midland Credit Management Inc,2031SC001195,Small Claims,Disposed (Statistical Purposes),20200928,20210223
8,77485342,Midland Credit Management Inc,2156CV001385,Civil,Open,20210927,20210927
9,77485440,Midland Credit Management Inc,2031SC001188,Small Claims,Disposed (Statistical Purposes),20200928,20210512
10,77485578,Midland Credit Management Inc,2031SC001194,Small Claims,Open,20200928,20200928
11,77485776,Midland Credit Management Inc,2031SC001189,Small Claims,Disposed (Statistical Purposes),20200928,20210621
12,77486537,Midland Credit Management Inc,2051SC000229,Small Claims,Disposed (Statistical Purposes),20200325,20201228
13,77495317,Midland Credit Management Inc,2156CV001423,Civil,Open,20211005,20211005
14,77495478,Midland Credit Management Inc,2156CV001422,Civil,Open,20211005,20211005
15,77496476,Midland Credit Management Inc,2156CV001428,Civil,Open,20211005,20211005
16,77496855,Midland Credit Management Inc,2156CV001424,Civil,Open,20211005,20211005
17,77497875,Midland Credit Management Inc,2156CV001426,Civil,Open,20211005,20211005
18,77500752,Midland Credit Management Inc,2156CV001425,Civil,Open,20211007,20211007
19,77500933,Midland Credit Management Inc,2156CV001427,Civil,Disposed (Statistical Purposes),20211008,20220111
20,77501176,Midland Credit Management Inc,2156CV001429,Civil,Open,20211007,20211007
21,77501348,Midland Credit Management Inc,2156CV001430,Civil,Open,20211008,20211008
22,77502781,Midland Credit Management Inc,2156CV000650,Civil,Open,20210406,20210406
23,77514484,Midland Credit Management Inc,2031SC001309,Small Claims,Open,20201030,20201030
24,77517742,Midland Credit Management Inc,2031SC001327,Small Claims,Disposed (Statistical Purposes),20201102,20210512
25,77518503,Midland Credit Management Inc,2031SC001333,Small Claims,Disposed (Statistical Purposes),20201103,20210512
26,77518584,Midland Credit Management Inc,2031SC001334,Small Claims,Disposed (Statistical Purposes),20201103,20210512
27,77519085,Midland Credit Management Inc,2031SC001339,Small Claims,Disposed (Statistical Purposes),20201103,20211115
28,77519456,Midland Credit Management Inc,2031SC001330,Small Claims,Disposed (Statistical Purposes),20201103,20210512
29,77519721,Midland Credit Management Inc,2031SC001328,Small Claims,Disposed (Statistical Purposes),20201102,20210512
30,77519861,Midland Credit Management Inc,2031SC001340,Small Claims,Disposed (Statistical Purposes),20201103,20210511
31,77519975,Midland Credit Management Inc,2031SC001332,Small Claims,Disposed (Statistical Purposes),20201103,20210512
32,77520038,Midland Credit Management Inc,2031SC001335,Small Claims,Disposed (Statistical Purposes),20201103,20210211
33,77533703,Midland Credit Management Inc,2156CV000789,Civil,Open,20210503,20210503
34,77578763,Midland Credit Management Inc,2067SC000134,Small Claims,Disposed (Statistical Purposes),20200302,20200928
35,77696361,Midland Credit Management Inc,2141SC000266,Small Claims,Open,20210702,20210702
36,77698883,Midland Credit Management Inc,2141SC000271,Small Claims,Open,20210707,20210707
37,77698969,Midland Credit Management Inc,2141SC000273,Small Claims,Open,20210707,20210707
38,77779989,Midland Credit Management Inc,2161SC000362,Small Claims,Disposed (Statistical Purposes),20210526,20211102
39,77781267,Midland Credit Management Inc,2161SC000360,Small Claims,Disposed (Statistical Purposes),20210526,20211102
40,77786117,Midland Credit Management Inc,2161SC000465,Small Claims,Disposed (Statistical Purposes),20210629,20220208
41,77786165,Midland Credit Management Inc,2161SC000464,Small Claims,Disposed (Statistical Purposes),20210629,20211026
42,77789954,Midland Credit Management Inc,2161SC000475,Small Claims,Disposed (Statistical Purposes),20210701,20211228
43,77790111,Midland Credit Management Inc,2161SC000477,Small Claims,Open,20210702,20210702
44,77791288,Midland Credit Management Inc,2161SC000474,Small Claims,Disposed (Statistical Purposes),20210701,20211025
45,77801096,Midland Credit Management Inc,2161SC000375,Small Claims,Disposed (Statistical Purposes),20210602,20211109
46,77801123,Midland Credit Management Inc,2161SC000374,Small Claims,Disposed (Statistical Purposes),20210602,20211109
47,77801247,Midland Credit Management Inc,2161SC000388,Small Claims,Open,20210603,20210603
48,77801380,Midland Credit Management Inc,2161SC000373,Small Claims,Disposed (Statistical Purposes),20210602,20211109
49,77801837,Midland Credit Management Inc,2161SC000371,Small Claims,Disposed (Statistical Purposes),20210602,20211109
0,77803383,Midland Credit Management Inc,2161SC000387,Small Claims,Open,20210603,20210603
1,77804004,Midland Credit Management Inc,2161SC000376,Small Claims,Disposed (Statistical Purposes),20210602,20220215
2,77818181,Midland Credit Management Inc,2161SC000501,Small Claims,Disposed (Statistical Purposes),20210714,20211116
3,77818840,Midland Credit Management Inc,2138SC000686,Small Claims,Open,20210727,20210727
4,77826268,Midland Credit Management Inc,2138SC000691,Small Claims,Open,20210728,20210728
5,77828103,Midland Credit Management Inc,2138SC000690,Small Claims,Open,20210728,20210728
6,77828124,Midland Credit Management Inc,2138SC000692,Small Claims,Open,20210728,20210728
7,77828812,Midland Credit Management Inc,2111SC001369,Small Claims,Open,20210524,20210524
8,77828895,Midland Credit Management Inc,2111SC001391,Small Claims,Open,20210524,20210524
9,77829047,Midland Credit Management Inc,2111SC001375,Small Claims,Open,20210524,20210524
10,77830008,Midland Credit Management Inc,2111SC001359,Small Claims,Open,20210524,20210524
11,77831045,Midland Credit Management Inc,2111SC001365,Small Claims,Open,20210524,20210524
12,77831237,Midland Credit Management Inc,2111SC001389,Small Claims,Open,20210524,20210524
13,77832679,Midland Credit Management Inc,2111SC001394,Small Claims,Open,20210524,20210524
14,77832709,Midland Credit Management Inc,2111SC001357,Small Claims,Open,20210524,20210524
15,77832808,Midland Credit Management Inc,2111SC001367,Small Claims,Open,20210524,20210524
16,77833563,Midland Credit Management Inc,2111SC001371,Small Claims,Open,20210524,20210524
17,77833889,Midland Credit Management Inc,2111SC001374,Small Claims,Open,20210524,20210524
18,77854848,Midland Credit Management Inc,2161SC000542,Small Claims,Open,20210727,20210727
19,77858847,Midland Credit Management Inc,2111SC001765,Small Claims,Open,20210628,20210628
20,77859250,Midland Credit Management Inc,2161SC000549,Small Claims,Disposed (Statistical Purposes),20210728,20220111
21,77859332,Midland Credit Management Inc,2161SC000548,Small Claims,Disposed (Statistical Purposes),20210728,20211130
22,77859976,Midland Credit Management Inc,2111SC001769,Small Claims,Open,20210628,20210628
23,77862463,Midland Credit Management Inc,2161SC000550,Small Claims,Disposed (Statistical Purposes),20210728,20211130
24,77866873,Midland Credit Management Inc,2111SC001775,Small Claims,Open,20210628,20210628
25,77867275,Midland Credit Management Inc,2161SC000560,Small Claims,Disposed (Statistical Purposes),20210730,20211130
26,77867424,Midland Credit Management Inc,2111SC001772,Small Claims,Open,20210628,20210628
27,77874785,Midland Credit Management Inc,2111SC001824,Small Claims,Open,20210701,20210701
28,77875654,Midland Credit Management Inc,2111SC001821,Small Claims,Open,20210701,20210701
29,77876240,Midland Credit Management Inc,2111SC001823,Small Claims,Open,20210701,20210701
30,77878327,Midland Credit Management Inc,2111SC001822,Small Claims,Open,20210701,20210701
31,77880933,Midland Credit Management Inc,2161SC000572,Small Claims,Disposed (Statistical Purposes),20210804,20211130
32,77883962,Midland Credit Management Inc,2111SC001851,Small Claims,Open,20210702,20210702
33,77885243,Midland Credit Management Inc,2111SC001856,Small Claims,Open,20210702,20210702
34,77886199,Midland Credit Management Inc,2111SC001850,Small Claims,Open,20210702,20210702
35,77886242,Midland Credit Management Inc,2111SC001874,Small Claims,Open,20210702,20210702
36,77886325,Midland Credit Management Inc,2111SC001849,Small Claims,Open,20210702,20210702
37,77886384,Midland Credit Management Inc,2111SC001873,Small Claims,Open,20210702,20210702
38,77886512,Midland Credit Management Inc,2111SC001862,Small Claims,Open,20210702,20210702
39,77886929,Midland Credit Management Inc,2111SC001885,Small Claims,Open,20210702,20210702
40,77887114,Midland Credit Management Inc,2111SC001854,Small Claims,Open,20210702,20210702
41,77887675,Midland Credit Management Inc,2111SC001883,Small Claims,Open,20210702,20210702
42,77888052,Midland Credit Management Inc,2111SC001859,Small Claims,Open,20210702,20210702
43,77894524,Midland Credit Management Inc,2111SC001888,Small Claims,Open,20210706,20210706
44,77894626,Midland Credit Management Inc,2111SC001896,Small Claims,Open,20210706,20210706
45,77895076,Midland Credit Management Inc,2111SC001893,Small Claims,Open,20210706,20210706
46,77895204,Midland Credit Management Inc,2111SC001891,Small Claims,Open,20210706,20210706
47,77905515,Midland Credit Management Inc,2111SC001937,Small Claims,Open,20210709,20210709
48,77913456,Midland Credit Management Inc,2111SC001963,Small Claims,Open,20210712,20210712
49,77914025,Midland Credit Management Inc,2111SC001961,Small Claims,Open,20210712,20210712
0,77914296,Midland Credit Management Inc,2111SC001958,Small Claims,Open,20210712,20210712
1,77914481,Midland Credit Management Inc,2111SC001967,Small Claims,Open,20210712,20210712
2,77916082,Midland Credit Management Inc,2111SC001953,Small Claims,Open,20210712,20210712
3,77920323,Midland Credit Management Inc,2111SC001956,Small Claims,Open,20210712,20210712
4,77941326,Midland Credit Management Inc,2111SC002025,Small Claims,Open,20210719,20210719
5,77944007,Midland Credit Management Inc,2111SC002016,Small Claims,Open,20210719,20210719
6,77960832,Midland Credit Management Inc,2111SC002070,Small Claims,Open,20210726,20210726
7,77961868,Midland Credit Management Inc,2111SC002072,Small Claims,Open,20210726,20210726
8,77978402,Midland Credit Management Inc,2111SC001764,Small Claims,Open,20210628,20210628
9,77978486,Midland Credit Management Inc,2111SC001767,Small Claims,Open,20210628,20210628
10,78011472,Midland Credit Management Inc,2166SC000432,Small Claims,Disposed (Statistical Purposes),20210810,20220208
11,80023056,Midland Credit Management Inc,1902SC000814EF,Small Claims,Disposed (Statistical Purposes),20191223,20210409
12,80165324,Midland Credit Management Inc,2204CV000001,Civil,Open,20220103,20220103
13,80205920,Midland Credit Management Inc,2125SC000952,Small Claims,Open,20210816,20210816
14,80207976,Midland Credit Management Inc,2125SC000951,Small Claims,Open,20210816,20210816
15,80210188,Midland Credit Management Inc,2015CV000598,Civil,Disposed (Statistical Purposes),20200803,20210616
16,80210825,Midland Credit Management Inc,2125SC000950,Small Claims,Open,20210816,20210816
17,80260524,Midland Credit Management Inc,1905SC000685,Small Claims,Disposed (Statistical Purposes),20191224,20200303
18,80267202,Midland Credit Management Inc,2015SC000888,Small Claims,Disposed (Statistical Purposes),20200311,20211028
19,80270091,Midland Credit Management Inc,2015SC000890,Small Claims,Disposed (Statistical Purposes),20200311,20211028
20,80296227,Midland Credit Management Inc,2125SC000125,Small Claims,Open,20210209,20210209
21,80304291,Midland Credit Management Inc,2125SC000133,Small Claims,Disposed (Statistical Purposes),20210209,20210803
22,80321615,Midland Credit Management Inc,2125SC000159,Small Claims,Open,20210211,20210211
23,80338930,Midland Credit Management Inc,2034SC000446,Small Claims,Open,20200319,20200319
24,80352335,Midland Credit Management Inc,2125SC000177,Small Claims,Open,20210212,20210212
25,80426816,Midland Credit Management Inc,2125SC000341,Small Claims,Disposed (Statistical Purposes),20210324,20210928
26,80580679,Midland Credit Management Inc,2114SC000450,Small Claims,Open,20210427,20210427
27,80652954,Midland Credit Management Inc,2015SC001088,Small Claims,Disposed (Statistical Purposes),20200602,20211020
28,80661974,Midland Credit Management Inc,2015SC000345,Small Claims,Open,20200127,20200127
29,80716694,Midland Credit Management Inc,2114SC000387,Small Claims,Open,20210412,20210412
30,80717775,Midland Credit Management Inc,2114SC000385,Small Claims,Open,20210412,20210412
31,80718107,Midland Credit Management Inc,2015SC001114,Small Claims,Open,20200608,20200608
32,80756993,Midland Credit Management Inc,2015SC000388,Small Claims,Suspended-Notices sent Covid-19,20200130,20200427
33,80781680,Midland Credit Management Inc,2015SC001129,Small Claims,Open,20200612,20200612
34,80828079,Midland Credit Management Inc,1915SC003657,Small Claims,Closed,20191219,20200702
35,80854509,Midland Credit Management Inc,2015SC000437,Small Claims,Disposed (Statistical Purposes),20200204,20211022
36,80857834,Midland Credit Management Inc,2015SC000430,Small Claims,Disposed (Statistical Purposes),20200204,20211014
37,80868826,Midland Credit Management Inc,2015SC000439,Small Claims,Disposed (Statistical Purposes),20200204,20200515
38,80973842,Midland Credit Management Inc,2154CV000539,Civil,Disposed (Statistical Purposes),20211008,20220126
39,80980989,Midland Credit Management Inc,2025SC000592,Small Claims,Open,20200828,20200828
40,81034339,Midland Credit Management Inc,2020SC000499,Small Claims,Disposed (Statistical Purposes),20200819,20220110
41,81074149,Midland Credit Management Inc,2020SC000503,Small Claims,Disposed (Statistical Purposes),20200824,20220120
42,81074598,Midland Credit Management Inc,2020SC000501,Small Claims,Disposed (Statistical Purposes),20200824,20220111
43,81077397,Midland Credit Management Inc,2020SC000533,Small Claims,Open,20200825,20200825
44,81172874,Midland Credit Management Inc,2005SC000533,Small Claims,Disposed (Statistical Purposes),20201224,20210910
45,81185809,Midland Credit Management Inc,2035SC000102,Small Claims,Closed,20200911,20210803
46,81232510,Midland Credit Management Inc,2020SC000524,Small Claims,Open,20200908,20200908
47,81361211,Midland Credit Management Inc,2161SC000822,Small Claims,Open,20211119,20211119
48,81361260,Midland Credit Management Inc,2161SC000824,Small Claims,Open,20211119,20211119
49,81367290,Midland Credit Management Inc,2161SC000828,Small Claims,Open,20211119,20211119
0,81390742,Midland Credit Management Inc,2014SC000257,Small Claims,Disposed (Statistical Purposes),20200205,20200609
1,81398792,Midland Credit Management Inc,2138SC000079,Small Claims,Open,20210205,20210205
2,81427065,Midland Credit Management Inc,2161SC000846,Small Claims,Open,20211201,20211201
3,81431638,Midland Credit Management Inc,2020SC000508,Small Claims,Open,20200921,20200921
4,81445722,Midland Credit Management Inc,2161SC000855,Small Claims,Open,20211203,20211203
5,81448969,Midland Credit Management Inc,2161SC000854,Small Claims,Open,20211203,20211203
6,81471897,Midland Credit Management Inc,2122SC000713,Small Claims,Open,20211227,20211227
7,81505810,Midland Credit Management Inc,2111SC003471,Small Claims,Open,20211208,20211208
8,81506808,Midland Credit Management Inc,2111SC003490,Small Claims,Open,20211208,20211208
9,81512290,Midland Credit Management Inc,2111SC003467,Small Claims,Open,20211208,20211208
10,81517735,Midland Credit Management Inc,2111SC003542,Small Claims,Open,20211209,20211209
11,81524263,Midland Credit Management Inc,1998SC000662EF,Small Claims,Disposed (Statistical Purposes),20191219,20200706
12,81527881,Midland Credit Management Inc,2111SC003474,Small Claims,Open,20211208,20211208
13,81537191,Midland Credit Management Inc,2111SC000491,Small Claims,Open,20210301,20210301
14,81537517,Midland Credit Management Inc,2041SC000041,Small Claims,Disposed (Statistical Purposes),20200127,20210719
15,81545113,Midland Credit Management Inc,2111SC000489,Small Claims,Open,20210301,20210301
16,81560025,Midland Credit Management Inc,2111SC000533,Small Claims,Open,20210302,20210302
17,81560187,Midland Credit Management Inc,2111SC000544,Small Claims,Open,20210302,20210302
18,81560444,Midland Credit Management Inc,2111SC000581,Small Claims,Open,20210303,20210303
19,81561955,Midland Credit Management Inc,2111SC000562,Small Claims,Open,20210302,20210302
20,81564276,Midland Credit Management Inc,2111SC000541,Small Claims,Open,20210302,20210302
21,81568086,Midland Credit Management Inc,2111SC000539,Small Claims,Open,20210302,20210302
22,81568525,Midland Credit Management Inc,2111SC000584,Small Claims,Open,20210303,20210303
23,81568968,Midland Credit Management Inc,2111SC000532,Small Claims,Open,20210302,20210302
24,81571533,Midland Credit Management Inc,2011SC001628,Small Claims,Open,20200914,20200914
25,81577293,Midland Credit Management Inc,2111SC000568,Small Claims,Open,20210302,20210302
26,81578178,Midland Credit Management Inc,2111SC000582,Small Claims,Open,20210303,20210303
27,81578644,Midland Credit Management Inc,2111SC000537,Small Claims,Open,20210302,20210302
28,81578996,Midland Credit Management Inc,2111SC000583,Small Claims,Open,20210303,20210303
29,81579329,Midland Credit Management Inc,2111SC000529,Small Claims,Open,20210302,20210302
30,81581088,Midland Credit Management Inc,2111SC002595,Small Claims,Open,20210916,20210916
31,81581188,Midland Credit Management Inc,2111SC000564,Small Claims,Open,20210302,20210302
32,81581634,Midland Credit Management Inc,2111SC002608,Small Claims,Open,20210916,20210916
33,81583811,Midland Credit Management Inc,2111SC000547,Small Claims,Open,20210302,20210302
34,81583876,Midland Credit Management Inc,2111SC002610,Small Claims,Open,20210916,20210916
35,81583934,Midland Credit Management Inc,2111SC000531,Small Claims,Open,20210302,20210302
36,81584470,Midland Credit Management Inc,2111SC000530,Small Claims,Open,20210302,20210302
37,81585080,Midland Credit Management Inc,2111SC002614,Small Claims,Open,20210916,20210916
38,81585505,Midland Credit Management Inc,2111SC002597,Small Claims,Open,20210916,20210916
39,81586013,Midland Credit Management Inc,2111SC000535,Small Claims,Open,20210302,20210302
40,81586658,Midland Credit Management Inc,2111SC000542,Small Claims,Open,20210302,20210302
41,81586792,Midland Credit Management Inc,2111SC000536,Small Claims,Open,20210302,20210302
42,81590374,Midland Credit Management Inc,2111SC002592,Small Claims,Open,20210916,20210916
43,81590729,Midland Credit Management Inc,2111SC000534,Small Claims,Open,20210302,20210302
44,81620189,Midland Credit Management Inc,2033SC000947,Small Claims,Disposed (Statistical Purposes),20200319,20211013
45,81625202,Midland Credit Management Inc,2063SC000120,Small Claims,Disposed (Statistical Purposes),20200323,20210823
46,81627199,Midland Credit Management Inc,2063SC000119,Small Claims,Disposed (Statistical Purposes),20200323,20201008
47,81633041,Midland Credit Management Inc,2150SC000142,Small Claims,Disposed (Statistical Purposes),20210209,20211217
48,81650722,Midland Credit Management Inc,2061SC000635,Small Claims,Disposed (Statistical Purposes),20200904,20210421
49,81678178,Midland Credit Management Inc,2033SC000789,Small Claims,Suspended Covid 19 extended,20200310,20200310
0,81702159,Midland Credit Management Inc,2011SC001681,Small Claims,Open,20200921,20200921
1,81711639,Midland Credit Management Inc,2149CV000547,Civil,Open,20211220,20211220
2,81736833,Midland Credit Management Inc,2161SC000068,Small Claims,Disposed (Statistical Purposes),20210203,20210810
3,81737415,Midland Credit Management Inc,2161SC000056,Small Claims,Disposed (Statistical Purposes),20210202,20210810
4,81738148,Midland Credit Management Inc,2161SC000057,Small Claims,Disposed (Statistical Purposes),20210202,20210819
5,81738854,Midland Credit Management Inc,2161SC000066,Small Claims,Disposed (Statistical Purposes),20210203,20210810
6,81742972,Midland Credit Management Inc,2161SC000067,Small Claims,Disposed (Statistical Purposes),20210203,20210810
7,81744066,Midland Credit Management Inc,2161SC000069,Small Claims,Disposed (Statistical Purposes),20210203,20210823
8,81811290,Midland Credit Management Inc,2087SC000142,Small Claims,Closed,20201230,20210329
9,81870109,Midland Credit Management Inc,2141SC000111,Small Claims,Open,20210322,20210322
10,81875435,Midland Credit Management Inc,2141SC000113,Small Claims,Open,20210322,20210322
11,81875794,Midland Credit Management Inc,2111SC003353,Small Claims,Open,20211122,20211122
12,81888032,Midland Credit Management Inc,2111SC003338,Small Claims,Open,20211119,20211119
13,81893411,Midland Credit Management Inc,2111SC002684,Small Claims,Open,20210923,20210923
14,81904753,Midland Credit Management Inc,2111SC003339,Small Claims,Open,20211119,20211119
15,81904977,Midland Credit Management Inc,2141SC000128,Small Claims,Open,20210401,20210401
16,81908156,Midland Credit Management Inc,2141SC000127,Small Claims,Open,20210401,20210401
17,81909284,Midland Credit Management Inc,2141SC000132,Small Claims,Open,20210402,20210402
18,81910973,Midland Credit Management Inc,2111SC003354,Small Claims,Open,20211122,20211122
19,81911497,Midland Credit Management Inc,2141SC000129,Small Claims,Open,20210401,20210401
20,81912226,Midland Credit Management Inc,2141SC000130,Small Claims,Open,20210401,20210401
21,81918067,Midland Credit Management Inc,2011SC001109,Small Claims,Open,20200702,20200702
22,81924247,Midland Credit Management Inc,2011SC001018,Small Claims,Open,20200626,20200626
23,81924964,Midland Credit Management Inc,2011SC001023,Small Claims,Open,20200626,20200626
24,81924991,Midland Credit Management Inc,2011SC001017,Small Claims,Open,20200626,20200626
25,81926999,Midland Credit Management Inc,2011SC001022,Small Claims,Open,20200626,20200626
26,81930354,Midland Credit Management Inc,2011SC001020,Small Claims,Open,20200626,20200626
27,81930419,Midland Credit Management Inc,2111SC002706,Small Claims,Open,20210928,20210928
28,81932991,Midland Credit Management Inc,2111SC002707,Small Claims,Open,20210928,20210928
29,81941268,Midland Credit Management Inc,2011SC001025,Small Claims,Open,20200626,20200626
30,81944505,Midland Credit Management Inc,2011SC001021,Small Claims,Open,20200626,20200626
31,81949731,Midland Credit Management Inc,2011SC001037,Small Claims,Open,20200626,20200626
32,81949729,Midland Credit Management Inc,2011SC001037,Small Claims,Open,20200626,20200626
33,81949730,Midland Credit Management Inc,2011SC001037,Small Claims,Open,20200626,20200626
34,81950976,Midland Credit Management Inc,2017SC000473,Small Claims,Disposed (Statistical Purposes),20201127,20211207
35,81953986,Midland Credit Management Inc,2011SC001029,Small Claims,Open,20200626,20200626
36,81955109,Midland Credit Management Inc,2011SC001024,Small Claims,Open,20200626,20200626
37,81955111,Midland Credit Management Inc,2011SC001024,Small Claims,Open,20200626,20200626
38,81957896,Midland Credit Management Inc,2145SC000543,Small Claims,Open,20211129,20211129
39,81979904,Midland Credit Management Inc,2011SC001634,Small Claims,Open,20200914,20200914
40,81979915,Midland Credit Management Inc,2011SC001634,Small Claims,Open,20200914,20200914
41,81993950,Midland Credit Management Inc,2011SC001629,Small Claims,Disposed (Statistical Purposes),20200914,20210602
42,81997725,Midland Credit Management Inc,2011SC001632,Small Claims,Open,20200914,20200914
43,82014925,Midland Credit Management Inc,2122SC000192,Small Claims,Disposed (Statistical Purposes),20210429,20211104
44,82029350,Midland Credit Management Inc,2011SC001050,Small Claims,Open,20200629,20200629
45,82030104,Midland Credit Management Inc,2111SC001163,Small Claims,Open,20210503,20210503
46,82047606,Midland Credit Management Inc,2161SC000134,Small Claims,Disposed (Statistical Purposes),20210224,20210831
47,82052007,Midland Credit Management Inc,2111SC001161,Small Claims,Open,20210503,20210503
48,82055369,Midland Credit Management Inc,2011SC001099,Small Claims,Disposed (Statistical Purposes),20200629,20211228
49,82057124,Midland Credit Management Inc,2188SC000143,Small Claims,Open,20211206,20211206
0,82067985,Midland Credit Management Inc,2011SC001052,Small Claims,Open,20200629,20200629
1,82094150,Midland Credit Management Inc,2161SC000158,Small Claims,Disposed (Statistical Purposes),20210303,20210914
2,82094659,Midland Credit Management Inc,2161SC000161,Small Claims,Open,20210303,20210303
3,82097684,Midland Credit Management Inc,2161SC000225,Small Claims,Open,20210329,20210329
4,82102123,Midland Credit Management Inc,2161SC000159,Small Claims,Disposed (Statistical Purposes),20210303,20210914
5,82107795,Midland Credit Management Inc,2141SC000158,Small Claims,Open,20210426,20210426
6,82109027,Midland Credit Management Inc,2161SC000230,Small Claims,Disposed (Statistical Purposes),20210331,20210421
7,82109805,Midland Credit Management Inc,2161SC000228,Small Claims,Disposed (Statistical Purposes),20210331,20210921
8,82111084,Midland Credit Management Inc,2011SC001110,Small Claims,Open,20200702,20200702
9,82112167,Midland Credit Management Inc,2161SC000232,Small Claims,Disposed (Statistical Purposes),20210331,20210921
10,82113270,Midland Credit Management Inc,2161SC000231,Small Claims,Disposed (Statistical Purposes),20210331,20210921
11,82113593,Midland Credit Management Inc,2161SC000229,Small Claims,Disposed (Statistical Purposes),20210331,20210921
12,82132122,Midland Credit Management Inc,2161SC000240,Small Claims,Disposed (Statistical Purposes),20210402,20211005
13,82135549,Midland Credit Management Inc,2161SC000241,Small Claims,Disposed (Statistical Purposes),20210402,20211005
14,82136410,Midland Credit Management Inc,2161SC000237,Small Claims,Disposed (Statistical Purposes),20210401,20211005
15,82136986,Midland Credit Management Inc,2161SC000236,Small Claims,Disposed (Statistical Purposes),20210401,20211005
16,82148205,Midland Credit Management Inc,2161SC000319,Small Claims,Open,20210507,20210507
17,82174981,Midland Credit Management Inc,2022SC000346,Small Claims,Disposed (Statistical Purposes),20201103,20210603
18,82176828,Midland Credit Management Inc,2161SC000329,Small Claims,Disposed (Statistical Purposes),20210511,20211026
19,82179415,Midland Credit Management Inc,2111SC000853,Small Claims,Open,20210331,20210331
20,82185242,Midland Credit Management Inc,2161SC000734,Small Claims,Open,20211025,20211025
21,82187601,Midland Credit Management Inc,2111SC000851,Small Claims,Open,20210331,20210331
22,82191927,Midland Credit Management Inc,2111SC000843,Small Claims,Open,20210330,20210330
23,82192781,Midland Credit Management Inc,2111SC000854,Small Claims,Open,20210331,20210331
24,82193881,Midland Credit Management Inc,2111SC000857,Small Claims,Open,20210331,20210331
25,82196978,Midland Credit Management Inc,2111SC000844,Small Claims,Open,20210330,20210330
26,82212383,Midland Credit Management Inc,2111SC002858,Small Claims,Open,20211014,20211014
27,82217011,Midland Credit Management Inc,2111SC002857,Small Claims,Open,20211014,20211014
28,82221637,Midland Credit Management Inc,2286CV000016,Civil,Open,20220125,20220125
29,82226605,Midland Credit Management Inc,2161SC000206,Small Claims,Disposed (Statistical Purposes),20210322,20210928
30,82237086,Midland Credit Management Inc,2188SC000089,Small Claims,Disposed (Statistical Purposes),20210831,20211116
31,82238744,Midland Credit Management Inc,2111SC000862,Small Claims,Open,20210401,20210401
32,82238941,Midland Credit Management Inc,2111SC000866,Small Claims,Open,20210401,20210401
33,82241240,Midland Credit Management Inc,2111SC000860,Small Claims,Open,20210401,20210401
34,82245935,Midland Credit Management Inc,2286CV000005,Civil,Open,20220110,20220110
35,82248256,Midland Credit Management Inc,2111SC000865,Small Claims,Open,20210401,20210401
36,82266165,Midland Credit Management Inc,2033SC001599,Small Claims,Open,20200917,20200917
37,82268626,Midland Credit Management Inc,2086SC000236,Small Claims,Disposed (Statistical Purposes),20200608,20211025
38,82291792,Midland Credit Management Inc,2111SC003055,Small Claims,Open,20211025,20211025
39,82319387,Midland Credit Management Inc,2111SC003067,Small Claims,Open,20211027,20211027
40,82322209,Midland Credit Management Inc,2286SC000045,Small Claims,Open,20220208,20220208
41,82323499,Midland Credit Management Inc,2286CV000027,Civil,Open,20220208,20220208
42,82325010,Midland Credit Management Inc,2255CV000026,Civil,Open,20220125,20220125
43,82327066,Midland Credit Management Inc,2111SC003068,Small Claims,Open,20211027,20211027
44,82331986,Midland Credit Management Inc,2111SC003069,Small Claims,Open,20211027,20211027
45,82332855,Midland Credit Management Inc,2111SC003070,Small Claims,Open,20211027,20211027
46,82344085,Midland Credit Management Inc,2256CV000111,Civil,Open,20220201,20220201
47,82358183,Midland Credit Management Inc,2111SC003109,Small Claims,Open,20211029,20211029
48,82359491,Midland Credit Management Inc,2111SC003101,Small Claims,Open,20211029,20211029
49,82363043,Midland Credit Management Inc,2111SC003108,Small Claims,Open,20211029,20211029
0,82365163,Midland Credit Management Inc,2111SC003106,Small Claims,Open,20211029,20211029
1,82375749,Midland Credit Management Inc,2256CV000112,Civil,Open,20220201,20220201
2,82387461,Midland Credit Management Inc,2086SC000247,Small Claims,Disposed (Statistical Purposes),20200624,20211101
3,82390155,Midland Credit Management Inc,2050SC000303,Small Claims,Disposed (Statistical Purposes),20200213,20211022
4,82390366,Midland Credit Management Inc,2111SC001072,Small Claims,Open,20210426,20210426
5,82391566,Midland Credit Management Inc,2111SC001075,Small Claims,Open,20210426,20210426
6,82402393,Midland Credit Management Inc,2111SC001082,Small Claims,Open,20210426,20210426
7,82404692,Midland Credit Management Inc,2111SC001079,Small Claims,Open,20210426,20210426
8,82405073,Midland Credit Management Inc,2256CV000122,Civil,Open,20220202,20220202
9,82405541,Midland Credit Management Inc,2111SC001077,Small Claims,Open,20210426,20210426
10,82418062,Midland Credit Management Inc,2111SC001073,Small Claims,Open,20210426,20210426
11,82423116,Midland Credit Management Inc,2187SC000171,Small Claims,Open,20210923,20210923
12,82426923,Midland Credit Management Inc,2122SC000062,Small Claims,Disposed (Statistical Purposes),20210210,20210806
13,82435645,Midland Credit Management Inc,2122SC000063,Small Claims,Disposed (Statistical Purposes),20210210,20210805
14,82436428,Midland Credit Management Inc,2111SC003049,Small Claims,Open,20211025,20211025
15,82437625,Midland Credit Management Inc,2111SC003045,Small Claims,Open,20211025,20211025
16,82441361,Midland Credit Management Inc,2122SC000065,Small Claims,Disposed (Statistical Purposes),20210210,20210902
17,82443516,Midland Credit Management Inc,2122SC000064,Small Claims,Open,20210210,20210210
18,82445327,Midland Credit Management Inc,2122SC000066,Small Claims,Disposed (Statistical Purposes),20210210,20220111
19,82457360,Midland Credit Management Inc,2111SC003047,Small Claims,Open,20211025,20211025
20,82461468,Midland Credit Management Inc,2111SC003017,Small Claims,Open,20211025,20211025
21,82462938,Midland Credit Management Inc,2111SC003046,Small Claims,Open,20211025,20211025
22,82463510,Midland Credit Management Inc,2111SC003037,Small Claims,Open,20211025,20211025
23,82463706,Midland Credit Management Inc,2111SC003016,Small Claims,Open,20211025,20211025
24,82464408,Midland Credit Management Inc,2111SC003053,Small Claims,Open,20211026,20211026
25,82471499,Midland Credit Management Inc,2111SC001123,Small Claims,Open,20210430,20210430
26,82475175,Midland Credit Management Inc,2111SC003043,Small Claims,Open,20211025,20211025
27,82477416,Midland Credit Management Inc,2111SC003042,Small Claims,Open,20211025,20211025
28,82480180,Midland Credit Management Inc,2111SC003039,Small Claims,Open,20211025,20211025
29,82483140,Midland Credit Management Inc,2111SC003044,Small Claims,Open,20211025,20211025
30,82487384,Midland Credit Management Inc,2111SC003050,Small Claims,Open,20211026,20211026
31,82488916,Midland Credit Management Inc,2111SC001115,Small Claims,Open,20210430,20210430
32,82490817,Midland Credit Management Inc,2111SC003051,Small Claims,Open,20211025,20211025
33,82491087,Midland Credit Management Inc,2186SC000834,Small Claims,Open,20211122,20211122
34,82505052,Midland Credit Management Inc,2111SC003048,Small Claims,Open,20211025,20211025
35,82507042,Midland Credit Management Inc,2086SC000261,Small Claims,Disposed (Statistical Purposes),20200703,20211101
36,82509195,Midland Credit Management Inc,2111SC003034,Small Claims,Open,20211025,20211025
37,82559690,Midland Credit Management Inc,2186SC000857,Small Claims,Open,20211203,20211203
38,82560170,Midland Credit Management Inc,2186SC000858,Small Claims,Open,20211203,20211203
39,82560949,Midland Credit Management Inc,2186SC000859,Small Claims,Open,20211203,20211203
40,82579320,Midland Credit Management Inc,2186SC000868,Small Claims,Open,20211206,20211206
41,82580143,Midland Credit Management Inc,2186SC000862,Small Claims,Open,20211206,20211206
42,82582941,Midland Credit Management Inc,2186SC000863,Small Claims,Open,20211206,20211206
43,82584138,Midland Credit Management Inc,2186SC000864,Small Claims,Open,20211206,20211206
44,82586324,Midland Credit Management Inc,2186SC000865,Small Claims,Open,20211206,20211206
45,82586504,Midland Credit Management Inc,2186SC000866,Small Claims,Open,20211206,20211206
46,82590817,Midland Credit Management Inc,2186SC000867,Small Claims,Open,20211206,20211206
47,82595649,Midland Credit Management Inc,2162SC000711,Small Claims,Disposed (Statistical Purposes),20210401,20211020
48,82600625,Midland Credit Management Inc,2241CV000019,Civil,Open,20220126,20220126
49,82627160,Midland Credit Management Inc,2188SC000118,Small Claims,Disposed (Statistical Purposes),20211028,20211216
0,82672532,Midland Credit Management Inc,2051SC000314,Small Claims,Disposed (Statistical Purposes),20200626,20201029
1,82672969,Midland Credit Management Inc,2186CV000388,Civil,Open,20211217,20211217
2,82676273,Midland Credit Management Inc,2051SC000317,Small Claims,Disposed (Statistical Purposes),20200626,20201102
3,82680903,Midland Credit Management Inc,2051SC000318,Small Claims,Disposed (Statistical Purposes),20200626,20201102
4,82776109,Midland Credit Management Inc,2017SC000060,Small Claims,Disposed (Statistical Purposes),20200127,20211019
5,82792206,Midland Credit Management Inc,2011SC001474,Small Claims,Open,20200824,20200824
6,82796424,Midland Credit Management Inc,2011SC001477,Small Claims,Open,20200824,20200824
7,82802119,Midland Credit Management Inc,2011SC001478,Small Claims,Open,20200824,20200824
8,82806573,Midland Credit Management Inc,2011SC001484,Small Claims,Open,20200824,20200824
9,82808887,Midland Credit Management Inc,2011SC001473,Small Claims,Open,20200824,20200824
10,82810072,Midland Credit Management Inc,2011SC001488,Small Claims,Open,20200824,20200824
11,82818975,Midland Credit Management Inc,2111SC000211,Small Claims,Open,20210201,20210201
12,82820927,Midland Credit Management Inc,2111SC000225,Small Claims,Open,20210201,20210201
13,82825045,Midland Credit Management Inc,2111SC000227,Small Claims,Open,20210201,20210201
14,82825546,Midland Credit Management Inc,2111SC000228,Small Claims,Open,20210201,20210201
15,82827645,Midland Credit Management Inc,2111SC000222,Small Claims,Disposed (Statistical Purposes),20210201,20210427
16,82838382,Midland Credit Management Inc,2086SC000180,Small Claims,Disposed (Statistical Purposes),20200309,20211005
17,82869590,Midland Credit Management Inc,2028SC000365,Small Claims,Disposed (Statistical Purposes),20201214,20210311
18,82878322,Midland Credit Management Inc,2167SC000693,Small Claims,Open,20211115,20211115
19,82899863,Midland Credit Management Inc,2167SC000224,Small Claims,Disposed (Statistical Purposes),20210419,20220118
20,82901097,Midland Credit Management Inc,2167SC000225,Small Claims,Disposed (Statistical Purposes),20210419,20220118
21,82908988,Midland Credit Management Inc,2167SC000230,Small Claims,Open,20210421,20210421
22,82909509,Midland Credit Management Inc,2167SC000231,Small Claims,Disposed (Statistical Purposes),20210421,20220118
23,82910417,Midland Credit Management Inc,2167SC000232,Small Claims,Open,20210421,20210421
24,82925160,Midland Credit Management Inc,2167SC000240,Small Claims,Disposed (Statistical Purposes),20210426,20211214
25,82929929,Midland Credit Management Inc,2167SC000247,Small Claims,Disposed (Statistical Purposes),20210427,20211214
26,82930685,Midland Credit Management Inc,2167SC000245,Small Claims,Open,20210427,20210427
27,82931467,Midland Credit Management Inc,2167SC000246,Small Claims,Disposed (Statistical Purposes),20210427,20211214
28,82941545,Midland Credit Management Inc,2023SC000210,Small Claims,Disposed (Statistical Purposes),20200123,20210122
29,82960878,Midland Credit Management Inc,2167SC000260,Small Claims,Disposed (Statistical Purposes),20210503,20211216
30,82962531,Midland Credit Management Inc,2023SC000209,Small Claims,Disposed (Statistical Purposes),20200123,20210122
31,82970018,Midland Credit Management Inc,2023SC000218,Small Claims,Disposed (Statistical Purposes),20200123,20210430
32,82996673,Midland Credit Management Inc,2031SC000223,Small Claims,Disposed (Statistical Purposes),20200131,20210805
33,83005265,Midland Credit Management Inc,2031SC000230,Small Claims,Disposed (Statistical Purposes),20200203,20210805
34,83020886,Midland Credit Management Inc,2156CV001653,Civil,Open,20211207,20211207
35,83031709,Midland Credit Management Inc,2023SC000600,Small Claims,Disposed (Statistical Purposes),20200207,20210716
36,83170310,Midland Credit Management Inc,2156CV001699,Civil,Open,20211221,20211221
37,83184875,Midland Credit Management Inc,2086SC000308,Small Claims,Disposed (Statistical Purposes),20200821,20200917
38,83185905,Midland Credit Management Inc,2086SC000307,Small Claims,Disposed (Statistical Purposes),20200821,20211115
39,83195374,Midland Credit Management Inc,2086SC000315,Small Claims,Disposed (Statistical Purposes),20200825,20211116
40,83195760,Midland Credit Management Inc,2086SC000318,Small Claims,Disposed (Statistical Purposes),20200825,20211122
41,83198791,Midland Credit Management Inc,2156CV001718,Civil,Open,20211227,20211227
42,83207290,Midland Credit Management Inc,2156CV001735,Civil,Open,20211229,20211229
43,83208066,Midland Credit Management Inc,2156CV001729,Civil,Open,20211228,20211228
44,83210129,Midland Credit Management Inc,2156CV001736,Civil,Open,20211229,20211229
45,83210273,Midland Credit Management Inc,2156CV001734,Civil,Open,20211229,20211229
46,83211778,Midland Credit Management Inc,2086SC000324,Small Claims,Disposed (Statistical Purposes),20200901,20220208
47,83220989,Midland Credit Management Inc,2086SC000338,Small Claims,Disposed (Statistical Purposes),20200910,20211129
48,83221211,Midland Credit Management Inc,2086SC000339,Small Claims,Disposed (Statistical Purposes),20200910,20211129
49,83221315,Midland Credit Management Inc,2086SC000340,Small Claims,Open,20200910,20200910
0,83222430,Midland Credit Management Inc,2086SC000337,Small Claims,Disposed (Statistical Purposes),20200910,20211129
1,83222988,Midland Credit Management Inc,2086SC000336,Small Claims,Disposed (Statistical Purposes),20200910,20211129
2,83233658,Midland Credit Management Inc,2256CV000001,Civil,Open,20220103,20220103
3,83255548,Midland Credit Management Inc,2256CV000026,Civil,Open,20220110,20220110
4,83271581,Midland Credit Management Inc,2086SC000364,Small Claims,Disposed (Statistical Purposes),20200929,20211206
5,83271750,Midland Credit Management Inc,2086SC000363,Small Claims,Disposed (Statistical Purposes),20200929,20210922
6,83358196,Midland Credit Management Inc,2131SC000231,Small Claims,Disposed (Statistical Purposes),20210212,20211115
7,83358437,Midland Credit Management Inc,2131SC000229,Small Claims,Disposed (Statistical Purposes),20210212,20210621
8,83532065,Midland Credit Management Inc,2031SC000205,Small Claims,Disposed (Statistical Purposes),20200129,20210805
9,83532665,Midland Credit Management Inc,2031SC000202,Small Claims,Disposed (Statistical Purposes),20200129,20200318
10,83554034,Midland Credit Management Inc,2023SC000515,Small Claims,Disposed (Statistical Purposes),20200205,20210813
11,83566436,Midland Credit Management Inc,2023SC000595,Small Claims,Disposed (Statistical Purposes),20200207,20210729
12,83566645,Midland Credit Management Inc,2023SC000603,Small Claims,Disposed (Statistical Purposes),20200207,20210716
13,83770026,Midland Credit Management Inc,2105SC000371,Small Claims,Open,20210702,20210702
14,83770210,Midland Credit Management Inc,2105SC000369,Small Claims,Open,20210702,20210702
15,83770339,Midland Credit Management Inc,2105SC000374,Small Claims,Open,20210702,20210702
16,83770861,Midland Credit Management Inc,2105SC000373,Small Claims,Open,20210702,20210702
17,83772527,Midland Credit Management Inc,2105SC000370,Small Claims,Open,20210702,20210702
18,83823581,Midland Credit Management Inc,2105SC000386,Small Claims,Open,20210713,20210713
19,83856493,Midland Credit Management Inc,2105SC000418,Small Claims,Open,20210722,20210722
20,84333557,Midland Credit Management Inc,2167SC000131,Small Claims,Disposed (Statistical Purposes),20210303,20210624
21,84334533,Midland Credit Management Inc,2167SC000134,Small Claims,Disposed (Statistical Purposes),20210303,20210622
22,84334762,Midland Credit Management Inc,2167SC000127,Small Claims,Disposed (Statistical Purposes),20210303,20210525
23,84335292,Midland Credit Management Inc,2167SC000129,Small Claims,Disposed (Statistical Purposes),20210303,20210615
24,84335717,Midland Credit Management Inc,2167SC000133,Small Claims,Disposed (Statistical Purposes),20210303,20210615
25,84336094,Midland Credit Management Inc,2167SC000132,Small Claims,Disposed (Statistical Purposes),20210303,20210811
26,84336286,Midland Credit Management Inc,1927SC001034,Small Claims,Suspended Covid 19 extended,20191219,20200904
27,84336859,Midland Credit Management Inc,2167SC000128,Small Claims,Disposed (Statistical Purposes),20210303,20210615
28,84337099,Midland Credit Management Inc,2167SC000126,Small Claims,Disposed (Statistical Purposes),20210303,20210525
29,84337207,Midland Credit Management Inc,2167SC000135,Small Claims,Disposed (Statistical Purposes),20210303,20210622
30,84337995,Midland Credit Management Inc,2167SC000130,Small Claims,Disposed (Statistical Purposes),20210303,20210624
31,84337994,Midland Credit Management Inc,2167SC000130,Small Claims,Disposed (Statistical Purposes),20210303,20210624
32,84338338,Midland Credit Management Inc,2167SC000137,Small Claims,Disposed (Statistical Purposes),20210303,20210621
33,84338642,Midland Credit Management Inc,2167SC000138,Small Claims,Disposed (Statistical Purposes),20210303,20210622
34,84338641,Midland Credit Management Inc,2167SC000138,Small Claims,Disposed (Statistical Purposes),20210303,20210622
35,84424093,Midland Credit Management Inc,2125SC000722,Small Claims,Disposed (Statistical Purposes),20210707,20220201
36,84432414,Midland Credit Management Inc,2125SC000746,Small Claims,Open,20210709,20210709
37,84433785,Midland Credit Management Inc,2125SC000736,Small Claims,Open,20210709,20210709
38,84434625,Midland Credit Management Inc,2125SC000742,Small Claims,Disposed (Statistical Purposes),20210709,20220203
39,84436081,Midland Credit Management Inc,2125SC000740,Small Claims,Disposed (Statistical Purposes),20210709,20220201
40,84436766,Midland Credit Management Inc,2125SC000737,Small Claims,Open,20210709,20210709
41,84806892,Midland Credit Management Inc,2125SC000908,Small Claims,Open,20210810,20210810
42,84819993,Midland Credit Management Inc,2125SC000867,Small Claims,Open,20210730,20210730
43,84844381,Midland Credit Management Inc,2125SC000870,Small Claims,Open,20210802,20210802
44,85316873,Midland Credit Management Inc,2164SC000738EF,Small Claims,Open,20210810,20210810
45,85673748,Midland Credit Management Inc,2150SC001509,Small Claims,Open,20210810,20210810
46,85802749,Midland Credit Management Inc,2145SC000365,Small Claims,Disposed (Statistical Purposes),20210810,20211215
47,85898050,Midland Credit Management Inc,2126SC000183,Small Claims,Open,20210520,20210520
48,85900080,Midland Credit Management Inc,2143SC000628,Small Claims,Disposed (Statistical Purposes),20210810,20220126
49,85912253,Midland Credit Management Inc,2186SC000306,Small Claims,Open,20210524,20210524
0,85912403,Midland Credit Management Inc,2186SC000305,Small Claims,Open,20210524,20210524
1,85913116,Midland Credit Management Inc,2186SC000304,Small Claims,Open,20210524,20210524
2,85913873,Midland Credit Management Inc,2186SC000311,Small Claims,Open,20210526,20210526
3,85917908,Midland Credit Management Inc,2186SC000326,Small Claims,Open,20210601,20210601
4,85918077,Midland Credit Management Inc,2186SC000333,Small Claims,Open,20210601,20210601
5,85918115,Midland Credit Management Inc,2186SC000329,Small Claims,Open,20210601,20210601
6,85918309,Midland Credit Management Inc,2186SC000332,Small Claims,Open,20210601,20210601
7,85918845,Midland Credit Management Inc,2186SC000328,Small Claims,Open,20210601,20210601
8,85918951,Midland Credit Management Inc,2186SC000335,Small Claims,Open,20210601,20210601
9,85919117,Midland Credit Management Inc,2186SC000334,Small Claims,Open,20210601,20210601
10,85920465,Midland Credit Management Inc,2186SC000323,Small Claims,Open,20210601,20210601
11,85923061,Midland Credit Management Inc,2186SC000346,Small Claims,Open,20210603,20210603
12,85959150,Midland Credit Management Inc,2186SC000410,Small Claims,Open,20210629,20210629
13,85959448,Midland Credit Management Inc,2186SC000409,Small Claims,Open,20210629,20210629
14,85961994,Midland Credit Management Inc,2186SC000427,Small Claims,Open,20210702,20210702
15,85962046,Midland Credit Management Inc,2186SC000428,Small Claims,Open,20210702,20210702
16,85962434,Midland Credit Management Inc,2186SC000417,Small Claims,Open,20210702,20210702
17,85962742,Midland Credit Management Inc,2186SC000418,Small Claims,Open,20210702,20210702
18,85962891,Midland Credit Management Inc,2186SC000426,Small Claims,Open,20210702,20210702
19,85962955,Midland Credit Management Inc,2186SC000421,Small Claims,Open,20210702,20210702
20,85963014,Midland Credit Management Inc,2186SC000425,Small Claims,Open,20210702,20210702
21,85963356,Midland Credit Management Inc,2186SC000423,Small Claims,Open,20210702,20210702
22,85963487,Midland Credit Management Inc,2186SC000422,Small Claims,Open,20210702,20210702
23,85966860,Midland Credit Management Inc,2186SC000433,Small Claims,Open,20210706,20210706
24,85967087,Midland Credit Management Inc,2186SC000434,Small Claims,Open,20210706,20210706
25,85974153,Midland Credit Management Inc,2186SC000449,Small Claims,Open,20210712,20210712
26,85974650,Midland Credit Management Inc,2186SC000447,Small Claims,Open,20210712,20210712
27,85974684,Midland Credit Management Inc,2186SC000448,Small Claims,Open,20210712,20210712
28,85975043,Midland Credit Management Inc,2186SC000446,Small Claims,Open,20210712,20210712
29,85975084,Midland Credit Management Inc,2186SC000451,Small Claims,Open,20210712,20210712
30,85978607,Midland Credit Management Inc,2186SC000470,Small Claims,Open,20210716,20210716
31,85978725,Midland Credit Management Inc,2186SC000468,Small Claims,Open,20210716,20210716
32,85979240,Midland Credit Management Inc,2186SC000471,Small Claims,Open,20210716,20210716
33,85980314,Midland Credit Management Inc,2186SC000469,Small Claims,Disposed (Statistical Purposes),20210716,20210816
34,85986768,Midland Credit Management Inc,2186SC000491,Small Claims,Open,20210723,20210723
35,85987083,Midland Credit Management Inc,2186SC000485,Small Claims,Open,20210722,20210722
36,85987206,Midland Credit Management Inc,2186SC000483,Small Claims,Open,20210722,20210722
37,85987904,Midland Credit Management Inc,2186SC000484,Small Claims,Disposed (Statistical Purposes),20210722,20210910
38,85988289,Midland Credit Management Inc,2186SC000488,Small Claims,Open,20210722,20210722
39,85989461,Midland Credit Management Inc,2186SC000492,Small Claims,Open,20210723,20210723
40,85989637,Midland Credit Management Inc,2186SC000489,Small Claims,Open,20210722,20210722
41,85993518,Midland Credit Management Inc,2186SC000498,Small Claims,Open,20210726,20210726
42,85997147,Midland Credit Management Inc,2186SC000516,Small Claims,Open,20210728,20210728
43,86149703,Midland Credit Management Inc,2156CV001099,Civil,Open,20210629,20210629
44,86177080,Midland Credit Management Inc,2122SC000453EF,Small Claims,Open,20210810,20210810
45,86189483,Midland Credit Management Inc,2156SC001679,Small Claims,Open,20210712,20210712
46,86305039,Midland Credit Management Inc,2167CV000171,Civil,Open,20210622,20210622
47,86346958,Midland Credit Management Inc,2167SC000405,Small Claims,Open,20210702,20210702
48,86347197,Midland Credit Management Inc,2167SC000397,Small Claims,Open,20210701,20210701
49,86347823,Midland Credit Management Inc,2167SC000403,Small Claims,Open,20210702,20210702
0,86347968,Midland Credit Management Inc,2167SC000400,Small Claims,Open,20210701,20210701
1,86362517,Midland Credit Management Inc,2167SC000415,Small Claims,Open,20210706,20210706
2,86362654,Midland Credit Management Inc,2167SC000414,Small Claims,Open,20210706,20210706
3,86363101,Midland Credit Management Inc,2167SC000421,Small Claims,Open,20210706,20210706
4,86363442,Midland Credit Management Inc,2167SC000418,Small Claims,Open,20210706,20210706
5,86363801,Midland Credit Management Inc,2167SC000419,Small Claims,Open,20210706,20210706
6,86364492,Midland Credit Management Inc,2167SC000416,Small Claims,Open,20210706,20210706
7,86365410,Midland Credit Management Inc,2167SC000417,Small Claims,Open,20210706,20210706
8,86366944,Midland Credit Management Inc,2167SC000413,Small Claims,Open,20210706,20210706
9,86380993,Midland Credit Management Inc,2167SC000431,Small Claims,Open,20210712,20210712
10,86397750,Midland Credit Management Inc,2167CV000204,Civil,Open,20210716,20210716
11,86409089,Midland Credit Management Inc,2167SC000453,Small Claims,Open,20210720,20210720
12,86409862,Midland Credit Management Inc,2167SC000449,Small Claims,Open,20210720,20210720
13,86410550,Midland Credit Management Inc,2167SC000452,Small Claims,Open,20210720,20210720
14,86428316,Midland Credit Management Inc,2167SC000467,Small Claims,Open,20210728,20210728
15,86429106,Midland Credit Management Inc,2167SC000466,Small Claims,Open,20210728,20210728
16,86441160,Midland Credit Management Inc,2167SC000474,Small Claims,Open,20210804,20210804
17,86450505,Midland Credit Management Inc,2167SC000476,Small Claims,Open,20210804,20210804
18,86562848,Midland Credit Management Inc,2159SC001025,Small Claims,Open,20210810,20210810
19,86628298,Midland Credit Management Inc,2144SC000697,Small Claims,Open,20210809,20210809
20,86646821,Midland Credit Management Inc,2162SC001304,Small Claims,Disposed (Statistical Purposes),20210601,20211201
21,86647552,Midland Credit Management Inc,2131SC001287,Small Claims,Disposed (Statistical Purposes),20210810,20211014
22,86677672,Midland Credit Management Inc,2162SC001246,Small Claims,Disposed (Statistical Purposes),20210603,20211012
23,86726393,Midland Credit Management Inc,2162SC001319,Small Claims,Disposed (Statistical Purposes),20210607,20211207
24,86737229,Midland Credit Management Inc,2162SC001320,Small Claims,Open,20210607,20210607
25,86746320,Midland Credit Management Inc,2162SC001306,Small Claims,Open,20210607,20210607
26,86757433,Midland Credit Management Inc,2162SC001308,Small Claims,Disposed (Statistical Purposes),20210607,20211201
27,86790378,Midland Credit Management Inc,2160SC000715,Small Claims,Open,20210810,20210810
28,86808347,Midland Credit Management Inc,2167SC000283,Small Claims,Disposed (Statistical Purposes),20210518,20211105
29,86812028,Midland Credit Management Inc,2167SC000289,Small Claims,Open,20210521,20210521
30,86812694,Midland Credit Management Inc,2167SC000290,Small Claims,Open,20210521,20210521
31,86826501,Midland Credit Management Inc,2167SC000298,Small Claims,Disposed (Statistical Purposes),20210526,20220208
32,86826734,Midland Credit Management Inc,2167SC000300,Small Claims,Disposed (Statistical Purposes),20210526,20220208
33,86827863,Midland Credit Management Inc,2167SC000299,Small Claims,Disposed (Statistical Purposes),20210526,20220208
34,86834681,Midland Credit Management Inc,2167SC000302,Small Claims,Disposed (Statistical Purposes),20210527,20220208
35,86846213,Midland Credit Management Inc,2167SC000318,Small Claims,Disposed (Statistical Purposes),20210603,20220208
36,86848735,Midland Credit Management Inc,2167SC000317,Small Claims,Open,20210603,20210603
37,86880602,Midland Credit Management Inc,2165SC000413,Small Claims,Open,20210729,20210729
38,86986554,Midland Credit Management Inc,2153CV000328,Civil,Open,20210618,20210618
39,87879396,Midland Credit Management Inc,2011SC001811,Small Claims,Open,20201015,20201015
40,87880248,Midland Credit Management Inc,2011SC001814,Small Claims,Open,20201015,20201015
41,87881351,Midland Credit Management Inc,2011SC001801,Small Claims,Open,20201015,20201015
42,88016108,Midland Credit Management Inc,1911SC003373,Small Claims,Disposed (Statistical Purposes),20191220,20201005
43,88093942,Midland Credit Management Inc,1911SC003449,Small Claims,Disposed (Statistical Purposes),20191230,20200515
44,88100827,Midland Credit Management Inc,1911SC003447,Small Claims,Disposed (Statistical Purposes),20191230,20200320
45,88152659,Midland Credit Management Inc,2111SC000327,Small Claims,Open,20210210,20210210
46,88152887,Midland Credit Management Inc,2111SC000336,Small Claims,Open,20210210,20210210
47,88153382,Midland Credit Management Inc,2111SC000323,Small Claims,Open,20210210,20210210
48,88153493,Midland Credit Management Inc,2111SC000329,Small Claims,Open,20210210,20210210
49,88153672,Midland Credit Management Inc,2111SC000320,Small Claims,Open,20210210,20210210
0,88154133,Midland Credit Management Inc,2111SC000350,Small Claims,Open,20210211,20210211
1,88154436,Midland Credit Management Inc,2111SC000334,Small Claims,Open,20210210,20210210
2,88154607,Midland Credit Management Inc,2111SC000324,Small Claims,Open,20210210,20210210
3,88154848,Midland Credit Management Inc,2111SC000348,Small Claims,Open,20210211,20210211
4,88156506,Midland Credit Management Inc,2086SC000426,Small Claims,Open,20201118,20201118
5,88166528,Midland Credit Management Inc,2086SC000439,Small Claims,Disposed (Statistical Purposes),20201124,20211025
6,88181033,Midland Credit Management Inc,2086SC000448,Small Claims,Open,20201202,20201202
7,88211569,Midland Credit Management Inc,2086SC000477,Small Claims,Open,20201218,20201218
8,88214966,Midland Credit Management Inc,2086SC000479,Small Claims,Open,20201221,20201221
9,88216828,Midland Credit Management Inc,2159SC000096,Small Claims,Disposed (Statistical Purposes),20210205,20211029
10,88228072,Midland Credit Management Inc,2086SC000490,Small Claims,Open,20201228,20201228
11,88228439,Midland Credit Management Inc,2086SC000486,Small Claims,Open,20201228,20201228
12,88229517,Midland Credit Management Inc,2129SC000277,Small Claims,Open,20211119,20211119
13,88277295,Midland Credit Management Inc,2186SC000581,Small Claims,Open,20210817,20210817
14,88277438,Midland Credit Management Inc,2186CV000269,Civil,Open,20210816,20210816
15,88283680,Midland Credit Management Inc,2023SC001687,Small Claims,Suspended Covid 19 extended,20200603,20200603
16,88284994,Midland Credit Management Inc,2186SC000109,Small Claims,Open,20210224,20210224
17,88288998,Midland Credit Management Inc,2186SC000118,Small Claims,Open,20210226,20210226
18,88289383,Midland Credit Management Inc,2186SC000116,Small Claims,Open,20210226,20210226
19,88289991,Midland Credit Management Inc,2186SC000121,Small Claims,Open,20210226,20210226
20,88299506,Midland Credit Management Inc,2011SC000360,Small Claims,Disposed (Statistical Purposes),20200203,20220114
21,88307135,Midland Credit Management Inc,2011SC000359,Small Claims,Disposed (Statistical Purposes),20200203,20200908
22,88309956,Midland Credit Management Inc,2186SC000056,Small Claims,Open,20210129,20210129
23,88310466,Midland Credit Management Inc,2011SC000362,Small Claims,Disposed (Statistical Purposes),20200203,20200604
24,88311955,Midland Credit Management Inc,2186SC000054,Small Claims,Open,20210129,20210129
25,88312031,Midland Credit Management Inc,2186SC000055,Small Claims,Open,20210129,20210129
26,88312302,Midland Credit Management Inc,2186SC000053,Small Claims,Disposed (Statistical Purposes),20210129,20210420
27,88314496,Midland Credit Management Inc,2255CV000030,Civil,Open,20220201,20220207
28,88319808,Midland Credit Management Inc,2186SC000643,Small Claims,Open,20210907,20210907
29,88321995,Midland Credit Management Inc,2186SC000067,Small Claims,Open,20210204,20210204
30,88322293,Midland Credit Management Inc,2186SC000065,Small Claims,Open,20210204,20210204
31,88322722,Midland Credit Management Inc,2186SC000064,Small Claims,Open,20210204,20210204
32,88322962,Midland Credit Management Inc,2186SC000066,Small Claims,Open,20210204,20210204
33,88323417,Midland Credit Management Inc,2186SC000068,Small Claims,Open,20210204,20210204
34,88324032,Midland Credit Management Inc,2186SC000069,Small Claims,Open,20210205,20210205
35,88335589,Midland Credit Management Inc,2186SC000075,Small Claims,Open,20210210,20210210
36,88335873,Midland Credit Management Inc,2186SC000078,Small Claims,Open,20210210,20210210
37,88335905,Midland Credit Management Inc,2186SC000082,Small Claims,Open,20210210,20210210
38,88336221,Midland Credit Management Inc,2186SC000181,Small Claims,Open,20210324,20210324
39,88336415,Midland Credit Management Inc,2186SC000091,Small Claims,Disposed (Statistical Purposes),20210211,20210518
40,88337139,Midland Credit Management Inc,2186SC000080,Small Claims,Open,20210210,20210210
41,88337217,Midland Credit Management Inc,2186SC000074,Small Claims,Open,20210210,20210210
42,88338380,Midland Credit Management Inc,2186SC000072,Small Claims,Open,20210210,20210210
43,88338458,Midland Credit Management Inc,2186SC000079,Small Claims,Open,20210210,20210210
44,88339143,Midland Credit Management Inc,2186SC000073,Small Claims,Open,20210210,20210210
45,88339207,Midland Credit Management Inc,2186SC000081,Small Claims,Disposed (Statistical Purposes),20210210,20211008
46,88339280,Midland Credit Management Inc,2186SC000076,Small Claims,Open,20210210,20210210
47,88339364,Midland Credit Management Inc,2186SC000090,Small Claims,Open,20210211,20210211
48,88339426,Midland Credit Management Inc,2186SC000077,Small Claims,Open,20210210,20210210
49,88340003,Midland Credit Management Inc,2186SC000083,Small Claims,Open,20210210,20210210
0,88340136,Midland Credit Management Inc,2186SC000071,Small Claims,Open,20210210,20210210
1,88348222,Midland Credit Management Inc,2186SC000208,Small Claims,Disposed (Statistical Purposes),20210401,20211008
2,88348583,Midland Credit Management Inc,2186SC000206,Small Claims,Open,20210401,20210401
3,88361230,Midland Credit Management Inc,2056CV001111,Civil,Disposed (Statistical Purposes),20201203,20210416
4,88369934,Midland Credit Management Inc,2029SC000147,Small Claims,Disposed (Statistical Purposes),20200911,20201021
5,88374664,Midland Credit Management Inc,2056CV000691,Civil,Disposed (Statistical Purposes),20200914,20210209
6,88379291,Midland Credit Management Inc,2186SC000237,Small Claims,Open,20210420,20210420
7,88389222,Midland Credit Management Inc,2186SC000249,Small Claims,Open,20210426,20210426
8,88389317,Midland Credit Management Inc,2186SC000245,Small Claims,Open,20210426,20210426
9,88389399,Midland Credit Management Inc,2186SC000244,Small Claims,Open,20210426,20210426
10,88389440,Midland Credit Management Inc,2186SC000243,Small Claims,Open,20210426,20210426
11,88389774,Midland Credit Management Inc,2186SC000242,Small Claims,Open,20210426,20210426
12,88389852,Midland Credit Management Inc,2186SC000246,Small Claims,Open,20210426,20210426
13,88389990,Midland Credit Management Inc,2186SC000241,Small Claims,Open,20210426,20210426
14,88390139,Midland Credit Management Inc,2186SC000248,Small Claims,Open,20210426,20210426
15,88412353,Midland Credit Management Inc,2186SC000743,Small Claims,Open,20211022,20211022
16,88412371,Midland Credit Management Inc,2186SC000742,Small Claims,Open,20211022,20211022
17,88413937,Midland Credit Management Inc,2023SC001118,Small Claims,Open,20200310,20200310
18,88416975,Midland Credit Management Inc,2186SC000751,Small Claims,Open,20211026,20211026
19,88417174,Midland Credit Management Inc,2186SC000750,Small Claims,Open,20211026,20211026
20,88418040,Midland Credit Management Inc,2186SC000752,Small Claims,Open,20211026,20211026
21,88422319,Midland Credit Management Inc,2186SC000285,Small Claims,Open,20210513,20210513
22,88423884,Midland Credit Management Inc,2186SC000776,Small Claims,Open,20211101,20211101
23,88434885,Midland Credit Management Inc,2029SC000169,Small Claims,Disposed (Statistical Purposes),20201102,20201118
24,88528315,Midland Credit Management Inc,1923SC003987,Small Claims,Disposed (Statistical Purposes),20191217,20200313
25,88532794,Midland Credit Management Inc,1923SC003986,Small Claims,Disposed (Statistical Purposes),20191217,20200313
26,10126727,"Meredith Management Corporation,",11H79SP005627,Housing Court Summary Process,Active,20111223,20111223
27,15242457,"Meredith Management Corporation,",10H85SP003340,Housing Court Summary Process,Closed,20100903,20100921
28,15244861,"Meredith Management Corporation,",10H85SP003341,Housing Court Summary Process,Closed,20100903,20100921
29,15250234,"Meredith Management Corporation,",10H85SP003343,Housing Court Summary Process,Closed,20100903,20100921
30,60634355,"Meredith Management Corporation,",09H79SP004311,Housing Court Summary Process,Active,20091109,20091110
31,60782989,"Meredith Management Corporation,",09H79SP004310,Housing Court Summary Process,Active,20091109,20091109
32,10273762,Harvest Credit Management Vi1 Llc,1125CV000932,Civil,Disposed (Statistical Purposes),20110705,20120127
33,10394806,Harvest Credit Management VI B LLC,1150SP000839,Supplementary Process,Disposed (Statistical Purposes),20111116,20120119
34,34935325,Harvest Credit Management VI B LLC,0688CV000120,Civil,Disposed (Statistical Purposes),20061114,20070515
35,50913197,Harvest Credit Management VI B LLC,0656CV001809,Civil,Disposed (Statistical Purposes),20060721,20060830
36,50913350,Harvest Credit Management VI B LLC,0656CV001808,Civil,Disposed (Statistical Purposes),20060721,20060830
37,11552692,Harvest Acredit Management Vii,1018SP000548,Supplementary Process,Disposed (Statistical Purposes),20100510,20101026
38,11793202,"Harvest Credit Management Iii, Llc",1133SC000790,Small Claims,Disposed (Statistical Purposes),20110328,20110427
39,20006596,"Harvest Credit Management Iii, Llc",0534SP000079,Supplementary Process,Disposed (Statistical Purposes),20050422,20050609
40,12172494,Harvest Credit Management Cii Llc,1132SC002127,Small Claims,Disposed (Statistical Purposes),20111102,20120104
41,12395727,"Harvest Credit Management V I I, Llc",1054SP000248,Supplementary Process,Disposed (Statistical Purposes),20100607,20100927
42,14962605,"Harvest Credit Management V I I, Llc",1062SP000508,Supplementary Process,Disposed (Statistical Purposes),20100423,20100708
43,19897167,"Harvest Credit Management V I I, Llc",0908SP000078,Supplementary Process,Pending,20090511,20090511
44,32552829,"Harvest Credit Management V I I, Llc",0728CV000195,Civil,Disposed (Statistical Purposes),20070618,20080324
45,35002575,"Harvest Credit Management V I I, Llc",0828CV000308,Civil,Disposed (Statistical Purposes),20080819,20081022
46,35845475,"Harvest Credit Management V I I, Llc",0622CV000530,Civil,Disposed (Statistical Purposes),20061222,20070611
47,53144058,"Harvest Credit Management V I I, Llc",0723CV003457,Civil,Disposed (Statistical Purposes),20071113,20080521
48,57067603,"Harvest Credit Management V I I, Llc",0825CV000929,Civil,Disposed (Statistical Purposes),20080611,20081104
49,69231509,"Harvest Credit Management V I I, Llc",0601CV005920,Civil,Closed,20061207,20071210
0,12566077,"Meredith Management Corporation, managing",12H79SP004372,Housing Court Summary Process,Closed,20121019,20121019
1,12573198,"Meredith Management Corporation, managing",12H79SP004373,Housing Court Summary Process,Active,20121019,20121019
2,12574243,"Meredith Management Corporation, managing",12H79SP004374,Housing Court Summary Process,Active,20121019,20121019
3,12885857,"Meredith Management Corporation, managing",12H79SP005317,Housing Court Summary Process,Closed,20121221,20121221
4,12893265,"Meredith Management Corporation, managing",12H79SP005319,Housing Court Summary Process,Active,20121221,20121221
5,12894494,"Meredith Management Corporation, managing",12H79SP005320,Housing Court Summary Process,Active,20121221,20121221
6,14484190,"Meredith Management Corporation, managing",12H79SP001848,Housing Court Summary Process,Active,20120525,20120525
7,14486845,"Meredith Management Corporation, managing",12H79SP001849,Housing Court Summary Process,Active,20120525,20120525
8,14688386,"Meredith Management Corporation, managing",12H79SP002288,Housing Court Summary Process,Active,20120625,20120625
9,14689758,"Meredith Management Corporation, managing",12H79SP002289,Housing Court Summary Process,Closed,20120625,20120625
10,14690403,"Meredith Management Corporation, managing",12H79SP002290,Housing Court Summary Process,Active,20120625,20120625
11,16545029,"Meredith Management Corporation, managing",14H79SP000730,Housing Court Summary Process,Closed,20140218,20140303
12,16546621,"Meredith Management Corporation, managing",14H79SP000731,Housing Court Summary Process,Closed,20140218,20140218
13,16548474,"Meredith Management Corporation, managing",14H79SP000732,Housing Court Summary Process,Active,20140218,20140218
14,16551186,"Meredith Management Corporation, managing",14H79SP000733,Housing Court Summary Process,Active,20140218,20140218
15,16552147,"Meredith Management Corporation, managing",14H79SP000734,Housing Court Summary Process,Active,20140218,20140218
16,16559064,"Meredith Management Corporation, managing",14H79SP000736,Housing Court Summary Process,Active,20140218,20140218
17,17065827,"Meredith Management Corporation, managing",14H79SP001380,Housing Court Summary Process,Closed,20140411,20140411
18,17066954,"Meredith Management Corporation, managing",14H79SP001381,Housing Court Summary Process,Closed,20140411,20140411
19,17069472,"Meredith Management Corporation, managing",14H79SP001382,Housing Court Summary Process,Active,20140411,20140411
20,49846998,"Meredith Management Corporation, managing",13H79SP005183,Housing Court Summary Process,Active,20131216,20131216
21,60567920,"Meredith Management Corporation, managing",13H79SP004078,Housing Court Summary Process,Active,20131007,20131007
22,60569677,"Meredith Management Corporation, managing",13H79SP004079,Housing Court Summary Process,Active,20131007,20131007
23,60572123,"Meredith Management Corporation, managing",13H79SP004087,Housing Court Summary Process,Active,20131007,20131007
24,60573088,"Meredith Management Corporation, managing",13H79SP004081,Housing Court Summary Process,Active,20131007,20131007
25,60574027,"Meredith Management Corporation, managing",13H79SP004084,Housing Court Summary Process,Closed,20131007,20131021
26,62386187,"Meredith Management Corporation, managing",12H79SP000849,Housing Court Summary Process,Closed,20120227,20120227
27,62392846,"Meredith Management Corporation, managing",12H79SP000848,Housing Court Summary Process,Active,20120227,20120227
28,62403282,"Meredith Management Corporation, managing",12H79SP000842,Housing Court Summary Process,Active,20120227,20120227
29,62404010,"Meredith Management Corporation, managing",12H79SP000847,Housing Court Summary Process,Active,20120227,20120227
30,62405261,"Meredith Management Corporation, managing",12H79SP000844,Housing Court Summary Process,Active,20120227,20120227
31,62406352,"Meredith Management Corporation, managing",12H79SP000850,Housing Court Summary Process,Active,20120227,20120227
32,69209027,"Meredith Management Corporation, managing",13H79SP001918,Housing Court Summary Process,Closed,20130528,20130528
33,76274796,"Meredith Management Corporation, managing",11H79SP005246,Housing Court Summary Process,Closed,20111205,20111205
34,76275105,"Meredith Management Corporation, managing",11H79SP005247,Housing Court Summary Process,Active,20111205,20111205
35,76276586,"Meredith Management Corporation, managing",11H79SP005248,Housing Court Summary Process,Closed,20111205,20111205
36,83097854,"Meredith Management Corporation, managing",19H79SP003048,Housing Court Summary Process,Closed,20190802,20190802
37,83098331,"Meredith Management Corporation, managing",19H79SP003047,Housing Court Summary Process,Active,20190802,20190802
38,87339338,"Meredith Management Corporation, managing",18H79SP004192,Housing Court Summary Process,Active,20180928,20180928
39,87341151,"Meredith Management Corporation, managing",18H79SP004193,Housing Court Summary Process,Closed,20180928,20200617
40,13371609,"Midland Credit Management,Inc.",1323CV001180,Civil,Disposed (Statistical Purposes),20130705,20140102
41,21749821,"Midland Credit Management,Inc.",0620SP000171,Supplementary Process,Disposed (Statistical Purposes),20060915,20061120
42,80319918,"Midland Credit Management,Inc.",2125SC001101,Small Claims,Open,20211004,20211004
43,80322585,"Midland Credit Management,Inc.",2125SC001104,Small Claims,Open,20211004,20211004
44,80323483,"Midland Credit Management,Inc.",2125SC001105,Small Claims,Open,20211004,20211004
45,80325166,"Midland Credit Management,Inc.",2125SC001100,Small Claims,Open,20211004,20211004
46,80357826,"Midland Credit Management,Inc.",2125CV000058,Civil,Disposed (Statistical Purposes),20210212,20210506
47,80468612,"Midland Credit Management,Inc.",2025SC000399,Small Claims,Disposed (Statistical Purposes),20200622,20210223
48,80468729,"Midland Credit Management,Inc.",2025SC000396,Small Claims,Open,20200622,20200622
49,80595504,"Midland Credit Management,Inc.",2025SC000422,Small Claims,Disposed (Statistical Purposes),20200702,20210223
0,80606214,"Midland Credit Management,Inc.",2025SC000421,Small Claims,Disposed (Statistical Purposes),20200702,20210223
1,80618749,"Midland Credit Management,Inc.",2025SC000661,Small Claims,Disposed (Statistical Purposes),20200922,20210511
2,80628138,"Midland Credit Management,Inc.",2025SC000663,Small Claims,Open,20200922,20200922
3,80636974,"Midland Credit Management,Inc.",2025SC000660,Small Claims,Disposed (Statistical Purposes),20200922,20210511
4,80929818,"Midland Credit Management,Inc.",2015SC001189,Small Claims,Open,20200626,20200626
5,80977142,"Midland Credit Management,Inc.",2025SC000103,Small Claims,Covid 19 XXX Notice Issued,20200128,20201208
6,81007184,"Midland Credit Management,Inc.",2025SC000115,Small Claims,Open,20200130,20200130
7,81010696,"Midland Credit Management,Inc.",2025SC000114,Small Claims,Disposed (Statistical Purposes),20200130,20200211
8,81068020,"Midland Credit Management,Inc.",2025SC000134,Small Claims,Disposed (Statistical Purposes),20200203,20210112
9,81078481,"Midland Credit Management,Inc.",2025SC000133,Small Claims,Disposed (Statistical Purposes),20200203,20210105
10,81097700,"Midland Credit Management,Inc.",2025SC000138,Small Claims,Disposed (Statistical Purposes),20200204,20210112
11,82226446,"Midland Credit Management,Inc.",2027SC000296,Small Claims,Disposed (Statistical Purposes),20200608,20210723
12,82230962,"Midland Credit Management,Inc.",2027SC000300,Small Claims,Disposed (Statistical Purposes),20200608,20210901
13,82376102,"Midland Credit Management,Inc.",2127SC001030,Small Claims,Open,20211119,20211119
14,82418512,"Midland Credit Management,Inc.",2027SC000334,Small Claims,Disposed (Statistical Purposes),20200626,20210119
15,82432707,"Midland Credit Management,Inc.",2027SC000330,Small Claims,Disposed (Statistical Purposes),20200626,20210908
16,82491522,"Midland Credit Management,Inc.",2127SC001049,Small Claims,Open,20211129,20211129
17,82524250,"Midland Credit Management,Inc.",2127SC000138,Small Claims,Disposed (Statistical Purposes),20210301,20211027
18,82600714,"Midland Credit Management,Inc.",2127SC000161,Small Claims,Disposed (Statistical Purposes),20210305,20210506
19,82605096,"Midland Credit Management,Inc.",2127SC000160,Small Claims,Disposed (Statistical Purposes),20210305,20211027
20,82624185,"Midland Credit Management,Inc.",2127SC000895,Small Claims,Open,20211019,20211019
21,82628019,"Midland Credit Management,Inc.",2127SC000333,Small Claims,Disposed (Statistical Purposes),20210430,20211118
22,82692487,"Midland Credit Management,Inc.",2127SC000941,Small Claims,Open,20211025,20211025
23,82698645,"Midland Credit Management,Inc.",2127SC000938,Small Claims,Open,20211025,20211025
24,82705486,"Midland Credit Management,Inc.",2227SC000011,Small Claims,Open,20220104,20220104
25,82712227,"Midland Credit Management,Inc.",2127SC000940,Small Claims,Open,20211025,20211025
26,82740713,"Midland Credit Management,Inc.",2027SC000187,Small Claims,Disposed (Statistical Purposes),20200302,20200526
27,82748917,"Midland Credit Management,Inc.",2127SC000949,Small Claims,Open,20211027,20211027
28,82760801,"Midland Credit Management,Inc.",2127SC000355,Small Claims,Disposed (Statistical Purposes),20210514,20211117
29,82843235,"Midland Credit Management,Inc.",2027SC000050,Small Claims,Suspended Covid 19 extended,20200122,20200903
30,82845938,"Midland Credit Management,Inc.",2027SC000051,Small Claims,Suspended Covid 19 extended,20200122,20200903
31,82895465,"Midland Credit Management,Inc.",2027SC000067,Small Claims,Disposed (Statistical Purposes),20200127,20200226
32,82902606,"Midland Credit Management,Inc.",2027SC000066,Small Claims,Disposed (Statistical Purposes),20200127,20220209
33,82907450,"Midland Credit Management,Inc.",2133SC000690,Small Claims,Open,20210329,20210329
34,84315422,"Midland Credit Management,Inc.",1927SC001004,Small Claims,Disposed (Statistical Purposes),20191212,20200115
35,84316885,"Midland Credit Management,Inc.",1927SC001003,Small Claims,Disposed (Statistical Purposes),20191212,20200115
36,84675041,"Midland Credit Management,Inc.",2125CV000267,Civil,Open,20210617,20210617
37,84675399,"Midland Credit Management,Inc.",2125CV000266,Civil,Open,20210617,20210617
38,84700923,"Midland Credit Management,Inc.",2125CV000282,Civil,Open,20210623,20210623
39,84743962,"Midland Credit Management,Inc.",2125SC000794,Small Claims,Disposed (Statistical Purposes),20210721,20220215
40,84755382,"Midland Credit Management,Inc.",2125SC000813,Small Claims,Disposed (Statistical Purposes),20210721,20220215
41,84797361,"Midland Credit Management,Inc.",2125SC000848,Small Claims,Open,20210728,20210728
42,84798097,"Midland Credit Management,Inc.",2125SC000850,Small Claims,Open,20210728,20210728
43,84798351,"Midland Credit Management,Inc.",2125SC000847,Small Claims,Open,20210728,20210728
44,84917003,"Midland Credit Management,Inc.",2125SC000577,Small Claims,Open,20210602,20210602
45,84924105,"Midland Credit Management,Inc.",2125SC000583,Small Claims,Disposed (Statistical Purposes),20210602,20211214
46,84925694,"Midland Credit Management,Inc.",2125SC000579,Small Claims,Open,20210602,20210602
47,84927946,"Midland Credit Management,Inc.",2125SC000585,Small Claims,Open,20210602,20210602
48,84929580,"Midland Credit Management,Inc.",2125SC000586,Small Claims,Open,20210602,20210602
49,84930648,"Midland Credit Management,Inc.",2125SC000580,Small Claims,Open,20210602,20210602
0,84933208,"Midland Credit Management,Inc.",2125SC000589,Small Claims,Open,20210602,20210602
1,84936254,"Midland Credit Management,Inc.",2125SC000584,Small Claims,Disposed (Statistical Purposes),20210602,20211214
2,84940533,"Midland Credit Management,Inc.",2125SC000578,Small Claims,Disposed (Statistical Purposes),20210602,20211214
3,84944937,"Midland Credit Management,Inc.",2125SC000588,Small Claims,Disposed (Statistical Purposes),20210602,20211214
4,84994296,"Midland Credit Management,Inc.",2125CV000326,Civil,Open,20210716,20210716
5,84996869,"Midland Credit Management,Inc.",2125SC000610,Small Claims,Disposed (Statistical Purposes),20210607,20220104
6,85066179,"Midland Credit Management,Inc.",2125SC000816,Small Claims,Disposed (Statistical Purposes),20210721,20220215
7,85068039,"Midland Credit Management,Inc.",2125SC000817,Small Claims,Disposed (Statistical Purposes),20210721,20220215
8,85069586,"Midland Credit Management,Inc.",2125SC000820,Small Claims,Open,20210722,20210722
9,86036436,"Midland Credit Management,Inc.",2127SC000387,Small Claims,Disposed (Statistical Purposes),20210524,20211124
10,86036523,"Midland Credit Management,Inc.",2127SC000389,Small Claims,Open,20210524,20210524
11,86036914,"Midland Credit Management,Inc.",2127SC000390,Small Claims,Open,20210524,20210524
12,86037286,"Midland Credit Management,Inc.",2127SC000388,Small Claims,Open,20210524,20210524
13,86037493,"Midland Credit Management,Inc.",2127SC000391,Small Claims,Open,20210524,20210524
14,86038904,"Midland Credit Management,Inc.",2127SC000400,Small Claims,Open,20210526,20210526
15,86039529,"Midland Credit Management,Inc.",2127SC000403,Small Claims,Open,20210526,20210526
16,86039757,"Midland Credit Management,Inc.",2127SC000401,Small Claims,Open,20210526,20210526
17,86040508,"Midland Credit Management,Inc.",2127SC000402,Small Claims,Open,20210526,20210526
18,86048037,"Midland Credit Management,Inc.",2127SC000418,Small Claims,Disposed (Statistical Purposes),20210601,20210615
19,86048322,"Midland Credit Management,Inc.",2127SC000417,Small Claims,Disposed (Statistical Purposes),20210601,20210902
20,86048477,"Midland Credit Management,Inc.",2127SC000419,Small Claims,Open,20210601,20210601
21,86051798,"Midland Credit Management,Inc.",2127SC000434,Small Claims,Disposed (Statistical Purposes),20210603,20211209
22,86051868,"Midland Credit Management,Inc.",2127SC000440,Small Claims,Open,20210603,20210603
23,86052052,"Midland Credit Management,Inc.",2127SC000438,Small Claims,Open,20210603,20210603
24,86053417,"Midland Credit Management,Inc.",2127SC000436,Small Claims,Open,20210603,20210603
25,86054002,"Midland Credit Management,Inc.",2127SC000435,Small Claims,Open,20210603,20210603
26,86054366,"Midland Credit Management,Inc.",2127SC000437,Small Claims,Open,20210603,20210603
27,86122591,"Midland Credit Management,Inc.",2127SC000554,Small Claims,Open,20210702,20210702
28,86123799,"Midland Credit Management,Inc.",2127SC000556,Small Claims,Disposed (Statistical Purposes),20210702,20210824
29,86123880,"Midland Credit Management,Inc.",2127SC000553,Small Claims,Open,20210702,20210702
30,86124266,"Midland Credit Management,Inc.",2127SC000555,Small Claims,Open,20210702,20210702
31,86124311,"Midland Credit Management,Inc.",2127SC000552,Small Claims,Open,20210702,20210702
32,86124420,"Midland Credit Management,Inc.",2127SC000557,Small Claims,Open,20210702,20210702
33,86126761,"Midland Credit Management,Inc.",2127SC000572,Small Claims,Open,20210706,20210706
34,86126889,"Midland Credit Management,Inc.",2127SC000573,Small Claims,Open,20210706,20210706
35,86128682,"Midland Credit Management,Inc.",2127SC000569,Small Claims,Disposed (Statistical Purposes),20210706,20211103
36,86128705,"Midland Credit Management,Inc.",2127SC000571,Small Claims,Disposed (Statistical Purposes),20210706,20210727
37,86129967,"Midland Credit Management,Inc.",2127SC000570,Small Claims,Open,20210706,20210706
38,86135074,"Midland Credit Management,Inc.",2127SC000586,Small Claims,Open,20210712,20210712
39,86135903,"Midland Credit Management,Inc.",2127SC000584,Small Claims,Open,20210712,20210712
40,86136627,"Midland Credit Management,Inc.",2127SC000583,Small Claims,Open,20210712,20210712
41,86143190,"Midland Credit Management,Inc.",2127SC000604,Small Claims,Open,20210719,20210719
42,86145160,"Midland Credit Management,Inc.",2127SC000599,Small Claims,Open,20210719,20210719
43,86155286,"Midland Credit Management,Inc.",2127SC000623,Small Claims,Open,20210726,20210726
44,86156199,"Midland Credit Management,Inc.",2127SC000624,Small Claims,Open,20210726,20210726
45,86157275,"Midland Credit Management,Inc.",2127SC000635,Small Claims,Open,20210727,20210727
46,86157410,"Midland Credit Management,Inc.",2127SC000630,Small Claims,Open,20210727,20210727
47,86157561,"Midland Credit Management,Inc.",2127SC000633,Small Claims,Disposed (Statistical Purposes),20210727,20220131
48,86157718,"Midland Credit Management,Inc.",2127SC000629,Small Claims,Open,20210727,20210727
49,86158255,"Midland Credit Management,Inc.",2127SC000628,Small Claims,Open,20210727,20210727
0,86158447,"Midland Credit Management,Inc.",2127SC000631,Small Claims,Open,20210727,20210727
1,86158562,"Midland Credit Management,Inc.",2127SC000632,Small Claims,Open,20210727,20210727
2,86159001,"Midland Credit Management,Inc.",2127SC000634,Small Claims,Open,20210727,20210727
3,86722191,"Midland Credit Management,Inc.",2160SC000664,Small Claims,Disposed (Statistical Purposes),20210722,20211101
4,88278490,"Midland Credit Management,Inc.",2031SC000767,Small Claims,Disposed (Statistical Purposes),20200615,20210809
5,88410464,"Midland Credit Management,Inc.",2027SC000591,Small Claims,Disposed (Statistical Purposes),20201223,20211006
6,88411176,"Midland Credit Management,Inc.",2027SC000590,Small Claims,Disposed (Statistical Purposes),20201223,20211006
7,88427947,"Midland Credit Management,Inc.",2127SC000056,Small Claims,Disposed (Statistical Purposes),20210216,20211014
8,88430743,"Midland Credit Management,Inc.",2127SC000092,Small Claims,Disposed (Statistical Purposes),20210218,20211020
9,88430894,"Midland Credit Management,Inc.",2127SC000094,Small Claims,Disposed (Statistical Purposes),20210218,20211020
10,88431535,"Midland Credit Management,Inc.",2127SC000099,Small Claims,Disposed (Statistical Purposes),20210218,20211020
11,88431650,"Midland Credit Management,Inc.",2127SC000091,Small Claims,Disposed (Statistical Purposes),20210218,20211022
12,88431917,"Midland Credit Management,Inc.",2127SC000095,Small Claims,Disposed (Statistical Purposes),20210218,20211020
13,88432575,"Midland Credit Management,Inc.",2127SC000105,Small Claims,Disposed (Statistical Purposes),20210218,20211020
14,88432769,"Midland Credit Management,Inc.",2127SC000089,Small Claims,Disposed (Statistical Purposes),20210218,20210804
15,88433772,"Midland Credit Management,Inc.",2127SC000098,Small Claims,Disposed (Statistical Purposes),20210218,20210402
16,88434089,"Midland Credit Management,Inc.",2127SC000103,Small Claims,Disposed (Statistical Purposes),20210218,20211020
17,88434344,"Midland Credit Management,Inc.",2127SC000104,Small Claims,Disposed (Statistical Purposes),20210218,20211202
18,88434513,"Midland Credit Management,Inc.",2127SC000096,Small Claims,Disposed (Statistical Purposes),20210218,20211020
19,88435182,"Midland Credit Management,Inc.",2127SC000101,Small Claims,Disposed (Statistical Purposes),20210218,20211020
20,88435321,"Midland Credit Management,Inc.",2127SC000093,Small Claims,Disposed (Statistical Purposes),20210218,20211013
21,88435775,"Midland Credit Management,Inc.",2127SC000102,Small Claims,Open,20210218,20210218
22,88436390,"Midland Credit Management,Inc.",2127SC000100,Small Claims,Disposed (Statistical Purposes),20210218,20211020
23,88436738,"Midland Credit Management,Inc.",2127SC000097,Small Claims,Disposed (Statistical Purposes),20210218,20211020
24,88437879,"Midland Credit Management,Inc.",2127SC000090,Small Claims,Disposed (Statistical Purposes),20210218,20211020
25,88463787,"Midland Credit Management,Inc.",2127SC000239,Small Claims,Disposed (Statistical Purposes),20210329,20211103
26,88463839,"Midland Credit Management,Inc.",2127SC000238,Small Claims,Disposed (Statistical Purposes),20210329,20211103
27,88464091,"Midland Credit Management,Inc.",2127SC000237,Small Claims,Disposed (Statistical Purposes),20210329,20211103
28,88468977,"Midland Credit Management,Inc.",2127SC000254,Small Claims,Disposed (Statistical Purposes),20210402,20211110
29,88542304,"Midland Credit Management,Inc.",2132SC001376,Small Claims,Disposed (Statistical Purposes),20210630,20211022
30,13965741,Meredith Management Cporporation,11H79SP000222,Housing Court Summary Process,Active,20110118,20110118
31,15023992,Harvest Credit Management Ii,1032CV000160,Civil,Disposed (Statistical Purposes),20100125,20100331
32,15131141,Haravest Credit Management LLC,1221SP000138,Supplementary Process,Disposed (Statistical Purposes),20120801,20121026
33,15563272,Harvard Credit Management,1149SP000290,Supplementary Process,Disposed (Statistical Purposes),20110620,20140924
34,15613919,Harvest Credit Management Vll LLC,1423SP000118,Supplementary Process,Disposed (Statistical Purposes),20140326,20140520
35,15711125,Harvest Credit Management LC,1225SP001011,Supplementary Process,Disposed (Statistical Purposes),20121022,20130509
36,16436953,"Harvest Credit Management V I I, L L C",1026SP000070,Supplementary Process,Disposed (Statistical Purposes),20100310,20100504
37,16608471,Harvard Credit Management VII,1250CV000521,Civil,Disposed (Statistical Purposes),20120507,20140710
38,38363342,Harvard Credit Management VII,0953CV001737,Civil,Disposed (Statistical Purposes),20090928,20100120
39,38367527,Harvard Credit Management VII,0953CV001736,Civil,Disposed (Statistical Purposes),20090928,20100114
40,38368578,Harvard Credit Management VII,0953CV001738,Civil,Disposed (Statistical Purposes),20090928,20100714
41,38370265,Harvard Credit Management VII,0953CV001740,Civil,Disposed (Statistical Purposes),20090928,20091215
42,38371265,Harvard Credit Management VII,0953CV001739,Civil,Disposed (Statistical Purposes),20090928,20091215
43,43998647,Harvard Credit Management VII,0857CV001017,Civil,Disposed (Statistical Purposes),20081023,20081231
44,51133201,Harvard Credit Management VII,0962SC002091,Small Claims,Disposed (Statistical Purposes),20090421,20090604
45,53972980,Harvard Credit Management VII,0833CV000899,Civil,Disposed (Statistical Purposes),20080505,20080729
46,16870798,"Harvest Credit Management Vii , Llc",1086CV000322,Civil,Disposed (Statistical Purposes),20100510,20110926
47,17136555,"Harvest Credit Management, VII LLC",1169SP000100,Supplementary Process,Disposed (Statistical Purposes),20110328,20110830
48,19282398,"Harvest Credit Management, VII LLC",1106SP000392,Supplementary Process,Disposed (Statistical Purposes),20110629,20120327
49,17165884,"Harvest Credit Management,Vii",1132SP000207,Supplementary Process,Disposed (Statistical Purposes),20110321,20110513
0,35085826,"Harvest Credit Management,Vii",0927SC000405,Small Claims,Disposed (Statistical Purposes),20090225,20090427
1,39331367,"Harvest Credit Management,Vii",0827SC001568,Small Claims,Disposed (Statistical Purposes),20081103,20081114
2,40688381,"Harvest Credit Management,Vii",0927SC001027,Small Claims,Disposed (Statistical Purposes),20090615,20090731
3,17185225,"Harvard Credit Management, VII",1069SP000414,Supplementary Process,Disposed (Statistical Purposes),20101129,20110513
4,59951072,"Harvard Credit Management, VII",1150SP000643,Supplementary Process,Disposed (Statistical Purposes),20110820,20111004
5,76393728,"Harvard Credit Management, VII",1368SP000008,Supplementary Process,Disposed (Statistical Purposes),20130130,20130422
6,17414280,"Harvest Credit Management, Llc",1049SP000154,Supplementary Process,Disposed (Statistical Purposes),20100329,20100528
7,19744256,"Harvest Credit Management, Llc",0508SC000147,Small Claims,Disposed (Statistical Purposes),20050401,20051021
8,19803364,"Harvest Credit Management, Llc",0608SC000019,Small Claims,Pending,20060113,20060113
9,19805505,"Harvest Credit Management, Llc",0507CV000210,Civil,Disposed (Statistical Purposes),20050228,20050929
10,20201229,"Harvest Credit Management, Llc",0548CV000128,Civil,Disposed (Statistical Purposes),20050404,20060221
11,20279662,"Harvest Credit Management, Llc",0525CV000280,Civil,Disposed (Statistical Purposes),20050404,20051130
12,20384741,"Harvest Credit Management, Llc",0606CV000108,Civil,Disposed (Statistical Purposes),20060222,20060504
13,20407150,"Harvest Credit Management, Llc",0606SP000660,Supplementary Process,Disposed (Statistical Purposes),20061221,20070214
14,20421870,"Harvest Credit Management, Llc",0606SP000661,Supplementary Process,Disposed (Statistical Purposes),20061221,20070904
15,20549524,"Harvest Credit Management, Llc",0602SP000406,Supplementary Process,Disposed (Statistical Purposes),20060822,20070330
16,20676934,"Harvest Credit Management, Llc",0706SP000044,Supplementary Process,Disposed (Statistical Purposes),20070123,20080918
17,20850230,"Harvest Credit Management, Llc",0525CV000921,Civil,Disposed (Statistical Purposes),20050916,20060606
18,21026827,"Harvest Credit Management, Llc",0514CV000243,Civil,Disposed (Statistical Purposes),20050324,20050628
19,21836008,"Harvest Credit Management, Llc",0516CV000039,Civil,Disposed (Statistical Purposes),20050127,20050411
20,22155484,"Harvest Credit Management, Llc",0564CV000161,Civil,Disposed (Statistical Purposes),20050324,20070111
21,23179141,"Harvest Credit Management, Llc",0518CV000068,Civil,Disposed (Statistical Purposes),20050119,20050420
22,23382719,"Harvest Credit Management, Llc",0914SP000605,Supplementary Process,Disposed (Statistical Purposes),20090817,20091217
23,23488657,"Harvest Credit Management, Llc",0518CV000312,Civil,Disposed (Statistical Purposes),20050324,20050617
24,23798387,"Harvest Credit Management, Llc",0561CV000090,Civil,Disposed (Statistical Purposes),20050324,20051201
25,23986316,"Harvest Credit Management, Llc",0614SP000204,Supplementary Process,Disposed (Statistical Purposes),20060504,20060711
26,24989466,"Harvest Credit Management, Llc",0521CV000042,Civil,Disposed (Statistical Purposes),20050208,20050627
27,25007382,"Harvest Credit Management, Llc",0521SP000022,Supplementary Process,Disposed (Statistical Purposes),20050307,20050421
28,25250056,"Harvest Credit Management, Llc",0698SP000120,Supplementary Process,Disposed (Statistical Purposes),20060713,20060922
29,25547475,"Harvest Credit Management, Llc",0769CV000095,Civil,Disposed (Statistical Purposes),20070226,20071130
30,27028720,"Harvest Credit Management, Llc",0958SP000319,Supplementary Process,Disposed (Statistical Purposes),20090706,20090910
31,27336852,"Harvest Credit Management, Llc",0654SP000363,Supplementary Process,Disposed (Statistical Purposes),20061222,20070223
32,28533115,"Harvest Credit Management, Llc",0586CV000022,Civil,Disposed (Statistical Purposes),20050119,20050309
33,28694210,"Harvest Credit Management, Llc",0559CV000450,Civil,Disposed (Statistical Purposes),20050609,20060111
34,28944391,"Harvest Credit Management, Llc",0527CV000132,Civil,Disposed (Statistical Purposes),20050325,20050527
35,29314561,"Harvest Credit Management, Llc",0559CV000159,Civil,Disposed (Statistical Purposes),20050304,20050818
36,29560700,"Harvest Credit Management, Llc",0556CV000395,Civil,Disposed (Statistical Purposes),20050224,20050426
37,29985269,"Harvest Credit Management, Llc",0536CV000263,Civil,Disposed (Statistical Purposes),20050324,20051208
38,30285268,"Harvest Credit Management, Llc",0523CV000004,Civil,Disposed (Statistical Purposes),20050103,20050421
39,30430602,"Harvest Credit Management, Llc",0738SP000006,Supplementary Process,Disposed (Statistical Purposes),20061226,20100719
40,30442552,"Harvest Credit Management, Llc",0738SP000007,Supplementary Process,Disposed (Statistical Purposes),20061226,20070319
41,30944677,"Harvest Credit Management, Llc",0523CV000790,Civil,Disposed (Statistical Purposes),20050328,20050705
42,31452417,"Harvest Credit Management, Llc",0721CV000074,Civil,Disposed (Statistical Purposes),20070205,20071018
43,32230840,"Harvest Credit Management, Llc",0560CV000074,Civil,Disposed (Statistical Purposes),20050209,20050818
44,34228071,"Harvest Credit Management, Llc",0557CV000037,Civil,Disposed (Statistical Purposes),20050120,20050406
45,34230376,"Harvest Credit Management, Llc",0557CV000036,Civil,Disposed (Statistical Purposes),20050120,20050331
46,34349135,"Harvest Credit Management, Llc",0557CV000170,Civil,Disposed (Statistical Purposes),20050325,20060614
47,34694372,"Harvest Credit Management, Llc",0621SP000215,Supplementary Process,Disposed (Statistical Purposes),20061227,20070315
48,36163292,"Harvest Credit Management, Llc",0723SC000268,Small Claims,Disposed (Statistical Purposes),20070119,20070330
49,36381373,"Harvest Credit Management, Llc",0731SP000104,Supplementary Process,Disposed (Statistical Purposes),20070402,20070531
0,36646093,"Harvest Credit Management, Llc",0531CV000838,Civil,Disposed (Statistical Purposes),20050916,20060207
1,37973718,"Harvest Credit Management, Llc",0767SP000039,Supplementary Process,Disposed (Statistical Purposes),20070320,20080604
2,42121930,"Harvest Credit Management, Llc",0544CV000478,Civil,Disposed (Statistical Purposes),20051011,20060130
3,45382349,"Harvest Credit Management, Llc",0507CV001235,Civil,Disposed (Statistical Purposes),20050919,20051221
4,45410849,"Harvest Credit Management, Llc",0511CV000205,Civil,Disposed (Statistical Purposes),20050203,20050502
5,45543937,"Harvest Credit Management, Llc",0532CV000198,Civil,Disposed (Statistical Purposes),20050224,20050801
6,45605002,"Harvest Credit Management, Llc",0538CV000006,Civil,Disposed (Statistical Purposes),20050105,20050615
7,45608945,"Harvest Credit Management, Llc",0538CV000073,Civil,Disposed (Statistical Purposes),20050208,20050413
8,45618281,"Harvest Credit Management, Llc",0533SP000054,Supplementary Process,Disposed (Statistical Purposes),20050203,20050422
9,45693406,"Harvest Credit Management, Llc",0552CV000269,Civil,Disposed (Statistical Purposes),20050325,20050617
10,49774000,"Harvest Credit Management, Llc",0523CV000360,Civil,Disposed (Statistical Purposes),20050209,20070621
11,54827285,"Harvest Credit Management, Llc",0907SP000230,Supplementary Process,Disposed (Statistical Purposes),20090226,20090423
12,55963875,"Harvest Credit Management, Llc",0556CV000607,Civil,Disposed (Statistical Purposes),20050324,20050715
13,57830026,"Harvest Credit Management, Llc",0562CV000172,Civil,Disposed (Statistical Purposes),20050127,20050228
14,59527550,"Harvest Credit Management, Llc",0562SC001521,Small Claims,Disposed (Statistical Purposes),20050421,20060217
15,59808014,"Harvest Credit Management, Llc",0562CV000520,Civil,Disposed (Statistical Purposes),20050324,20050331
16,59813485,"Harvest Credit Management, Llc",0562CV000535,Civil,Disposed (Statistical Purposes),20050325,20050927
17,59901746,"Harvest Credit Management, Llc",0762SP000192,Supplementary Process,Disposed (Statistical Purposes),20070326,20070606
18,63263682,"Harvest Credit Management, Llc",0523CV000798,Civil,Disposed (Statistical Purposes),20050329,20060105
19,17418092,"Harvest Credit Management V Ii, Llc",1056SC000914,Small Claims,Disposed (Statistical Purposes),20100312,20100415
20,17418212,"Harvest Credit Management V Ii, L.L.C.",1056SC000915,Small Claims,Disposed (Statistical Purposes),20100312,20100416
21,34190440,"Harvest Credit Management V Ii, L.L.C.",0718SP000597,Supplementary Process,Disposed (Statistical Purposes),20070924,20071127
22,17419875,"Harvest Credit Management V I I, L.L.C.",1056SC000929,Small Claims,Disposed (Statistical Purposes),20100312,20100428
23,20990469,"Harvest Credit Management V I I, L.L.C.",0834CV000675,Civil,Disposed (Statistical Purposes),20080611,20081121
24,22040229,"Harvest Credit Management V I I, L.L.C.",0925CV001462,Civil,Disposed (Statistical Purposes),20090824,20091223
25,27360086,"Harvest Credit Management V I I, L.L.C.",0654CV001364,Civil,Disposed (Statistical Purposes),20061221,20070612
26,28830590,"Harvest Credit Management V I I, L.L.C.",0718CV000260,Civil,Disposed (Statistical Purposes),20070207,20070426
27,29020612,"Harvest Credit Management V I I, L.L.C.",0718CV000488,Civil,Disposed (Statistical Purposes),20070315,20070522
28,29666830,"Harvest Credit Management V I I, L.L.C.",0840SP000005,Supplementary Process,Disposed (Statistical Purposes),20080123,20080717
29,30478646,"Harvest Credit Management V I I, L.L.C.",0811CV000160,Civil,Disposed (Statistical Purposes),20080114,20080402
30,38445498,"Harvest Credit Management V I I, L.L.C.",0610CV001322,Civil,Disposed (Statistical Purposes),20061204,20070109
31,39237841,"Harvest Credit Management V I I, L.L.C.",0810CV001143,Civil,Disposed (Statistical Purposes),20080825,20090311
32,40336310,"Harvest Credit Management V I I, L.L.C.",0736SC001263,Small Claims,Disposed (Statistical Purposes),20070801,20070913
33,41973523,"Harvest Credit Management V I I, L.L.C.",0760CV000811,Civil,Disposed (Statistical Purposes),20070928,20080117
34,46031394,"Harvest Credit Management V I I, L.L.C.",0626CV000402,Civil,Disposed (Statistical Purposes),20060726,20061129
35,47411339,"Harvest Credit Management V I I, L.L.C.",0945SP000071,Supplementary Process,Disposed (Statistical Purposes),20090319,20090507
36,52065137,"Harvest Credit Management V I I, L.L.C.",0733CV000133,Civil,Disposed (Statistical Purposes),20070124,20070607
37,57539123,"Harvest Credit Management V I I, L.L.C.",0752CV000083,Civil,Disposed (Statistical Purposes),20070123,20070306
38,59968729,"Harvest Credit Management V I I, L.L.C.",0623CV003003,Civil,Disposed (Statistical Purposes),20061110,20070719
39,67113347,"Harvest Credit Management V I I, L.L.C.",0701CV004789,Civil,Closed,20070831,20071022
40,67124373,"Harvest Credit Management V I I, L.L.C.",0701CV004787,Civil,Closed,20070831,20071022
41,69682744,"Harvest Credit Management V I I, L.L.C.",0701SC000868,Small Claims,Closed,20070227,20070227
42,70595779,"Harvest Credit Management V I I, L.L.C.",1001CV001169,Civil,Closed,20100401,20100401
43,74072287,"Harvest Credit Management V I I, L.L.C.",0801CV002684,Civil,Closed,20080612,20080723
44,17615683,"Harvest Credit Management V Ii, L.L.C. Barclays Bj",1010CV001421,Civil,Disposed (Statistical Purposes),20101224,20110304
45,17887306,Harvest Credit Management Assignee Of Hsbc,1107SP000614,Supplementary Process,Disposed (Statistical Purposes),20110725,20111027
46,17934216,Harvest Credit Management Vi-B Llc,1002SP000233,Supplementary Process,Disposed (Statistical Purposes),20100429,20100609
47,26899729,Harvest Credit Management Vi-B Llc,0647CV000507,Civil,Disposed (Statistical Purposes),20061113,20070529
48,27495956,Harvest Credit Management Vi-B Llc,0664CV000777,Civil,Disposed (Statistical Purposes),20061113,20070118
49,18351874,"Harvest Credit Management, Vii, L L C",1007CV000541,Civil,Disposed (Statistical Purposes),20100510,20110106
0,18391772,"Harvest Credit Management LLC,",1102SP000142,Supplementary Process,Disposed (Statistical Purposes),20110408,20131126
1,18606477,"Harvest Credit Management VII ,LLC",1005SC000357,Small Claims,Disposed (Statistical Purposes),20100803,20110829
2,19026729,Harvest Credit Management Metris-Direct Merchand Bk,1102CV000171,Civil,Pending,20110620,20110620
3,19775456,"Harvest Credit Management,Llc",0507CV000090,Civil,Disposed (Statistical Purposes),20050119,20050520
4,19806326,"Harvest Credit Management,Llc",0507CV000222,Civil,Disposed (Statistical Purposes),20050303,20070116
5,19906869,"Harvest Credit Management,Llc",0607CV000059,Civil,Disposed (Statistical Purposes),20060124,20070102
6,21689085,"Harvest Credit Management,Llc",0620SP000074,Supplementary Process,Disposed (Statistical Purposes),20060505,20060627
7,25578680,"Harvest Credit Management,Llc",0550SC000832,Small Claims,Disposed (Statistical Purposes),20050502,20050713
8,27159672,"Harvest Credit Management,Llc",0725SP001720,Supplementary Process,Disposed (Statistical Purposes),20070723,20070904
9,33472008,"Harvest Credit Management,Llc",0553CV000075,Civil,Disposed (Statistical Purposes),20050127,20050325
10,33618814,"Harvest Credit Management,Llc",0627SP000172,Supplementary Process,Disposed (Statistical Purposes),20060814,20061017
11,45382420,"Harvest Credit Management,Llc",0507CV001236,Civil,Disposed (Statistical Purposes),20050919,20060210
12,45754417,"Harvest Credit Management,Llc",0551CV000631,Civil,Disposed (Statistical Purposes),20050915,20051230
13,19779361,"Harvest Credit Management, Llc,",0502CV000101,Civil,Disposed (Statistical Purposes),20050325,20050711
14,30963697,"Harvest Credit Management, Llc,",0523CV000792,Civil,Disposed (Statistical Purposes),20050328,20050617
15,76663418,"Harvest Credit Management, Llc,",0901SP000215,Supplementary Process,Closed,20090608,20090608
16,19786380,Harvard Credit Management Metris Direct Mechants,0708SP000159,Supplementary Process,Disposed (Statistical Purposes),20071019,20080519
17,19828605,"Harvest Credit Management, Llc.",0502CV000030,Civil,Disposed (Statistical Purposes),20050128,20050608
18,20533542,"Harvest Credit Management, Llc.",0602SP000404,Supplementary Process,Disposed (Statistical Purposes),20060822,20061013
19,20628346,"Harvest Credit Management, Llc.",0702SP000161,Supplementary Process,Disposed (Statistical Purposes),20070327,20070626
20,37467085,"Harvest Credit Management, Llc.",0567CV000644,Civil,Disposed (Statistical Purposes),20050915,20061107
21,19878150,Harvest Credit Management As Successor In Interest,0608SP000037,Supplementary Process,Pending,20060302,20060302
22,19878637,Harvest Credit Management Metris-Direct Merchant B,0502CV000219,Civil,Disposed (Statistical Purposes),20050621,20060117
23,28260959,Harvest Credit Management Metris-Direct Merchant B,0527CV000304,Civil,Disposed (Statistical Purposes),20050620,20050906
24,28373537,Harvest Credit Management Metris-Direct Merchant B,0543CV000072,Civil,Disposed (Statistical Purposes),20050225,20050421
25,35430116,Harvest Credit Management Metris-Direct Merchant B,0811CV004687,Civil,Disposed (Statistical Purposes),20081208,20090217
26,36170789,Harvest Credit Management Metris-Direct Merchant B,0933CV001311,Civil,Disposed (Statistical Purposes),20090629,20091118
27,43822285,Harvest Credit Management Metris-Direct Merchant B,0557CV000647,Civil,Disposed (Statistical Purposes),20051103,20070404
28,45587755,Harvest Credit Management Metris-Direct Merchant B,0534CV000105,Civil,Disposed (Statistical Purposes),20050228,20050427
29,47062951,Harvest Credit Management Metris-Direct Merchant B,0864CV000528,Civil,Disposed (Statistical Purposes),20080609,20090303
30,53033259,Harvest Credit Management Metris-Direct Merchant B,0523CV000337,Civil,Disposed (Statistical Purposes),20050207,20050401
31,72847060,Harvest Credit Management Metris-Direct Merchant B,0564CV000335,Civil,Disposed (Statistical Purposes),20050620,20050920
32,19879309,Harvest Credit Management Direct Merch Bank-Metris,0502CV000218,Civil,Disposed (Statistical Purposes),20050621,20051114
33,27424163,Harvest Credit Management Direct Merch Bank-Metris,0554SP000230,Supplementary Process,Disposed (Statistical Purposes),20051108,20060106
34,31811354,Harvest Credit Management Direct Merch Bank-Metris,0560CV000249,Civil,Disposed (Statistical Purposes),20050509,20050620
35,32106061,Harvest Credit Management Direct Merch Bank-Metris,0518CV002062,Civil,Disposed (Statistical Purposes),20051206,20060303
36,37316817,Harvest Credit Management Direct Merch Bank-Metris,0560SP000176,Supplementary Process,Disposed (Statistical Purposes),20050923,20060406
37,64835009,Harvest Credit Management Direct Merch Bank-Metris,0554CV000604,Civil,Disposed (Statistical Purposes),20050620,20050908
38,19887995,"Midland Credit Management, Inc.,",0534CV000183,Civil,Disposed (Statistical Purposes),20050331,20050725
39,79760489,"Midland Credit Management, Inc.,",2107SC000152,Small Claims,Open,20210209,20210209
40,79761181,"Midland Credit Management, Inc.,",2107SC000156,Small Claims,Open,20210209,20210209
41,79761702,"Midland Credit Management, Inc.,",2107SC000151,Small Claims,Open,20210209,20210209
42,79762000,"Midland Credit Management, Inc.,",2107CV000457,Civil,Open,20211019,20211019
43,79763106,"Midland Credit Management, Inc.,",2107SC000157,Small Claims,Open,20210209,20210209
44,79763126,"Midland Credit Management, Inc.,",2107CV000456,Civil,Open,20211019,20211019
45,79764053,"Midland Credit Management, Inc.,",2107SC000154,Small Claims,Open,20210209,20210209
46,80562279,"Midland Credit Management, Inc.,",2207CV000025,Civil,Open,20220203,20220203
47,85501705,"Midland Credit Management, Inc.,",2168SC000274,Small Claims,Open,20210722,20210722
48,87193368,"Midland Credit Management, Inc.,",2153SC000791,Small Claims,Open,20210726,20210726
49,87853699,"Midland Credit Management, Inc.,",2007CV000332,Civil,Disposed (Statistical Purposes),20200922,20211013
0,88110690,"Midland Credit Management, Inc.,",2007SC000161,Small Claims,Open,20200207,20200207
1,88111012,"Midland Credit Management, Inc.,",2007SC000170,Small Claims,Open,20200207,20200207
2,88111891,"Midland Credit Management, Inc.,",2007SC000163,Small Claims,Open,20200207,20200207
3,88112341,"Midland Credit Management, Inc.,",2007SC000164,Small Claims,Open,20200207,20200207
4,88113552,"Midland Credit Management, Inc.,",2007SC000166,Small Claims,Open,20200207,20200207
5,88115574,"Midland Credit Management, Inc.,",2007SC000165,Small Claims,Open,20200207,20200207
6,88115734,"Midland Credit Management, Inc.,",2007SC000162,Small Claims,Open,20200207,20200207
7,88420466,"Midland Credit Management, Inc.,",2007SC001351,Small Claims,Disposed (Statistical Purposes),20201204,20220113
8,88421989,"Midland Credit Management, Inc.,",2107SC000310,Small Claims,Open,20210309,20210309
9,19904309,"Harvest Credit Management Chase Manhattan Bank, Us",0507CV001285,Civil,Disposed (Statistical Purposes),20050923,20051209
10,52961848,"Harvest Credit Management Chase Manhattan Bank, Us",0523CV000082,Civil,Disposed (Statistical Purposes),20050113,20050317
11,19906565,Harcest Credit Management Metris Direct Merchants,0507CV001284,Civil,Disposed (Statistical Purposes),20050923,20060518
12,19922618,Harvest Credit Management Discover,0534CV000176,Civil,Disposed (Statistical Purposes),20050325,20050606
13,23114991,Harvest Credit Management Discover,0515CV002298,Civil,Disposed (Statistical Purposes),20051214,20061016
14,30778002,Harvest Credit Management Discover,0555CV000185,Civil,Disposed (Statistical Purposes),20050505,20050620
15,30814849,Harvest Credit Management Discover,0523CV000495,Civil,Disposed (Statistical Purposes),20050228,20051121
16,34826944,Harvest Credit Management Discover,0556SP000507,Supplementary Process,Disposed (Statistical Purposes),20050729,20051101
17,45429192,Harvest Credit Management Discover,0514CV000034,Civil,Disposed (Statistical Purposes),20050112,20050324
18,45437892,Harvest Credit Management Discover,0514CV000147,Civil,Disposed (Statistical Purposes),20050225,20050504
19,50499580,Harvest Credit Management Discover,0715CV000845,Civil,Disposed (Statistical Purposes),20070321,20080313
20,53034149,Harvest Credit Management Discover,0523CV000336,Civil,Disposed (Statistical Purposes),20050207,20050401
21,54953841,Harvest Credit Management Discover,0511CV002778,Civil,Disposed (Statistical Purposes),20051206,20070918
22,19990030,Harvest Credit Management Chase,0507CV001435,Civil,Disposed (Statistical Purposes),20051104,20060303
23,20325842,Harvest Credit Management Chase,0506CV000793,Civil,Disposed (Statistical Purposes),20051107,20051221
24,20643177,Harvest Credit Management Chase,0534CV000723,Civil,Disposed (Statistical Purposes),20051108,20060619
25,22916721,Harvest Credit Management Chase,0515CV002079,Civil,Disposed (Statistical Purposes),20051108,20051220
26,24983688,Harvest Credit Management Chase,0616CV000136,Civil,Disposed (Statistical Purposes),20060327,20070102
27,27209507,Harvest Credit Management Chase,0547CV000421,Civil,Disposed (Statistical Purposes),20051103,20060105
28,30419326,Harvest Credit Management Chase,0563CV000231,Civil,Disposed (Statistical Purposes),20051103,20060602
29,30788241,Harvest Credit Management Chase,0538CV000717,Civil,Disposed (Statistical Purposes),20051221,20060228
30,33769718,Harvest Credit Management Chase,0550CV001420,Civil,Disposed (Statistical Purposes),20051103,20060103
31,33822269,Harvest Credit Management Chase,0686SP000081,Supplementary Process,Disposed (Statistical Purposes),20060522,20060724
32,35000332,Harvest Credit Management Chase,0533CV001443,Civil,Disposed (Statistical Purposes),20051104,20060119
33,39561442,Harvest Credit Management Chase,0586CV000764,Civil,Disposed (Statistical Purposes),20051104,20060301
34,40009765,Harvest Credit Management Chase,0559CV000906,Civil,Disposed (Statistical Purposes),20051103,20061108
35,40973746,Harvest Credit Management Chase,0510SC002488,Small Claims,Disposed (Statistical Purposes),20051107,20051208
36,41146693,Harvest Credit Management Chase,0529CV000135,Civil,Disposed (Statistical Purposes),20051104,20051230
37,42436833,Harvest Credit Management Chase,0553CV001190,Civil,Disposed (Statistical Purposes),20051103,20060103
38,45489754,Harvest Credit Management Chase,0514CV000911,Civil,Disposed (Statistical Purposes),20051102,20060104
39,45490463,Harvest Credit Management Chase,0514CV000912,Civil,Disposed (Statistical Purposes),20051103,20060104
40,46106192,Harvest Credit Management Chase,0647SP000022,Supplementary Process,Disposed (Statistical Purposes),20060213,20060405
41,46155232,Harvest Credit Management Chase,0652CV000730,Civil,Disposed (Statistical Purposes),20060703,20070417
42,49548679,Harvest Credit Management Chase,0523SC004050,Small Claims,Disposed (Statistical Purposes),20051103,20060306
43,53504313,Harvest Credit Management Chase,0623CV000199,Civil,Disposed (Statistical Purposes),20060125,20060330
44,58017012,Harvest Credit Management Chase,0550CV001634,Civil,Disposed (Statistical Purposes),20051221,20060216
45,58018544,Harvest Credit Management Chase,0633SP000121,Supplementary Process,Disposed (Statistical Purposes),20060306,20060414
46,60710120,Harvest Credit Management Chase,0615SP000157,Supplementary Process,Disposed (Statistical Purposes),20060213,20070724
47,62831214,Harvest Credit Management Chase,0556CV002528,Civil,Disposed (Statistical Purposes),20051103,20060424
48,20111964,United Credit Management Corporation,0502SP000431,Supplementary Process,Disposed (Statistical Purposes),20051122,20060515
49,20171604,"Harvest Credit Management Iii, L.L.C.",0534CV000421,Civil,Disposed (Statistical Purposes),20050627,20051220
0,39626798,"Harvest Credit Management Iii, L.L.C.",0651SC001631,Small Claims,Disposed (Statistical Purposes),20061222,20070212
1,70402437,"Harvest Credit Management Iii, L.L.C.",0501CV000122,Civil,Closed,20050112,20051102
2,20322348,"Harvest Credit Management, Vi Llc",0807CV001722,Civil,Disposed (Statistical Purposes),20081014,20090303
3,20322890,"Harvest Credit Management, Metris Direct Merchants",0602CV000201,Civil,Disposed (Statistical Purposes),20060501,20060724
4,20546600,"Harvest Credit Management Vi B, L.L.C.",0548CV000340,Civil,Disposed (Statistical Purposes),20050825,20060106
5,21653488,"Harvest Credit Management Vi B, L.L.C.",0620CV000044,Civil,Disposed (Statistical Purposes),20060127,20060315
6,25147616,"Harvest Credit Management Vi B, L.L.C.",0754SP000050,Supplementary Process,Disposed (Statistical Purposes),20070226,20070911
7,25305493,"Harvest Credit Management Vi B, L.L.C.",0698CV000287,Civil,Disposed (Statistical Purposes),20060724,20060929
8,25712202,"Harvest Credit Management Vi B, L.L.C.",0689SC000905,Small Claims,Disposed (Statistical Purposes),20060724,20060920
9,29417412,"Harvest Credit Management Vi B, L.L.C.",0518SC001765,Small Claims,Disposed (Statistical Purposes),20050829,20051114
10,32315759,"Harvest Credit Management Vi B, L.L.C.",0612SP000149,Supplementary Process,Disposed (Statistical Purposes),20060922,20061025
11,35847309,"Harvest Credit Management Vi B, L.L.C.",0510SC002041,Small Claims,Disposed (Statistical Purposes),20050829,20051020
12,37157853,"Harvest Credit Management Vi B, L.L.C.",0660CV000438,Civil,Disposed (Statistical Purposes),20060724,20060824
13,37666217,"Harvest Credit Management Vi B, L.L.C.",0544CV000457,Civil,Disposed (Statistical Purposes),20050928,20051201
14,39998815,"Harvest Credit Management Vi B, L.L.C.",0559SP000373,Supplementary Process,Disposed (Statistical Purposes),20051110,20060112
15,41276731,"Harvest Credit Management Vi B, L.L.C.",0523CV002655,Civil,Disposed (Statistical Purposes),20051026,20051223
16,42213676,"Harvest Credit Management Vi B, L.L.C.",0544SP000263,Supplementary Process,Disposed (Statistical Purposes),20051220,20060210
17,51641758,"Harvest Credit Management Vi B, L.L.C.",0656SC003537,Small Claims,Disposed (Statistical Purposes),20060724,20060811
18,53251889,"Harvest Credit Management Vi B, L.L.C.",0723SP001264,Supplementary Process,Disposed (Statistical Purposes),20071206,20080303
19,58777291,"Harvest Credit Management Vi B, L.L.C.",0610CV001065,Civil,Disposed (Statistical Purposes),20060927,20061206
20,62117540,"Harvest Credit Management Vi B, L.L.C.",0611SC001916,Small Claims,Disposed (Statistical Purposes),20060605,20060807
21,66565167,"Harvest Credit Management Vi B, L.L.C.",0901SP000060,Supplementary Process,Closed,20090310,20090310
22,70291211,"Harvest Credit Management Vi B, L.L.C.",0601CV003444,Civil,Closed,20060721,20060721
23,70300116,"Harvest Credit Management Vi B, L.L.C.",0601CV003445,Civil,Closed,20060721,20060721
24,70494996,"Harvest Credit Management Vi B, L.L.C.",0501SC004717,Small Claims,Closed,20050928,20050928
25,20624555,"Harvest Credit Management I I I , L.L.C. Assignee",0509CV000017,Civil,Disposed (Statistical Purposes),20050128,20051206
26,20696223,"Harvest Credit Management, Discover",0509SC000129,Small Claims,Disposed (Statistical Purposes),20050225,20050417
27,20774200,"Harvest Credit Management, Llc As Successor In In",0648SP000030,Supplementary Process,Disposed (Statistical Purposes),20060222,20060425
28,20860496,Metris Credit Management Metris Direct Merchants,0634CV000330,Civil,Disposed (Statistical Purposes),20060501,20060619
29,20890461,Metris Credit Management,0634SP000337,Supplementary Process,Disposed (Statistical Purposes),20061222,20070723
30,20900970,"Midland Credit Management,",0834SC000909,Small Claims,Disposed (Statistical Purposes),20080721,20081007
31,20941348,Harvest Credit Management Chase Manhattan Bank Usa,0509CV000089,Civil,Disposed (Statistical Purposes),20050506,20050824
32,21829822,Harvest Credit Management Chase Manhattan Bank Usa,0516CV000017,Civil,Disposed (Statistical Purposes),20050112,20050606
33,21970623,Harvest Credit Management Chase Manhattan Bank Usa,0508CV000202,Civil,Disposed (Statistical Purposes),20050729,20060822
34,24773940,Harvest Credit Management Chase Manhattan Bank Usa,0561CV000226,Civil,Disposed (Statistical Purposes),20050620,20050804
35,26145717,Harvest Credit Management Chase Manhattan Bank Usa,0588CV000050,Civil,Disposed (Statistical Purposes),20050622,20050920
36,32331203,Harvest Credit Management Chase Manhattan Bank Usa,0888SP000022,Supplementary Process,Disposed (Statistical Purposes),20080915,20081113
37,33193574,Harvest Credit Management Chase Manhattan Bank Usa,0553CV000436,Civil,Disposed (Statistical Purposes),20050505,20050928
38,42396898,Harvest Credit Management Chase Manhattan Bank Usa,0553SP000349,Supplementary Process,Disposed (Statistical Purposes),20051103,20070910
39,45410664,Harvest Credit Management Chase Manhattan Bank Usa,0511CV000221,Civil,Disposed (Statistical Purposes),20050204,20050331
40,46128677,Harvest Credit Management Chase Manhattan Bank Usa,0650CV000137,Civil,Disposed (Statistical Purposes),20060127,20061030
41,70166279,Harvest Credit Management Chase Manhattan Bank Usa,0501CV001187,Civil,Closed,20050329,20050607
42,70404290,Harvest Credit Management Chase Manhattan Bank Usa,0501CV004485,Civil,Closed,20051103,20060104
43,70507479,Harvest Credit Management Chase Manhattan Bank Usa,0501SP000159,Supplementary Process,Open,20050921,20060607
44,70605648,Harvest Credit Management Chase Manhattan Bank Usa,0501CV002528,Civil,Closed,20050622,20110128
45,72605083,Harvest Credit Management Chase Manhattan Bank Usa,0581CV01549,Contract / Business Cases,Closed,20050505,20060125
46,72605905,Harvest Credit Management Chase Manhattan Bank Usa,0581CV01539,Contract / Business Cases,Open,20050505,20060201
47,77113510,Harvest Credit Management Chase Manhattan Bank Usa,0601CV004061,Civil,Closed,20060825,20061211
48,21000813,"Midland Credit Management, Inc. As Servicer For Mi",0734CV000171,Civil,Disposed (Statistical Purposes),20070214,20070614
49,21315944,"Midland Credit Management, Inc. As Servicer For Mi",0748CV000069,Civil,Disposed (Statistical Purposes),20070202,20070615
0,21331537,"Midland Credit Management, Inc. As Servicer For Mi",0748CV000047,Civil,Disposed (Statistical Purposes),20070123,20070615
1,21376693,"Midland Credit Management, Inc. As Servicer For Mi",0748CV000086,Civil,Disposed (Statistical Purposes),20070209,20070615
2,23160283,"Midland Credit Management, Inc. As Servicer For Mi",0725CV000223,Civil,Disposed (Statistical Purposes),20070212,20070626
3,23328336,"Midland Credit Management, Inc. As Servicer For Mi",0715CV000309,Civil,Disposed (Statistical Purposes),20070129,20070530
4,23338103,"Midland Credit Management, Inc. As Servicer For Mi",0715CV000307,Civil,Disposed (Statistical Purposes),20070129,20070530
5,23377034,"Midland Credit Management, Inc. As Servicer For Mi",0715CV000308,Civil,Disposed (Statistical Purposes),20070129,20070530
6,23447035,"Midland Credit Management, Inc. As Servicer For Mi",0715CV000483,Civil,Disposed (Statistical Purposes),20070216,20070628
7,23449154,"Midland Credit Management, Inc. As Servicer For Mi",0715CV000481,Civil,Disposed (Statistical Purposes),20070216,20070628
8,24358993,"Midland Credit Management, Inc. As Servicer For Mi",0714CV000111,Civil,Disposed (Statistical Purposes),20070131,20071204
9,24359827,"Midland Credit Management, Inc. As Servicer For Mi",0714CV000110,Civil,Disposed (Statistical Purposes),20070130,20070521
10,24362397,"Midland Credit Management, Inc. As Servicer For Mi",0714CV000112,Civil,Disposed (Statistical Purposes),20070130,20070521
11,24476450,"Midland Credit Management, Inc. As Servicer For Mi",0614CV001155,Civil,Disposed (Statistical Purposes),20061222,20071002
12,25093789,"Midland Credit Management, Inc. As Servicer For Mi",0754CV000157,Civil,Disposed (Statistical Purposes),20070131,20070423
13,25103498,"Midland Credit Management, Inc. As Servicer For Mi",0754CV000159,Civil,Disposed (Statistical Purposes),20070131,20070801
14,25397819,"Midland Credit Management, Inc. As Servicer For Mi",0764CV000056,Civil,Disposed (Statistical Purposes),20070122,20070601
15,25935208,"Midland Credit Management, Inc. As Servicer For Mi",0735CV000018,Civil,Disposed (Statistical Purposes),20070129,20070531
16,26197040,"Midland Credit Management, Inc. As Servicer For Mi",0732CV000292,Civil,Disposed (Statistical Purposes),20070212,20070629
17,26244589,"Midland Credit Management, Inc. As Servicer For Mi",0732CV000291,Civil,Disposed (Statistical Purposes),20070212,20070629
18,26248226,"Midland Credit Management, Inc. As Servicer For Mi",0732CV000293,Civil,Disposed (Statistical Purposes),20070212,20070629
19,26251300,"Midland Credit Management, Inc. As Servicer For Mi",0732CV000297,Civil,Disposed (Statistical Purposes),20070212,20070629
20,26255941,"Midland Credit Management, Inc. As Servicer For Mi",0732CV000296,Civil,Disposed (Statistical Purposes),20070212,20070629
21,26257319,"Midland Credit Management, Inc. As Servicer For Mi",0732CV000295,Civil,Disposed (Statistical Purposes),20070212,20070629
22,26797132,"Midland Credit Management, Inc. As Servicer For Mi",0749CV000095,Civil,Disposed (Statistical Purposes),20070124,20070503
23,26815555,"Midland Credit Management, Inc. As Servicer For Mi",0749CV000127,Civil,Disposed (Statistical Purposes),20070130,20070604
24,27074058,"Midland Credit Management, Inc. As Servicer For Mi",0739CV000029,Civil,Disposed (Statistical Purposes),20070129,20071214
25,27083130,"Midland Credit Management, Inc. As Servicer For Mi",0739CV000030,Civil,Disposed (Statistical Purposes),20070129,20071214
26,27116516,"Midland Credit Management, Inc. As Servicer For Mi",0739CV000024,Civil,Disposed (Statistical Purposes),20070124,20071214
27,27147410,"Midland Credit Management, Inc. As Servicer For Mi",0739CV000050,Civil,Disposed (Statistical Purposes),20070212,20071214
28,27154001,"Midland Credit Management, Inc. As Servicer For Mi",0739CV000048,Civil,Disposed (Statistical Purposes),20070212,20071214
29,27158103,"Midland Credit Management, Inc. As Servicer For Mi",0739CV000049,Civil,Disposed (Statistical Purposes),20070212,20071214
30,27422649,"Midland Credit Management, Inc. As Servicer For Mi",0738CV000052,Civil,Disposed (Statistical Purposes),20070124,20070809
31,27545168,"Midland Credit Management, Inc. As Servicer For Mi",0738CV000068,Civil,Disposed (Statistical Purposes),20070131,20070809
32,27830908,"Midland Credit Management, Inc. As Servicer For Mi",0758CV000064,Civil,Disposed (Statistical Purposes),20070125,20070601
33,28303349,"Midland Credit Management, Inc. As Servicer For Mi",0717CV000031,Civil,Disposed (Statistical Purposes),20070122,20070517
34,28662913,"Midland Credit Management, Inc. As Servicer For Mi",0718CV000162,Civil,Disposed (Statistical Purposes),20070125,20070530
35,28668594,"Midland Credit Management, Inc. As Servicer For Mi",0718CV000174,Civil,Disposed (Statistical Purposes),20070126,20070530
36,28762439,"Midland Credit Management, Inc. As Servicer For Mi",0718CV000204,Civil,Disposed (Statistical Purposes),20070131,20071001
37,29542935,"Midland Credit Management, Inc. As Servicer For Mi",0761CV000041,Civil,Disposed (Statistical Purposes),20070123,20070606
38,30478945,"Midland Credit Management, Inc. As Servicer For Mi",0713CV000209,Civil,Disposed (Statistical Purposes),20070131,20070928
39,31895420,"Midland Credit Management, Inc. As Servicer For Mi",0787CV000024,Civil,Disposed (Statistical Purposes),20070129,20070501
40,31920367,"Midland Credit Management, Inc. As Servicer For Mi",0787CV000016,Civil,Disposed (Statistical Purposes),20070123,20070530
41,32532842,"Midland Credit Management, Inc. As Servicer For Mi",0722CV000038,Civil,Disposed (Statistical Purposes),20070122,20070625
42,32573707,"Midland Credit Management, Inc. As Servicer For Mi",0722CV000051,Civil,Disposed (Statistical Purposes),20070129,20070625
43,32829456,"Midland Credit Management, Inc. As Servicer For Mi",0712CV000047,Civil,Disposed (Statistical Purposes),20070125,20070717
44,32882992,"Midland Credit Management, Inc. As Servicer For Mi",0712CV000084,Civil,Disposed (Statistical Purposes),20070214,20070807
45,32884979,"Midland Credit Management, Inc. As Servicer For Mi",0712CV000085,Civil,Disposed (Statistical Purposes),20070214,20070807
46,33392939,"Midland Credit Management, Inc. As Servicer For Mi",0745CV000032,Civil,Disposed (Statistical Purposes),20070122,20070410
47,33409743,"Midland Credit Management, Inc. As Servicer For Mi",0745CV000065,Civil,Disposed (Statistical Purposes),20070209,20070820
48,33413154,"Midland Credit Management, Inc. As Servicer For Mi",0745CV000048,Civil,Disposed (Statistical Purposes),20070130,20070820
49,34170915,"Midland Credit Management, Inc. As Servicer For Mi",0786CV000067,Civil,Disposed (Statistical Purposes),20070122,20070613
0,34183853,"Midland Credit Management, Inc. As Servicer For Mi",0786CV000083,Civil,Disposed (Statistical Purposes),20070126,20070613
1,34196907,"Midland Credit Management, Inc. As Servicer For Mi",0786CV000096,Civil,Disposed (Statistical Purposes),20070201,20070626
2,34234100,"Midland Credit Management, Inc. As Servicer For Mi",0786CV000133,Civil,Disposed (Statistical Purposes),20070212,20070613
3,34360209,"Midland Credit Management, Inc. As Servicer For Mi",0727CV000039,Civil,Disposed (Statistical Purposes),20070122,20070529
4,34427974,"Midland Credit Management, Inc. As Servicer For Mi",0727CV000086,Civil,Disposed (Statistical Purposes),20070209,20070620
5,34723371,"Midland Credit Management, Inc. As Servicer For Mi",0759CV000188,Civil,Disposed (Statistical Purposes),20070213,20070709
6,34727961,"Midland Credit Management, Inc. As Servicer For Mi",0759CV000183,Civil,Disposed (Statistical Purposes),20070213,20070709
7,34741683,"Midland Credit Management, Inc. As Servicer For Mi",0759CV000186,Civil,Disposed (Statistical Purposes),20070213,20070709
8,34747982,"Midland Credit Management, Inc. As Servicer For Mi",0759CV000184,Civil,Disposed (Statistical Purposes),20070213,20070709
9,34752171,"Midland Credit Management, Inc. As Servicer For Mi",0759CV000185,Civil,Disposed (Statistical Purposes),20070213,20070222
10,34757759,"Midland Credit Management, Inc. As Servicer For Mi",0759CV000187,Civil,Disposed (Statistical Purposes),20070213,20070709
11,36019702,"Midland Credit Management, Inc. As Servicer For Mi",0710CV000084,Civil,Disposed (Statistical Purposes),20070124,20070803
12,36880476,"Midland Credit Management, Inc. As Servicer For Mi",0731CV000167,Civil,Disposed (Statistical Purposes),20070212,20080416
13,37278178,"Midland Credit Management, Inc. As Servicer For Mi",0751CV000078,Civil,Disposed (Statistical Purposes),20070123,20070501
14,37869830,"Midland Credit Management, Inc. As Servicer For Mi",0767CV000091,Civil,Disposed (Statistical Purposes),20070207,20080213
15,37876593,"Midland Credit Management, Inc. As Servicer For Mi",0767CV000092,Civil,Disposed (Statistical Purposes),20070207,20080213
16,38751305,"Midland Credit Management, Inc. As Servicer For Mi",0770CV000023,Civil,Disposed (Statistical Purposes),20070129,20070731
17,38773494,"Midland Credit Management, Inc. As Servicer For Mi",0770CV000030,Civil,Disposed (Statistical Purposes),20070209,20070731
18,39325977,"Midland Credit Management, Inc. As Servicer For Mi",0762CV000270,Civil,Disposed (Statistical Purposes),20070122,20070705
19,39340791,"Midland Credit Management, Inc. As Servicer For Mi",0762CV000302,Civil,Disposed (Statistical Purposes),20070125,20071029
20,39352554,"Midland Credit Management, Inc. As Servicer For Mi",0762CV000301,Civil,Disposed (Statistical Purposes),20070125,20070607
21,39374427,"Midland Credit Management, Inc. As Servicer For Mi",0762CV000269,Civil,Disposed (Statistical Purposes),20070122,20070521
22,46315537,"Midland Credit Management, Inc. As Servicer For Mi",0710CV000064,Civil,Disposed (Statistical Purposes),20070122,20070803
23,46316355,"Midland Credit Management, Inc. As Servicer For Mi",0710CV000109,Civil,Disposed (Statistical Purposes),20070126,20070803
24,46316595,"Midland Credit Management, Inc. As Servicer For Mi",0710CV000108,Civil,Disposed (Statistical Purposes),20070126,20080318
25,46316867,"Midland Credit Management, Inc. As Servicer For Mi",0710CV000111,Civil,Disposed (Statistical Purposes),20070126,20070420
26,46319530,"Midland Credit Management, Inc. As Servicer For Mi",0710CV000172,Civil,Disposed (Statistical Purposes),20070209,20070803
27,46419939,"Midland Credit Management, Inc. As Servicer For Mi",0720CV000112,Civil,Disposed (Statistical Purposes),20070209,20070612
28,46420018,"Midland Credit Management, Inc. As Servicer For Mi",0720CV000113,Civil,Disposed (Statistical Purposes),20070209,20070612
29,49587490,"Midland Credit Management, Inc. As Servicer For Mi",0723CV000535,Civil,Disposed (Statistical Purposes),20070212,20070711
30,52162913,"Midland Credit Management, Inc. As Servicer For Mi",0733CV000279,Civil,Disposed (Statistical Purposes),20070212,20070618
31,52163297,"Midland Credit Management, Inc. As Servicer For Mi",0733CV000278,Civil,Disposed (Statistical Purposes),20070212,20070618
32,52163343,"Midland Credit Management, Inc. As Servicer For Mi",0733CV000275,Civil,Disposed (Statistical Purposes),20070212,20070618
33,52163394,"Midland Credit Management, Inc. As Servicer For Mi",0733CV000276,Civil,Disposed (Statistical Purposes),20070212,20070618
34,52164410,"Midland Credit Management, Inc. As Servicer For Mi",0733CV000280,Civil,Disposed (Statistical Purposes),20070212,20070618
35,53259515,"Midland Credit Management, Inc. As Servicer For Mi",0713CV000302,Civil,Disposed (Statistical Purposes),20070212,20070612
36,53259622,"Midland Credit Management, Inc. As Servicer For Mi",0713CV000293,Civil,Disposed (Statistical Purposes),20070212,20070612
37,53259774,"Midland Credit Management, Inc. As Servicer For Mi",0713CV000294,Civil,Disposed (Statistical Purposes),20070212,20070612
38,53716644,"Midland Credit Management, Inc. As Servicer For Mi",0723CV000341,Civil,Disposed (Statistical Purposes),20070124,20070525
39,57428873,"Midland Credit Management, Inc. As Servicer For Mi",0752CV000070,Civil,Disposed (Statistical Purposes),20070122,20070419
40,57843421,"Midland Credit Management, Inc. As Servicer For Mi",0762CV000397,Civil,Disposed (Statistical Purposes),20070202,20070521
41,58516155,"Midland Credit Management, Inc. As Servicer For Mi",0762CV000508,Civil,Disposed (Statistical Purposes),20070212,20070717
42,58521583,"Midland Credit Management, Inc. As Servicer For Mi",0762CV000507,Civil,Disposed (Statistical Purposes),20070212,20070613
43,21002074,"Midland Credit Management, Inc As Servicer For Mid",0734CV000173,Civil,Disposed (Statistical Purposes),20070214,20070614
44,21376279,"Midland Credit Management, Inc As Servicer For Mid",0748CV000088,Civil,Disposed (Statistical Purposes),20070209,20070615
45,21377647,"Midland Credit Management, Inc As Servicer For Mid",0748CV000089,Civil,Disposed (Statistical Purposes),20070209,20070615
46,21379040,"Midland Credit Management, Inc As Servicer For Mid",0748CV000087,Civil,Disposed (Statistical Purposes),20070209,20070615
47,23467805,"Midland Credit Management, Inc As Servicer For Mid",0715CV000520,Civil,Disposed (Statistical Purposes),20070216,20070928
48,24355709,"Midland Credit Management, Inc As Servicer For Mid",0714CV000089,Civil,Disposed (Statistical Purposes),20070122,20070905
49,25425051,"Midland Credit Management, Inc As Servicer For Mid",0764CV000081,Civil,Disposed (Statistical Purposes),20070130,20070601
0,25705759,"Midland Credit Management, Inc As Servicer For Mid",0798CV000043,Civil,Disposed (Statistical Purposes),20070125,20070524
1,25708377,"Midland Credit Management, Inc As Servicer For Mid",0798CV000042,Civil,Disposed (Statistical Purposes),20070125,20070524
2,26676051,"Midland Credit Management, Inc As Servicer For Mid",0716CV000040,Civil,Disposed (Statistical Purposes),20070122,20070606
3,26677438,"Midland Credit Management, Inc As Servicer For Mid",0716CV000039,Civil,Disposed (Statistical Purposes),20070122,20070403
4,26678009,"Midland Credit Management, Inc As Servicer For Mid",0716CV000043,Civil,Disposed (Statistical Purposes),20070123,20070606
5,26678695,"Midland Credit Management, Inc As Servicer For Mid",0716CV000044,Civil,Disposed (Statistical Purposes),20070123,20070606
6,26685779,"Midland Credit Management, Inc As Servicer For Mid",0716CV000049,Civil,Disposed (Statistical Purposes),20070125,20070606
7,26689009,"Midland Credit Management, Inc As Servicer For Mid",0716CV000054,Civil,Disposed (Statistical Purposes),20070130,20070606
8,26724574,"Midland Credit Management, Inc As Servicer For Mid",0716CV000091,Civil,Disposed (Statistical Purposes),20070209,20070702
9,26726109,"Midland Credit Management, Inc As Servicer For Mid",0716CV000093,Civil,Disposed (Statistical Purposes),20070209,20070702
10,26727872,"Midland Credit Management, Inc As Servicer For Mid",0716CV000092,Civil,Disposed (Statistical Purposes),20070209,20070702
11,26965012,"Midland Credit Management, Inc As Servicer For Mid",0763CV000022,Civil,Disposed (Statistical Purposes),20070123,20070705
12,26966276,"Midland Credit Management, Inc As Servicer For Mid",0763CV000021,Civil,Disposed (Statistical Purposes),20070123,20070509
13,27302677,"Midland Credit Management, Inc As Servicer For Mid",0741CV000049,Civil,Disposed (Statistical Purposes),20070130,20070606
14,29553892,"Midland Credit Management, Inc As Servicer For Mid",0761CV000045,Civil,Disposed (Statistical Purposes),20070125,20070606
15,30092181,"Midland Credit Management, Inc As Servicer For Mid",0713CV000181,Civil,Disposed (Statistical Purposes),20070125,20070525
16,31796697,"Midland Credit Management, Inc As Servicer For Mid",0788CV000019,Civil,Disposed (Statistical Purposes),20070213,20070702
17,32574777,"Midland Credit Management, Inc As Servicer For Mid",0722CV000052,Civil,Disposed (Statistical Purposes),20070129,20070425
18,33407996,"Midland Credit Management, Inc As Servicer For Mid",0745CV000063,Civil,Disposed (Statistical Purposes),20070209,20070820
19,33508923,"Midland Credit Management, Inc As Servicer For Mid",0728CV000032,Civil,Disposed (Statistical Purposes),20070202,20070709
20,33894637,"Midland Credit Management, Inc As Servicer For Mid",0743CV000052,Civil,Disposed (Statistical Purposes),20070101,20070521
21,33940877,"Midland Credit Management, Inc As Servicer For Mid",0743CV000050,Civil,Disposed (Statistical Purposes),20070122,20070521
22,37286568,"Midland Credit Management, Inc As Servicer For Mid",0751CV000100,Civil,Disposed (Statistical Purposes),20070130,20070501
23,37543016,"Midland Credit Management, Inc As Servicer For Mid",0760CV000064,Civil,Disposed (Statistical Purposes),20070124,20070525
24,52162751,"Midland Credit Management, Inc As Servicer For Mid",0733CV000274,Civil,Disposed (Statistical Purposes),20070212,20070618
25,52890344,"Midland Credit Management, Inc As Servicer For Mid",0713CV000146,Civil,Disposed (Statistical Purposes),20070122,20070525
26,21367552,"Harvest Credit Management , VII",0905SC000659,Small Claims,Disposed (Statistical Purposes),20090914,20130801
27,42763312,Meredith Management,06H85SP002368,Housing Court Summary Process,Closed,20060811,20060829
28,42927563,Meredith Management,06H85SP003423,Housing Court Summary Process,Closed,20061030,20061113
29,42939416,Meredith Management,06H85SP003422,Housing Court Summary Process,Closed,20061030,20061113
30,52244116,Meredith Management,14H85SP002343,Housing Court Summary Process,Closed,20140616,20140630
31,21485977,"Harvest Credit Management V I I , L.L.C. Assignee",0815CV001844,Civil,Disposed (Statistical Purposes),20080701,20080820
32,30637056,"Harvest Credit Management V I I , L.L.C. Assignee",0813CV001647,Civil,Disposed (Statistical Purposes),20080725,20081208
33,56041883,"Harvest Credit Management V I I , L.L.C. Assignee",0715CV002833,Civil,Disposed (Statistical Purposes),20071107,20080721
34,21739159,"Harvest Credit Management V I I ,L.L.C.",0620CV000710,Civil,Disposed (Statistical Purposes),20061017,20070110
35,21884493,Harvest Credit Management Metris-Direct Merchand B,0539CV000074,Civil,Disposed (Statistical Purposes),20050324,20050421
36,34358360,Harvest Credit Management Metris-Direct Merchand B,0557CV000161,Civil,Disposed (Statistical Purposes),20050324,20050609
37,37875605,Harvest Credit Management Metris-Direct Merchand B,0553CV000800,Civil,Disposed (Statistical Purposes),20050729,20051005
38,59394856,Harvest Credit Management Metris-Direct Merchand B,1062SP000262,Supplementary Process,Disposed (Statistical Purposes),20100224,20100507
39,76743791,Harvest Credit Management Metris-Direct Merchand B,0601CV000674,Civil,Closed,20060213,20060801
40,22127827,"Harvest Credit Management Mbna American Bank, N.A.",0514CV000820,Civil,Disposed (Statistical Purposes),20050922,20051130
41,36805566,"Harvest Credit Management Mbna American Bank, N.A.",0565CV000362,Civil,Disposed (Statistical Purposes),20050923,20060111
42,22210845,Harvest Credit Management Vi I,0915SC003649,Small Claims,Disposed (Statistical Purposes),20091201,20100108
43,22323044,Harvest Credit Management Iv Llc,0806CV001229,Civil,Disposed (Statistical Purposes),20081024,20090113
44,22325281,Harvest Credit Management Assignee Of Providian,0625CV001295,Civil,Disposed (Statistical Purposes),20061101,20070313
45,22386851,Harvest Credit Management Assignee Of Providian,0625CV001408,Civil,Disposed (Statistical Purposes),20061127,20070613
46,22435876,"Midland Credit Management, Inc. Assignee Of Mazda",0625CV001525,Civil,Disposed (Statistical Purposes),20061218,20070410
47,22653085,"Harvest Credit Management, L L C",0549CV000314,Civil,Disposed (Statistical Purposes),20050421,20060111
48,30780825,"Harvest Credit Management, L L C",0555CV000169,Civil,Disposed (Statistical Purposes),20050421,20051013
49,22761470,"Harvest Credit Management, Inc. Llc",0517CV000018,Civil,Disposed (Statistical Purposes),20050120,20050404
0,23141548,Midland Credit Management Inc As Servicer For Mrc,0725CV000224,Civil,Disposed (Statistical Purposes),20070212,20070626
1,23483694,Midland Credit Management Inc As Servicer For Mrc,0715CV000521,Civil,Disposed (Statistical Purposes),20070216,20070928
2,52499471,Midland Credit Management Inc As Servicer For Mrc,0711CV000206,Civil,Disposed (Statistical Purposes),20070124,20071001
3,23144085,Midland Credit Management Inc As Servicer For Midl,0725CV000225,Civil,Disposed (Statistical Purposes),20070212,20070626
4,25454012,Midland Credit Management Inc As Servicer For Midl,0764CV000073,Civil,Disposed (Statistical Purposes),20070126,20070601
5,27293848,Midland Credit Management Inc As Servicer For Midl,0741CV000043,Civil,Disposed (Statistical Purposes),20070125,20070606
6,27316459,Midland Credit Management Inc As Servicer For Midl,0741CV000044,Civil,Disposed (Statistical Purposes),20070129,20070420
7,27319225,Midland Credit Management Inc As Servicer For Midl,0741CV000065,Civil,Disposed (Statistical Purposes),20070209,20070613
8,27325316,Midland Credit Management Inc As Servicer For Midl,0741CV000066,Civil,Disposed (Statistical Purposes),20070209,20070613
9,29533995,Midland Credit Management Inc As Servicer For Midl,0761CV000054,Civil,Disposed (Statistical Purposes),20070130,20070606
10,29536991,Midland Credit Management Inc As Servicer For Midl,0761CV000031,Civil,Disposed (Statistical Purposes),20070122,20070606
11,29542120,Midland Credit Management Inc As Servicer For Midl,0761CV000032,Civil,Disposed (Statistical Purposes),20070122,20070606
12,29749194,Midland Credit Management Inc As Servicer For Midl,0711CV000290,Civil,Disposed (Statistical Purposes),20070129,20071002
13,29752121,Midland Credit Management Inc As Servicer For Midl,0711CV000293,Civil,Disposed (Statistical Purposes),20070129,20071002
14,29754284,Midland Credit Management Inc As Servicer For Midl,0711CV000207,Civil,Disposed (Statistical Purposes),20070125,20071001
15,29761334,Midland Credit Management Inc As Servicer For Midl,0711CV000224,Civil,Disposed (Statistical Purposes),20070126,20071001
16,29762125,Midland Credit Management Inc As Servicer For Midl,0711CV000222,Civil,Disposed (Statistical Purposes),20070126,20080124
17,29766997,Midland Credit Management Inc As Servicer For Midl,0711CV000289,Civil,Disposed (Statistical Purposes),20070129,20071002
18,29773278,Midland Credit Management Inc As Servicer For Midl,0711CV000223,Civil,Disposed (Statistical Purposes),20070126,20070517
19,29780294,Midland Credit Management Inc As Servicer For Midl,0711CV000287,Civil,Disposed (Statistical Purposes),20070129,20071002
20,29793283,Midland Credit Management Inc As Servicer For Midl,0711CV000286,Civil,Disposed (Statistical Purposes),20070129,20070709
21,29852318,Midland Credit Management Inc As Servicer For Midl,0711CV000477,Civil,Disposed (Statistical Purposes),20070212,20071002
22,29858225,Midland Credit Management Inc As Servicer For Midl,0711CV000480,Civil,Disposed (Statistical Purposes),20070212,20071002
23,29860070,Midland Credit Management Inc As Servicer For Midl,0711CV000482,Civil,Disposed (Statistical Purposes),20070212,20071002
24,30417105,Midland Credit Management Inc As Servicer For Midl,0638CV000829,Civil,Disposed (Statistical Purposes),20061211,20070625
25,30828009,Midland Credit Management Inc As Servicer For Midl,0750CV000151,Civil,Disposed (Statistical Purposes),20070126,20070514
26,30848590,Midland Credit Management Inc As Servicer For Midl,0750CV000153,Civil,Disposed (Statistical Purposes),20070126,20070514
27,30850963,Midland Credit Management Inc As Servicer For Midl,0750CV000150,Civil,Disposed (Statistical Purposes),20070126,20070514
28,37127267,Midland Credit Management Inc As Servicer For Midl,0765CV000040,Civil,Disposed (Statistical Purposes),20070123,20070608
29,39826077,Midland Credit Management Inc As Servicer For Midl,0756CV001769,Civil,Disposed (Statistical Purposes),20070713,20080328
30,52496933,Midland Credit Management Inc As Servicer For Midl,0711CV000180,Civil,Disposed (Statistical Purposes),20070122,20071001
31,52497007,Midland Credit Management Inc As Servicer For Midl,0711CV000182,Civil,Disposed (Statistical Purposes),20070122,20071001
32,52497106,Midland Credit Management Inc As Servicer For Midl,0711CV000183,Civil,Disposed (Statistical Purposes),20070122,20071001
33,52497381,Midland Credit Management Inc As Servicer For Midl,0711CV000181,Civil,Disposed (Statistical Purposes),20070122,20071001
34,56101125,Midland Credit Management Inc As Servicer For Midl,0756CV000388,Civil,Disposed (Statistical Purposes),20070212,20070611
35,56107934,Midland Credit Management Inc As Servicer For Midl,0756CV000375,Civil,Disposed (Statistical Purposes),20070212,20070611
36,56113948,Midland Credit Management Inc As Servicer For Midl,0756CV000387,Civil,Disposed (Statistical Purposes),20070212,20070611
37,56120860,Midland Credit Management Inc As Servicer For Midl,0756CV000380,Civil,Disposed (Statistical Purposes),20070212,20070611
38,56128771,Midland Credit Management Inc As Servicer For Midl,0756CV000386,Civil,Disposed (Statistical Purposes),20070212,20070611
39,56132179,Midland Credit Management Inc As Servicer For Midl,0756CV000378,Civil,Disposed (Statistical Purposes),20070212,20070611
40,56135511,Midland Credit Management Inc As Servicer For Midl,0756CV000382,Civil,Disposed (Statistical Purposes),20070212,20070611
41,23356198,"Harvest Credit Management, Llc As Succ. In Int. To",0609SP000036,Supplementary Process,Disposed (Statistical Purposes),20060512,20060607
42,23435243,"Midland Credit Management, Inc. As Services For Mi",0715CV000485,Civil,Disposed (Statistical Purposes),20070216,20070628
43,24472492,"Midland Credit Management, Inc. As Services For Mi",0614CV001154,Civil,Disposed (Statistical Purposes),20061222,20071019
44,58516599,"Midland Credit Management, Inc. As Services For Mi",0762CV000502,Civil,Disposed (Statistical Purposes),20070212,20070613
45,58520615,"Midland Credit Management, Inc. As Services For Mi",0762CV000500,Civil,Disposed (Statistical Purposes),20070212,20070613
46,58527018,"Midland Credit Management, Inc. As Services For Mi",0762CV000505,Civil,Disposed (Statistical Purposes),20070212,20070613
47,58528004,"Midland Credit Management, Inc. As Services For Mi",0762CV000501,Civil,Disposed (Statistical Purposes),20070212,20070613
48,23457260,"Midland Credit Management, Inc., Servicer Assignee",0715CV000484,Civil,Disposed (Statistical Purposes),20070216,20070628
49,23467255,"Midland Credit Management, Inc., As Servicer For M",0715CV000482,Civil,Disposed (Statistical Purposes),20070216,20070628
0,23480195,"Midland Credit Management, Inc., As Servicer For M",0715CV000486,Civil,Disposed (Statistical Purposes),20070216,20070628
1,26795264,"Midland Credit Management, Inc., As Servicer For M",0749CV000091,Civil,Disposed (Statistical Purposes),20070122,20070503
2,26808655,"Midland Credit Management, Inc., As Servicer For M",0749CV000108,Civil,Disposed (Statistical Purposes),20070125,20070604
3,28633740,"Midland Credit Management, Inc., As Servicer For M",0718CV000133,Civil,Disposed (Statistical Purposes),20070122,20070724
4,38868582,"Midland Credit Management, Inc., As Servicer For M",0753CV000114,Civil,Disposed (Statistical Purposes),20070122,20070521
5,39595790,"Midland Credit Management, Inc., As Servicer For M",0757CV000072,Civil,Disposed (Statistical Purposes),20070122,20070702
6,53711274,"Midland Credit Management, Inc., As Servicer For M",0723CV000321,Civil,Disposed (Statistical Purposes),20070122,20070618
7,53711434,"Midland Credit Management, Inc., As Servicer For M",0723CV000299,Civil,Disposed (Statistical Purposes),20070122,20071231
8,53711585,"Midland Credit Management, Inc., As Servicer For M",0723CV000323,Civil,Disposed (Statistical Purposes),20070122,20070525
9,53711765,"Midland Credit Management, Inc., As Servicer For M",0723CV000316,Civil,Disposed (Statistical Purposes),20070122,20070525
10,53711966,"Midland Credit Management, Inc., As Servicer For M",0723CV000311,Civil,Disposed (Statistical Purposes),20070122,20070525
11,53716679,"Midland Credit Management, Inc., As Servicer For M",0723CV000340,Civil,Disposed (Statistical Purposes),20070124,20070525
12,53717389,"Midland Credit Management, Inc., As Servicer For M",0723CV000342,Civil,Disposed (Statistical Purposes),20070124,20070525
13,53746254,"Midland Credit Management, Inc., As Servicer For M",0723CV000322,Civil,Disposed (Statistical Purposes),20070125,20070531
14,53746759,"Midland Credit Management, Inc., As Servicer For M",0723CV000345,Civil,Disposed (Statistical Purposes),20070125,20070531
15,53749604,"Midland Credit Management, Inc., As Servicer For M",0723CV000370,Civil,Disposed (Statistical Purposes),20070126,20070531
16,23503173,Harvest Credit Management Discover Financial Svcs,0518CV000313,Civil,Disposed (Statistical Purposes),20050324,20050510
17,24774763,Harvest Credit Management Discover Financial Svcs,0561CV000227,Civil,Disposed (Statistical Purposes),20050620,20050809
18,23890200,Harvest Credit Management Assignee Of Household Ba,0715CV001481,Civil,Disposed (Statistical Purposes),20070621,20080319
19,24085973,"Harvest Credit Management, Llc Successor To Disc",0652SP000384,Supplementary Process,Disposed (Statistical Purposes),20061222,20070216
20,24090089,Harvest Credit Management Vii Barclay'S Bank,0752SC000385,Small Claims,Disposed (Statistical Purposes),20070312,20070426
21,24359726,"Harvest Credit Management Vii, L.L.C.",0815SP001151,Supplementary Process,Disposed (Statistical Purposes),20081204,20090212
22,27640055,"Harvest Credit Management Vii, L.L.C.",0664CV000843,Civil,Disposed (Statistical Purposes),20061211,20070207
23,30292959,"Harvest Credit Management Vii, L.L.C.",0754CV001253,Civil,Disposed (Statistical Purposes),20070905,20080721
24,42839448,"Harvest Credit Management Vii, L.L.C.",0844CV000701,Civil,Disposed (Statistical Purposes),20080925,20081219
25,58512322,"Harvest Credit Management Vii, L.L.C.",0711SC002112,Small Claims,Disposed (Statistical Purposes),20070731,20070917
26,24474423,"Harvest Credit Management Vib, Llc",0532SC002027,Small Claims,Disposed (Statistical Purposes),20050830,20051005
27,24961263,"Harvest Credit Management Bank Of America, N.A.",0664CV000298,Civil,Disposed (Statistical Purposes),20060501,20060614
28,27548510,"Harvest Credit Management Bank Of America, N.A.",0664SP000282,Supplementary Process,Disposed (Statistical Purposes),20061121,20070102
29,34777958,"Harvest Credit Management Bank Of America, N.A.",0659CV000426,Civil,Disposed (Statistical Purposes),20060501,20060830
30,36077525,"Harvest Credit Management Bank Of America, N.A.",0523CV002380,Civil,Disposed (Statistical Purposes),20050923,20051205
31,25117926,"Midland Credit Management, Inc As Server For Midla",0754CV000199,Civil,Disposed (Statistical Purposes),20070205,20070627
32,55270929,"Midland Credit Management, Inc As Server For Midla",0662CV003132,Civil,Disposed (Statistical Purposes),20061229,20080708
33,25137277,Harvest Credit Management M B N A America Bank N A,0649CV000107,Civil,Disposed (Statistical Purposes),20060207,20061113
34,25711901,"Midland Credit Management, Inc, As Servicer For Mi",0798CV000048,Civil,Disposed (Statistical Purposes),20070126,20070524
35,25779069,"Midland Credit Management, Inc, As Servicer For Mi",0798CV000080,Civil,Disposed (Statistical Purposes),20070209,20070628
36,26117548,Harvest Credit Management Providian,0732CV000606,Civil,Disposed (Statistical Purposes),20070409,20080114
37,26351577,Harvest Credit Management Providian,0732SP000364,Supplementary Process,Disposed (Statistical Purposes),20070611,20070807
38,30493561,Harvest Credit Management Providian,0611CV001540,Civil,Disposed (Statistical Purposes),20060626,20060825
39,31625577,Harvest Credit Management Providian,0633CV001142,Civil,Disposed (Statistical Purposes),20060814,20061103
40,45996922,Harvest Credit Management Providian,0622CV000335,Civil,Disposed (Statistical Purposes),20060816,20061129
41,46518818,Harvest Credit Management Providian,0740CV000021,Civil,Disposed (Statistical Purposes),20070205,20070806
42,55011423,Harvest Credit Management Providian,0611CV002039,Civil,Disposed (Statistical Purposes),20060815,20061026
43,26396804,Harvest Credit Management / Household Bank,0732SC000629,Small Claims,Disposed (Statistical Purposes),20070313,20070419
44,26411350,"Harvard Credit Management, Llc",0533SP000228,Supplementary Process,Disposed (Statistical Purposes),20050523,20050729
45,26427209,"Harvest Credit Management Mbna America Bank, N. A.",0661CV000014,Civil,Disposed (Statistical Purposes),20060113,20061024
46,29741488,"Harvest Credit Management Mbna America Bank, N. A.",0561CV000370,Civil,Disposed (Statistical Purposes),20050923,20051125
47,30596892,"Harvest Credit Management Mbna America Bank, N. A.",0538CV000610,Civil,Disposed (Statistical Purposes),20051103,20060131
48,33481482,"Harvest Credit Management Mbna America Bank, N. A.",0543CV000378,Civil,Disposed (Statistical Purposes),20050927,20060303
49,26753914,Harvest Credit Management Assignee Of Metris-Direc,0545CV000229,Civil,Disposed (Statistical Purposes),20050524,20060207
0,27141178,Harvest Credit Management V I I L.L.C.,0654CV001177,Civil,Disposed (Statistical Purposes),20061113,20070102
1,27228657,Harvest Credit Management V I I L.L.C.,0654CV001218,Civil,Disposed (Statistical Purposes),20061122,20071015
2,40675238,Harvest Credit Management V I I L.L.C.,0653CV001512,Civil,Disposed (Statistical Purposes),20061120,20070226
3,27147953,"Harvest Credit Management V I - B, L L C",0654CV001178,Civil,Disposed (Statistical Purposes),20061113,20070102
4,27257880,Harvvest Credit Management Vii,0817SC000346,Small Claims,Disposed (Statistical Purposes),20080528,20080801
5,27287831,"Midland Credit Management, Inc. As Server For Midl",0741CV000041,Civil,Disposed (Statistical Purposes),20070123,20070430
6,37830500,"Midland Credit Management, Inc. As Server For Midl",0767CV000080,Civil,Disposed (Statistical Purposes),20070123,20080213
7,27434687,"Midland Credit Management, Icn. As Servicer For Mc",0738CV000043,Civil,Disposed (Statistical Purposes),20070122,20070625
8,27474793,"Midland Credit Management, Inc,As Servicer For Mid",0738CV000053,Civil,Disposed (Statistical Purposes),20070124,20070809
9,27629056,Harvest Credit Management Vii Housdehold/Metris,0715CV001888,Civil,Disposed (Statistical Purposes),20070725,20080404
10,27896497,Harvest Credit Managementvii Llc,0968SC000269,Small Claims,Disposed (Statistical Purposes),20090603,20090818
11,28034264,Harvest Credit Management Bank Of America,0638CV000318,Civil,Disposed (Statistical Purposes),20060525,20061128
12,31750228,Harvest Credit Management Bank Of America,0666CV000292,Civil,Disposed (Statistical Purposes),20060522,20060627
13,33106159,Harvest Credit Management Bank Of America,0812CV000110,Civil,Disposed (Statistical Purposes),20080312,20080912
14,36374901,Harvest Credit Management Bank Of America,0623CV001572,Civil,Disposed (Statistical Purposes),20060626,20060822
15,49969223,Harvest Credit Management Bank Of America,0656CV001536,Civil,Disposed (Statistical Purposes),20060626,20060815
16,57838020,Harvest Credit Management Bank Of America,1056SP000258,Supplementary Process,Disposed (Statistical Purposes),20100223,20100406
17,70196435,Harvest Credit Management Bank Of America,0601CV001884,Civil,Closed,20060501,20060501
18,28324884,"Midland Credit Management, Inc. As Servicer For M",0717CV000073,Civil,Disposed (Statistical Purposes),20070209,20070517
19,28752468,Harvest Credit Management Assignee Of Discover,0559CV000479,Civil,Disposed (Statistical Purposes),20050620,20060210
20,52397962,Harvest Credit Management Assignee Of Discover,0515CV000951,Civil,Disposed (Statistical Purposes),20050606,20050802
21,28905552,"Harvest Credit Management Mbna America, N.A.",0618CV000503,Civil,Disposed (Statistical Purposes),20060418,20060627
22,45417937,"Harvest Credit Management Mbna America, N.A.",0511CV002206,Civil,Disposed (Statistical Purposes),20050922,20060124
23,29546871,"Midland Credit Management Inc, As Servicer For Mid",0761CV000060,Civil,Disposed (Statistical Purposes),20070202,20070611
24,37122236,"Midland Credit Management Inc, As Servicer For Mid",0765CV000035,Civil,Disposed (Statistical Purposes),20070123,20070608
25,77176723,"Midland Credit Management Inc, As Servicer For Mid",0750CV000113,Civil,Disposed (Statistical Purposes),20070123,20070511
26,77176737,"Midland Credit Management Inc, As Servicer For Mid",0750CV000112,Civil,Disposed (Statistical Purposes),20070123,20070907
27,29562741,"Harvest Credit Management V I I,L.L.C.",0720SP000181,Supplementary Process,Disposed (Statistical Purposes),20070807,20071026
28,29613767,"Mid America Credit Management, Llc",0611CV002442,Civil,Disposed (Statistical Purposes),20060926,20061121
29,35457212,"Mid America Credit Management, Llc",0811CV004724,Civil,Disposed (Statistical Purposes),20081208,20090921
30,37063184,"Mid America Credit Management, Llc",0962SP001486,Supplementary Process,Disposed (Statistical Purposes),20091123,20100311
31,41040346,"Mid America Credit Management, Llc",0662SC004950,Small Claims,Disposed (Statistical Purposes),20061128,20070406
32,52498271,"Mid America Credit Management, Llc",0711SP000014,Supplementary Process,Disposed (Statistical Purposes),20070122,20070627
33,68057769,"Mid America Credit Management, Llc",0701CV004045,Civil,Open,20070726,20090521
34,70056303,"Mid America Credit Management, Llc",0601CV004624,Civil,Closed,20060926,20060926
35,70641767,"Mid America Credit Management, Llc",0762CV002223,Civil,Disposed (Statistical Purposes),20070727,20071030
36,70642112,"Mid America Credit Management, Llc",0762CV002226,Civil,Disposed (Statistical Purposes),20070727,20080206
37,29631556,"Midland Credit Management Inc., Assignee Of Primus",0649CV001188,Civil,Disposed (Statistical Purposes),20061206,20070425
38,29751381,Midland Credit Management Inc As Serivcer For Midl,0711CV000226,Civil,Disposed (Statistical Purposes),20070126,20071001
39,29917450,"Harvest Credit Management, Llc.,",0523CV001035,Civil,Disposed (Statistical Purposes),20050502,20051222
40,29960705,Harvest Credit Management As Assignee For Chase Ba,0549SP000311,Supplementary Process,Disposed (Statistical Purposes),20051206,20060111
41,30257755,Harvest Credit Management Iii Chase Manhattan Bank,0513CV000990,Civil,Disposed (Statistical Purposes),20050729,20051007
42,45437500,Harvest Credit Management Iii Chase Manhattan Bank,0514CV000149,Civil,Disposed (Statistical Purposes),20050225,20050504
43,30420369,Harvest Credit Management Metric Direct Merchants,0513CV001316,Civil,Disposed (Statistical Purposes),20050923,20051130
44,50821242,Harvest Credit Management Metric Direct Merchants,0615CV000159,Civil,Disposed (Statistical Purposes),20060131,20060323
45,30454035,"Harvest Credit Management V I I, L.L.C",0933SC004972,Small Claims,Disposed (Statistical Purposes),20091217,20110126
46,31620254,"Harvest Credit Management V I I, L.L.C",0933SC004147,Small Claims,Disposed (Statistical Purposes),20090924,20091021
47,40685837,"Harvest Credit Management V I I, L.L.C",0710SC001285,Small Claims,Disposed (Statistical Purposes),20070731,20070927
48,30761609,Harvest Credit Management Mbna America Bank Na,0550CV001212,Civil,Disposed (Statistical Purposes),20050922,20051116
49,31401732,Midland Credit Management Inc-Servicer For Midland,0721CV000057,Civil,Disposed (Statistical Purposes),20070130,20070918
0,31875247,"Midland Credit Management, Inc.As Servicer For Mid",0787CV000022,Civil,Disposed (Statistical Purposes),20070126,20070501
1,32080497,"Midland Credit Management, Inc.As Servicer For Mid",0733CV000162,Civil,Disposed (Statistical Purposes),20070125,20070531
2,52162681,"Midland Credit Management, Inc.As Servicer For Mid",0733CV000281,Civil,Disposed (Statistical Purposes),20070212,20070618
3,31887738,Midland Credit Management Inc. As Servicer For Mid,0787CV000025,Civil,Disposed (Statistical Purposes),20070129,20070412
4,33778553,Midland Credit Management Inc. As Servicer For Mid,0726CV000066,Civil,Disposed (Statistical Purposes),20070212,20070613
5,33956838,Midland Credit Management Inc. As Servicer For Mid,0743CV000051,Civil,Disposed (Statistical Purposes),20070122,20070521
6,62902187,Midland Credit Management Inc. As Servicer For Mid,0762CV000362,Civil,Disposed (Statistical Purposes),20070130,20070925
7,31921392,"Midland Credit Managements, Inc. Asservicer For Mi",0787CV000015,Civil,Disposed (Statistical Purposes),20070123,20070904
8,32046277,Harvest Credit Management Vi,0733CV000186,Civil,Disposed (Statistical Purposes),20070129,20070725
9,37877074,Harvest Credit Management Vi,0744SC001291,Small Claims,Disposed (Statistical Purposes),20071217,20080328
10,32240652,Harvest Credit Management Discover Financial Servi,0567CV000390,Civil,Disposed (Statistical Purposes),20050620,20050803
11,39405202,Harvest Credit Management Discover Financial Servi,0867SP000044,Supplementary Process,Disposed (Statistical Purposes),20080303,20080325
12,32267466,"Midland Credit Management, Llc",0733SC000628,Small Claims,Disposed (Statistical Purposes),20070220,20070312
13,77504964,"Midland Credit Management, Llc",2023SC002775,Small Claims,Open,20201209,20201209
14,77614679,"Midland Credit Management, Llc",2051SC000469,Small Claims,Open,20201002,20201002
15,80075334,"Midland Credit Management, Llc",2034SC000996,Small Claims,Disposed (Statistical Purposes),20201229,20220121
16,81228540,"Midland Credit Management, Llc",2032SC000665,Small Claims,Covid 19 XXX Notice Issued,20200310,20210114
17,81264381,"Midland Credit Management, Llc",2032SC000664,Small Claims,Disposed (Statistical Purposes),20200310,20201026
18,81384148,"Midland Credit Management, Llc",2061SC000490,Small Claims,Disposed (Statistical Purposes),20200623,20201006
19,81657173,"Midland Credit Management, Llc",2033SC000816,Small Claims,Suspended Covid 19 extended,20200310,20200310
20,81790014,"Midland Credit Management, Llc",2013SC001029,Small Claims,Disposed (Statistical Purposes),20200821,20210806
21,81933098,"Midland Credit Management, Llc",2033SC001547,Small Claims,Open,20200904,20200904
22,82224736,"Midland Credit Management, Llc",1954SC001325,Small Claims,Covid 19 XXX Notice Issued,20191223,20200923
23,82449184,"Midland Credit Management, Llc",2051SC000402,Small Claims,Disposed (Statistical Purposes),20200814,20201214
24,82609746,"Midland Credit Management, Llc",2165CV000206,Civil,Open,20211230,20211230
25,82618802,"Midland Credit Management, Llc",2023SC002105,Small Claims,Disposed (Statistical Purposes),20200821,20210122
26,82710817,"Midland Credit Management, Llc",2187CV000030,Civil,Open,20210330,20210330
27,82711502,"Midland Credit Management, Llc",2043SC000516,Small Claims,Disposed (Statistical Purposes),20200824,20210224
28,86736340,"Midland Credit Management, Llc",2162SC001328,Small Claims,Disposed (Statistical Purposes),20210607,20211207
29,32556417,"Midland Credit Management,Inc.As Servicer For Midl",0722CV000048,Civil,Disposed (Statistical Purposes),20070126,20070625
30,32570174,"Midland Credit Management,Inc,As Servicer For Midl",0722CV000049,Civil,Disposed (Statistical Purposes),20070126,20070425
31,32600642,"Midland Credit Management,Inc,As Servicer For Midl",0722CV000084,Civil,Disposed (Statistical Purposes),20070212,20070625
32,32623442,"Midland Credit Management,Inc,As Servicer For Midl",0722CV000085,Civil,Disposed (Statistical Purposes),20070212,20070626
33,32593369,"Midland Credit Management,Inc. As Service For Midl",0722CV000083,Civil,Disposed (Statistical Purposes),20070212,20070625
34,32617007,"Midland Credit Management,Inc. As Servicer For Mid",0722CV000082,Civil,Disposed (Statistical Purposes),20070212,20070625
35,52162489,"Midland Credit Management,Inc. As Servicer For Mid",0733CV000282,Civil,Disposed (Statistical Purposes),20070212,20070618
36,53259902,"Midland Credit Management,Inc. As Servicer For Mid",0713CV000279,Civil,Disposed (Statistical Purposes),20070212,20070612
37,32703311,Harvest Credit Management Mbna America Bank N.A.,0622CV000203,Civil,Disposed (Statistical Purposes),20060530,20060623
38,41612286,Harvest Credit Management Mbna America Bank N.A.,0531CV000998,Civil,Disposed (Statistical Purposes),20051104,20060206
39,53133238,Harvest Credit Management Mbna America Bank N.A.,0611CV001061,Civil,Disposed (Statistical Purposes),20060502,20060816
40,59830819,Harvest Credit Management Mbna America Bank N.A.,0856SP000669,Supplementary Process,Disposed (Statistical Purposes),20080602,20080715
41,32899486,Harvest Credit Management Discover - Oos Only,0526CV000338,Civil,Disposed (Statistical Purposes),20050801,20051102
42,33043400,"Harvest Credit Management Vi B, Llc",0626SP000167,Supplementary Process,Disposed (Statistical Purposes),20060922,20061116
43,37384746,"Harvest Credit Management Vi B, Llc",0660SP000284,Supplementary Process,Disposed (Statistical Purposes),20060921,20061109
44,46030979,"Harvest Credit Management Vi B, Llc",0626CV000399,Civil,Disposed (Statistical Purposes),20060724,20060824
45,46084456,"Harvest Credit Management Vi B, Llc",0632SC001873,Small Claims,Disposed (Statistical Purposes),20060724,20060822
46,62612350,"Harvest Credit Management Vi B, Llc",0656SP000891,Supplementary Process,Disposed (Statistical Purposes),20060926,20070529
47,33521037,Midland Credit Management Inc As Servicer For Mida,0728CV000033,Civil,Disposed (Statistical Purposes),20070202,20070709
48,34194000,"Harvard Credit Management V Ii, L.L.C.",0718SP000598,Supplementary Process,Disposed (Statistical Purposes),20070924,20071127
49,34391739,"Midland Credit Management,Inc",0727SC000156,Small Claims,Disposed (Statistical Purposes),20070212,20070323
0,77667224,"Midland Credit Management,Inc",2115SC001152,Small Claims,Open,20210521,20210521
1,78544200,"Midland Credit Management,Inc",2008SC000184,Small Claims,Disposed (Statistical Purposes),20200911,20211213
2,79948723,"Midland Credit Management,Inc",2107SC000033,Small Claims,Open,20210112,20210112
3,80103037,"Midland Credit Management,Inc",2015SC001232,Small Claims,Disposed (Statistical Purposes),20200706,20211124
4,80103783,"Midland Credit Management,Inc",2025SC000766,Small Claims,Disposed (Statistical Purposes),20201105,20210608
5,80106710,"Midland Credit Management,Inc",2015SC001236,Small Claims,Disposed (Statistical Purposes),20200706,20211124
6,80109967,"Midland Credit Management,Inc",2015SC001231,Small Claims,Open,20200706,20200706
7,80123612,"Midland Credit Management,Inc",2015SC001234,Small Claims,Disposed (Statistical Purposes),20200706,20211124
8,80135556,"Midland Credit Management,Inc",2015SC001235,Small Claims,Disposed (Statistical Purposes),20200706,20211124
9,80146209,"Midland Credit Management,Inc",2015SC001564,Small Claims,Disposed (Statistical Purposes),20200904,20220119
10,80146621,"Midland Credit Management,Inc",2015SC001560,Small Claims,Open,20200904,20200904
11,80149796,"Midland Credit Management,Inc",2015SC001559,Small Claims,Disposed (Statistical Purposes),20200904,20220119
12,80151520,"Midland Credit Management,Inc",2015SC001561,Small Claims,Disposed (Statistical Purposes),20200904,20220119
13,80181283,"Midland Credit Management,Inc",2015SC001573,Small Claims,Open,20200908,20200908
14,80181313,"Midland Credit Management,Inc",2015SC001571,Small Claims,Open,20200908,20200908
15,80182853,"Midland Credit Management,Inc",2015SC001569,Small Claims,Disposed (Statistical Purposes),20200908,20220119
16,80185206,"Midland Credit Management,Inc",2015SC001575,Small Claims,Disposed (Statistical Purposes),20200908,20220119
17,80185830,"Midland Credit Management,Inc",2015SC001572,Small Claims,Disposed (Statistical Purposes),20200908,20220119
18,80186671,"Midland Credit Management,Inc",2015SC001574,Small Claims,Disposed (Statistical Purposes),20200908,20220119
19,80187705,"Midland Credit Management,Inc",2015SC001570,Small Claims,Disposed (Statistical Purposes),20200908,20220119
20,80235286,"Midland Credit Management,Inc",2015SC001594,Small Claims,Disposed (Statistical Purposes),20200914,20220126
21,80244112,"Midland Credit Management,Inc",2015SC001590,Small Claims,Disposed (Statistical Purposes),20200914,20220126
22,80247629,"Midland Credit Management,Inc",2015SC001595,Small Claims,Disposed (Statistical Purposes),20200914,20220126
23,80254742,"Midland Credit Management,Inc",2015SC001592,Small Claims,Open,20200914,20200914
24,80256917,"Midland Credit Management,Inc",2015SC001596,Small Claims,Disposed (Statistical Purposes),20200914,20220126
25,80261542,"Midland Credit Management,Inc",2015SC001593,Small Claims,Disposed (Statistical Purposes),20200914,20220126
26,80265747,"Midland Credit Management,Inc",2015SC001464,Small Claims,Disposed (Statistical Purposes),20200820,20220105
27,80276593,"Midland Credit Management,Inc",2015SC001610,Small Claims,Open,20200916,20200916
28,80302003,"Midland Credit Management,Inc",2015SC001509,Small Claims,Disposed (Statistical Purposes),20200824,20220112
29,80305602,"Midland Credit Management,Inc",2015SC001495,Small Claims,Disposed (Statistical Purposes),20200824,20220112
30,80313086,"Midland Credit Management,Inc",2015SC001490,Small Claims,Disposed (Statistical Purposes),20200824,20220112
31,80314427,"Midland Credit Management,Inc",2015SC001508,Small Claims,Disposed (Statistical Purposes),20200824,20220112
32,80316304,"Midland Credit Management,Inc",2015SC001507,Small Claims,Disposed (Statistical Purposes),20200824,20220112
33,80316798,"Midland Credit Management,Inc",2015SC001491,Small Claims,Disposed (Statistical Purposes),20200824,20220112
34,80319734,"Midland Credit Management,Inc",2015SC001648,Small Claims,Open,20200921,20200921
35,80320164,"Midland Credit Management,Inc",2015SC001504,Small Claims,Disposed (Statistical Purposes),20200824,20220112
36,80321372,"Midland Credit Management,Inc",2015SC001656,Small Claims,Open,20200921,20200921
37,80322856,"Midland Credit Management,Inc",2015SC001650,Small Claims,Open,20200921,20200921
38,80323707,"Midland Credit Management,Inc",2015SC001655,Small Claims,Disposed (Statistical Purposes),20200921,20211020
39,80330003,"Midland Credit Management,Inc",2015SC001493,Small Claims,Disposed (Statistical Purposes),20200824,20220112
40,80330752,"Midland Credit Management,Inc",2125SC000181,Small Claims,Disposed (Statistical Purposes),20210216,20210824
41,80331962,"Midland Credit Management,Inc",2015SC001506,Small Claims,Disposed (Statistical Purposes),20200824,20220112
42,80333317,"Midland Credit Management,Inc",2015SC001651,Small Claims,Open,20200921,20200921
43,80333587,"Midland Credit Management,Inc",2015SC001505,Small Claims,Disposed (Statistical Purposes),20200824,20220112
44,80334682,"Midland Credit Management,Inc",2015SC001649,Small Claims,Open,20200921,20200921
45,80334981,"Midland Credit Management,Inc",2015SC001657,Small Claims,Disposed (Statistical Purposes),20200921,20210930
46,80335424,"Midland Credit Management,Inc",2015SC001510,Small Claims,Disposed (Statistical Purposes),20200824,20220119
47,80336301,"Midland Credit Management,Inc",2015SC001646,Small Claims,Open,20200921,20200921
48,80336380,"Midland Credit Management,Inc",2015SC001641,Small Claims,Open,20200921,20200921
49,80336779,"Midland Credit Management,Inc",2015SC001647,Small Claims,Open,20200921,20200921
0,80336896,"Midland Credit Management,Inc",2015SC001642,Small Claims,Open,20200921,20200921
1,80353762,"Midland Credit Management,Inc",2015SC001520,Small Claims,Open,20200826,20200826
2,80395399,"Midland Credit Management,Inc",2015SC001541,Small Claims,Disposed (Statistical Purposes),20200831,20220119
3,80408318,"Midland Credit Management,Inc",2015SC001543,Small Claims,Disposed (Statistical Purposes),20200831,20220119
4,80425301,"Midland Credit Management,Inc",2015SC001951,Small Claims,Disposed (Statistical Purposes),20201117,20211229
5,80428640,"Midland Credit Management,Inc",2015SC001950,Small Claims,Disposed (Statistical Purposes),20201117,20211229
6,80428735,"Midland Credit Management,Inc",2015SC001694,Small Claims,Open,20200928,20200928
7,80433035,"Midland Credit Management,Inc",2025SC000377,Small Claims,Open,20200615,20200615
8,80434111,"Midland Credit Management,Inc",2015SC001949,Small Claims,Disposed (Statistical Purposes),20201116,20211222
9,80564308,"Midland Credit Management,Inc",2025SC000632,Small Claims,Covid 19 XXX Notice Issued,20200915,20201005
10,80574279,"Midland Credit Management,Inc",2025SC000631,Small Claims,Disposed (Statistical Purposes),20200915,20211116
11,80620967,"Midland Credit Management,Inc",2025SC000655,Small Claims,Disposed (Statistical Purposes),20200922,20210427
12,80622341,"Midland Credit Management,Inc",2025SC000657,Small Claims,Open,20200922,20200922
13,80623994,"Midland Credit Management,Inc",2025SC000664,Small Claims,Disposed (Statistical Purposes),20200922,20210511
14,80626942,"Midland Credit Management,Inc",2025SC000666,Small Claims,Disposed (Statistical Purposes),20200922,20210518
15,80678219,"Midland Credit Management,Inc",2025SC000445,Small Claims,Disposed (Statistical Purposes),20200707,20210504
16,80685445,"Midland Credit Management,Inc",2025SC000689,Small Claims,Disposed (Statistical Purposes),20200928,20210518
17,80702482,"Midland Credit Management,Inc",2025SC000690,Small Claims,Disposed (Statistical Purposes),20200928,20210518
18,80715929,"Midland Credit Management,Inc",2054SC000609,Small Claims,Disposed (Statistical Purposes),20200818,20220103
19,80800747,"Midland Credit Management,Inc",2015SC001141,Small Claims,Disposed (Statistical Purposes),20200615,20211103
20,80808201,"Midland Credit Management,Inc",2015SC001142,Small Claims,Disposed (Statistical Purposes),20200615,20211103
21,80836740,"Midland Credit Management,Inc",2015SC001162,Small Claims,Disposed (Statistical Purposes),20200619,20211110
22,80836879,"Midland Credit Management,Inc",2015SC001161,Small Claims,Disposed (Statistical Purposes),20200619,20220112
23,80838020,"Midland Credit Management,Inc",2015SC001155,Small Claims,Disposed (Statistical Purposes),20200619,20211110
24,80839437,"Midland Credit Management,Inc",2015SC001167,Small Claims,Disposed (Statistical Purposes),20200619,20211110
25,80840337,"Midland Credit Management,Inc",2015SC001154,Small Claims,Disposed (Statistical Purposes),20200619,20211110
26,80841709,"Midland Credit Management,Inc",2015SC001163,Small Claims,Open,20200619,20200619
27,80842739,"Midland Credit Management,Inc",2054SC000670,Small Claims,Disposed (Statistical Purposes),20200925,20220106
28,80843376,"Midland Credit Management,Inc",2015SC001164,Small Claims,Disposed (Statistical Purposes),20200619,20211110
29,80845640,"Midland Credit Management,Inc",2015SC001158,Small Claims,Disposed (Statistical Purposes),20200619,20211110
30,80892897,"Midland Credit Management,Inc",2025SC000572,Small Claims,Disposed (Statistical Purposes),20200820,20210413
31,80894247,"Midland Credit Management,Inc",2025SC000845,Small Claims,Disposed (Statistical Purposes),20201201,20210420
32,80894472,"Midland Credit Management,Inc",2025SC000574,Small Claims,Disposed (Statistical Purposes),20200820,20210413
33,80895947,"Midland Credit Management,Inc",2025SC000573,Small Claims,Disposed (Statistical Purposes),20200820,20210413
34,80897948,"Midland Credit Management,Inc",2025SC000571,Small Claims,Disposed (Statistical Purposes),20200820,20211026
35,80902409,"Midland Credit Management,Inc",2025SC000733,Small Claims,Disposed (Statistical Purposes),20201022,20210608
36,80905521,"Midland Credit Management,Inc",2115SC000200,Small Claims,Open,20210201,20210201
37,80922974,"Midland Credit Management,Inc",2015SC001201,Small Claims,Disposed (Statistical Purposes),20200626,20211112
38,80935027,"Midland Credit Management,Inc",2025SC000255,Small Claims,Disposed (Statistical Purposes),20200310,20210112
39,80963580,"Midland Credit Management,Inc",2025SC000094,Small Claims,Disposed (Statistical Purposes),20200127,20210629
40,80971113,"Midland Credit Management,Inc",2154SC000151,Small Claims,Disposed (Statistical Purposes),20210301,20211216
41,80974040,"Midland Credit Management,Inc",2025SC000096,Small Claims,Disposed (Statistical Purposes),20200127,20201116
42,81055810,"Midland Credit Management,Inc",2025SC000136,Small Claims,Disposed (Statistical Purposes),20200203,20210112
43,81057091,"Midland Credit Management,Inc",2025SC000130,Small Claims,Disposed (Statistical Purposes),20200203,20210105
44,81064597,"Midland Credit Management,Inc",2025SC000135,Small Claims,Covid 19 XXX Notice Issued,20200203,20200714
45,81066487,"Midland Credit Management,Inc",2025SC000128,Small Claims,Disposed (Statistical Purposes),20200203,20210105
46,81075226,"Midland Credit Management,Inc",2025SC000125,Small Claims,Disposed (Statistical Purposes),20200203,20210105
47,81079961,"Midland Credit Management,Inc",2025SC000129,Small Claims,Disposed (Statistical Purposes),20200203,20210105
48,81082758,"Midland Credit Management,Inc",2032SC001021,Small Claims,Covid 19 XXX Notice Issued,20200626,20201020
49,81095600,"Midland Credit Management,Inc",2025SC000139,Small Claims,Disposed (Statistical Purposes),20200204,20200210
0,81178236,"Midland Credit Management,Inc",2132SC001694,Small Claims,Open,20210928,20210928
1,81264592,"Midland Credit Management,Inc",2132CV000705,Civil,Open,20211004,20211004
2,81488702,"Midland Credit Management,Inc",2017SC000353,Small Claims,Disposed (Statistical Purposes),20200819,20211123
3,81492024,"Midland Credit Management,Inc",2017SC000351,Small Claims,Disposed (Statistical Purposes),20200819,20211123
4,81731529,"Midland Credit Management,Inc",2250CV000036,Civil,Open,20220124,20220131
5,81833664,"Midland Credit Management,Inc",2150CV000816,Civil,Open,20211027,20211027
6,81872803,"Midland Credit Management,Inc",2150CV000822,Civil,Open,20211029,20211029
7,81899537,"Midland Credit Management,Inc",2150CV000774,Civil,Open,20211005,20211005
8,81942106,"Midland Credit Management,Inc",2150CV000776,Civil,Disposed (Statistical Purposes),20211007,20211216
9,82929114,"Midland Credit Management,Inc",2057SC000092,Small Claims,Disposed (Statistical Purposes),20200203,20200911
10,84598872,"Midland Credit Management,Inc",2134SC000582,Small Claims,Open,20210603,20210603
11,84921380,"Midland Credit Management,Inc",2125SC000576,Small Claims,Disposed (Statistical Purposes),20210602,20211214
12,84942502,"Midland Credit Management,Inc",2125SC000575,Small Claims,Disposed (Statistical Purposes),20210602,20211214
13,85077249,"Midland Credit Management,Inc",2125SC000827,Small Claims,Open,20210722,20210722
14,86304383,"Midland Credit Management,Inc",2131SC001246,Small Claims,Disposed (Statistical Purposes),20210630,20210913
15,86306401,"Midland Credit Management,Inc",2131SC001245,Small Claims,Open,20210630,20210630
16,86568327,"Midland Credit Management,Inc",2131SC001230,Small Claims,Disposed (Statistical Purposes),20210628,20211213
17,87864675,"Midland Credit Management,Inc",2115SC000055,Small Claims,Open,20210108,20210108
18,88130875,"Midland Credit Management,Inc",2015SC002013,Small Claims,Open,20201124,20201124
19,88338112,"Midland Credit Management,Inc",2031SC000811,Small Claims,Disposed (Statistical Purposes),20200706,20210920
20,88426975,"Midland Credit Management,Inc",2115SC000346,Small Claims,Open,20210216,20210216
21,88565862,"Midland Credit Management,Inc",2132SC001676,Small Claims,Open,20210709,20210709
22,88579071,"Midland Credit Management,Inc",2132SC001733,Small Claims,Open,20210716,20210716
23,88579269,"Midland Credit Management,Inc",2132SC001728,Small Claims,Open,20210716,20210716
24,88579469,"Midland Credit Management,Inc",2132SC001732,Small Claims,Open,20210716,20210716
25,88579794,"Midland Credit Management,Inc",2132SC001729,Small Claims,Open,20210716,20210716
26,88580916,"Midland Credit Management,Inc",2132SC001730,Small Claims,Open,20210716,20210716
27,88581294,"Midland Credit Management,Inc",2132SC001731,Small Claims,Open,20210716,20210716
28,88581303,"Midland Credit Management,Inc",2132SC001727,Small Claims,Open,20210716,20210716
29,88842286,"Midland Credit Management,Inc",2116SC000473,Small Claims,Disposed (Statistical Purposes),20210728,20220207
30,34453994,"Harvest Creditmanagement Vi B, L.L.C.",0559CV000684,Civil,Disposed (Statistical Purposes),20050825,20051005
31,34784632,Harvest Credit Management Vi V Llc,0759CV000801,Civil,Disposed (Statistical Purposes),20070627,20080724
32,34858132,Midland Credit Management As Assignee Of First Nor,0759CV000189,Civil,Disposed (Statistical Purposes),20070228,20070709
33,35227535,"Harvest Credit Management V I I, L. L. C",0711CV002619,Civil,Disposed (Statistical Purposes),20070914,20080205
34,35525384,"Harvest Credit Management Mbna America Bank, N.A.A",0636CV000470,Civil,Disposed (Statistical Purposes),20060501,20060614
35,35568659,"Meredith Management for Brookside Terrace Associates, L.P.",15H85SP004777,Housing Court Summary Process,Active,20151116,20151116
36,35579199,"Meredith Management for Brookside Terrace Associates, L.P.",15H85SP004778,Housing Court Summary Process,Closed,20151116,20151201
37,35586110,Midland Credit Management Inc.,0736CV000128,Civil,Disposed (Statistical Purposes),20070125,20071002
38,57310785,Midland Credit Management Inc.,0656SP000508,Supplementary Process,Disposed (Statistical Purposes),20060612,20060808
39,64329254,Midland Credit Management Inc.,0343SC000277,Small Claims,Disposed (Statistical Purposes),20030402,20050812
40,77474956,Midland Credit Management Inc.,2156SC000444,Small Claims,Closed,20210322,20210601
41,77474980,Midland Credit Management Inc.,2156SC000478,Small Claims,Open,20210322,20210322
42,77475113,Midland Credit Management Inc.,2156SC000443,Small Claims,Open,20210322,20210322
43,77475164,Midland Credit Management Inc.,2156SC000447,Small Claims,Closed,20210322,20211222
44,77475379,Midland Credit Management Inc.,2156SC000455,Small Claims,Open,20210322,20210322
45,77475387,Midland Credit Management Inc.,2156SC000448,Small Claims,Open,20210322,20210322
46,77475730,Midland Credit Management Inc.,2156SC000482,Small Claims,Open,20210322,20210322
47,77475925,Midland Credit Management Inc.,2156SC000486,Small Claims,Open,20210322,20210322
48,77476012,Midland Credit Management Inc.,2156SC000481,Small Claims,Open,20210322,20210322
49,77476338,Midland Credit Management Inc.,2156SC000445,Small Claims,Open,20210322,20210322
0,77476672,Midland Credit Management Inc.,2156SC000442,Small Claims,Open,20210322,20210322
1,77476737,Midland Credit Management Inc.,2156SC000485,Small Claims,Open,20210322,20210322
2,77476890,Midland Credit Management Inc.,2156SC000472,Small Claims,Open,20210322,20210322
3,77476941,Midland Credit Management Inc.,2156SC000480,Small Claims,Open,20210322,20210322
4,77477329,Midland Credit Management Inc.,2156SC000441,Small Claims,Open,20210322,20210322
5,77478310,Midland Credit Management Inc.,2156SC000479,Small Claims,Open,20210322,20210322
6,77478365,Midland Credit Management Inc.,2156SC000483,Small Claims,Open,20210322,20210322
7,77479424,Midland Credit Management Inc.,2156SC000446,Small Claims,Open,20210322,20210322
8,77479471,Midland Credit Management Inc.,2156SC000473,Small Claims,Open,20210322,20210322
9,77479576,Midland Credit Management Inc.,2156SC000484,Small Claims,Open,20210322,20210322
10,77479584,Midland Credit Management Inc.,2156SC000477,Small Claims,Open,20210322,20210322
11,77479597,Midland Credit Management Inc.,2156SC000440,Small Claims,Open,20210322,20210322
12,77479605,Midland Credit Management Inc.,2156SC000471,Small Claims,Disposed (Statistical Purposes),20210322,20211004
13,77482999,Midland Credit Management Inc.,2156SC002466,Small Claims,Open,20210928,20210928
14,77483214,Midland Credit Management Inc.,2156SC002467,Small Claims,Open,20210928,20210928
15,77483526,Midland Credit Management Inc.,2156SC002465,Small Claims,Open,20210928,20210928
16,77489490,Midland Credit Management Inc.,2156SC220151,Small Claims,Open,20210329,20210329
17,77491615,Midland Credit Management Inc.,2156SC002484,Small Claims,Open,20211004,20211004
18,77491936,Midland Credit Management Inc.,2156SC002489,Small Claims,Open,20211004,20211004
19,77492074,Midland Credit Management Inc.,2156SC002486,Small Claims,Open,20211004,20211004
20,77492255,Midland Credit Management Inc.,2156SC002492,Small Claims,Open,20211004,20211004
21,77492291,Midland Credit Management Inc.,2156SC002490,Small Claims,Open,20211004,20211004
22,77492696,Midland Credit Management Inc.,2156SC002491,Small Claims,Open,20211004,20211004
23,77492790,Midland Credit Management Inc.,2156SC002488,Small Claims,Open,20211004,20211004
24,77492806,Midland Credit Management Inc.,2156SC002485,Small Claims,Open,20211004,20211004
25,77496490,Midland Credit Management Inc.,2156SC000569,Small Claims,Open,20210402,20210402
26,77497622,Midland Credit Management Inc.,2156SC000566,Small Claims,Open,20210402,20210402
27,77498022,Midland Credit Management Inc.,2156SC002496,Small Claims,Open,20211005,20211005
28,77498470,Midland Credit Management Inc.,2156SC000567,Small Claims,Open,20210402,20210402
29,77498496,Midland Credit Management Inc.,2156SC000568,Small Claims,Open,20210402,20210402
30,77502642,Midland Credit Management Inc.,2156SC000576,Small Claims,Open,20210405,20210405
31,77502728,Midland Credit Management Inc.,2156SC000573,Small Claims,Open,20210405,20210405
32,77502828,Midland Credit Management Inc.,2156SC000575,Small Claims,Open,20210405,20210405
33,77503152,Midland Credit Management Inc.,2156SC000574,Small Claims,Open,20210405,20210405
34,77503283,Midland Credit Management Inc.,2156SC000572,Small Claims,Open,20210405,20210405
35,77520134,Midland Credit Management Inc.,2156SC002701,Small Claims,Open,20211022,20211022
36,77521604,Midland Credit Management Inc.,2156SC002743,Small Claims,Open,20211026,20211026
37,77521771,Midland Credit Management Inc.,2156SC002762,Small Claims,Open,20211026,20211026
38,77521960,Midland Credit Management Inc.,2156SC002741,Small Claims,Open,20211026,20211026
39,77522215,Midland Credit Management Inc.,2156SC002751,Small Claims,Open,20211026,20211026
40,77522408,Midland Credit Management Inc.,2156SC002765,Small Claims,Open,20211026,20211026
41,77522531,Midland Credit Management Inc.,2156SC002755,Small Claims,Open,20211026,20211026
42,77522557,Midland Credit Management Inc.,2156SC002753,Small Claims,Open,20211026,20211026
43,77522686,Midland Credit Management Inc.,2156SC002746,Small Claims,Open,20211026,20211026
44,77522882,Midland Credit Management Inc.,2156SC002756,Small Claims,Open,20211026,20211026
45,77522974,Midland Credit Management Inc.,2156SC002761,Small Claims,Open,20211026,20211026
46,77523146,Midland Credit Management Inc.,2156SC002744,Small Claims,Open,20211026,20211026
47,77523502,Midland Credit Management Inc.,2156SC002763,Small Claims,Open,20211026,20211026
48,77523606,Midland Credit Management Inc.,2156SC002752,Small Claims,Open,20211026,20211026
49,77523863,Midland Credit Management Inc.,2156SC002757,Small Claims,Open,20211026,20211026
0,77523924,Midland Credit Management Inc.,2156SC002760,Small Claims,Open,20211026,20211026
1,77524111,Midland Credit Management Inc.,2156SC002758,Small Claims,Open,20211026,20211026
2,77524400,Midland Credit Management Inc.,2156SC002749,Small Claims,Open,20211026,20211026
3,77524540,Midland Credit Management Inc.,2156SC002754,Small Claims,Open,20211026,20211026
4,77524631,Midland Credit Management Inc.,2156SC002764,Small Claims,Open,20211026,20211026
5,77524688,Midland Credit Management Inc.,2156SC002745,Small Claims,Open,20211026,20211026
6,77524729,Midland Credit Management Inc.,2156SC002750,Small Claims,Open,20211026,20211026
7,77524919,Midland Credit Management Inc.,2156SC002768,Small Claims,Open,20211026,20211026
8,77525118,Midland Credit Management Inc.,2156SC002767,Small Claims,Open,20211026,20211026
9,77525125,Midland Credit Management Inc.,2156SC002766,Small Claims,Open,20211026,20211026
10,77525180,Midland Credit Management Inc.,2156SC002769,Small Claims,Open,20211026,20211026
11,77527256,Midland Credit Management Inc.,2156SC002772,Small Claims,Open,20211028,20211028
12,77527388,Midland Credit Management Inc.,2156SC002774,Small Claims,Open,20211028,20211028
13,77528126,Midland Credit Management Inc.,2156SC002773,Small Claims,Open,20211028,20211028
14,77528303,Midland Credit Management Inc.,2156SC002805,Small Claims,Open,20211028,20211028
15,77528538,Midland Credit Management Inc.,2156SC002806,Small Claims,Open,20211028,20211028
16,77528654,Midland Credit Management Inc.,2156SC002804,Small Claims,Open,20211028,20211028
17,77528823,Midland Credit Management Inc.,2156SC002807,Small Claims,Open,20211028,20211028
18,77528855,Midland Credit Management Inc.,2156SC002771,Small Claims,Open,20211028,20211028
19,77528884,Midland Credit Management Inc.,2156SC002802,Small Claims,Open,20211028,20211028
20,77529097,Midland Credit Management Inc.,2156SC002775,Small Claims,Open,20211028,20211028
21,77529419,Midland Credit Management Inc.,2156SC002808,Small Claims,Open,20211028,20211028
22,77529478,Midland Credit Management Inc.,2156SC002800,Small Claims,Open,20211028,20211028
23,77530352,Midland Credit Management Inc.,2156SC002815,Small Claims,Open,20211029,20211029
24,77530444,Midland Credit Management Inc.,2156SC002809,Small Claims,Open,20211029,20211029
25,77530557,Midland Credit Management Inc.,2156SC002811,Small Claims,Closed,20211029,20220211
26,77530610,Midland Credit Management Inc.,2156SC002814,Small Claims,Open,20211029,20211029
27,77530617,Midland Credit Management Inc.,2156SC002810,Small Claims,Open,20211029,20211029
28,77531050,Midland Credit Management Inc.,2156SC000738,Small Claims,Open,20210504,20210504
29,77531759,Midland Credit Management Inc.,2156SC000740,Small Claims,Open,20210504,20210504
30,77532102,Midland Credit Management Inc.,2156SC002843,Small Claims,Open,20211101,20211101
31,77532801,Midland Credit Management Inc.,2156SC002842,Small Claims,Open,20211101,20211101
32,77533043,Midland Credit Management Inc.,2156SC002841,Small Claims,Open,20211101,20211101
33,77533519,Midland Credit Management Inc.,2156SC002838,Small Claims,Open,20211101,20211101
34,77545174,Midland Credit Management Inc.,2156SC002945,Small Claims,Disposed (Statistical Purposes),20211112,20220121
35,77545593,Midland Credit Management Inc.,2156SC002944,Small Claims,Open,20211112,20211112
36,77563054,Midland Credit Management Inc.,2153SC001413,Small Claims,Open,20211118,20211118
37,77601716,Midland Credit Management Inc.,2051SC000432,Small Claims,Open,20200909,20200909
38,77607527,Midland Credit Management Inc.,2253SC000005,Small Claims,Open,20220104,20220104
39,78042003,Midland Credit Management Inc.,2186SC000574,Small Claims,Open,20210813,20210813
40,79882195,Midland Credit Management Inc.,1905SC000687,Small Claims,Suspended- COVID 19-Extend-Notices sent,20191227,20200601
41,80245619,Midland Credit Management Inc.,1905SC000683,Small Claims,Covid 19 XXX Notice Issued,20191223,20200622
42,80629233,Midland Credit Management Inc.,2068SC000351,Small Claims,Disposed (Statistical Purposes),20201230,20210719
43,80686000,Midland Credit Management Inc.,2154CV000628,Civil,Open,20211214,20211214
44,80848362,Midland Credit Management Inc.,2169SC000834,Small Claims,Open,20211206,20211206
45,81160218,Midland Credit Management Inc.,2141SC000030,Small Claims,Open,20210129,20210129
46,81186866,Midland Credit Management Inc.,2141SC000041,Small Claims,Open,20210205,20210205
47,81187290,Midland Credit Management Inc.,2141SC000040,Small Claims,Open,20210205,20210205
48,81187487,Midland Credit Management Inc.,2189SC000787,Small Claims,Open,20211117,20211117
49,81207368,Midland Credit Management Inc.,2141SC000050,Small Claims,Disposed (Statistical Purposes),20210211,20211105
0,81209906,Midland Credit Management Inc.,2141SC000051,Small Claims,Disposed (Statistical Purposes),20210211,20210517
1,81210104,Midland Credit Management Inc.,2141SC000053,Small Claims,Open,20210211,20210211
2,81210682,Midland Credit Management Inc.,2141SC000052,Small Claims,Open,20210211,20210211
3,81212151,Midland Credit Management Inc.,2141SC000049,Small Claims,Open,20210211,20210211
4,81218785,Midland Credit Management Inc.,2189SC000794,Small Claims,Open,20211119,20211119
5,81224857,Midland Credit Management Inc.,2020SC000523,Small Claims,Disposed (Statistical Purposes),20200908,20220114
6,81228189,Midland Credit Management Inc.,2020SC000522,Small Claims,Open,20200908,20200908
7,81233542,Midland Credit Management Inc.,2020SC000521,Small Claims,Open,20200908,20200908
8,81251219,Midland Credit Management Inc.,1914SC002181,Small Claims,Disposed (Statistical Purposes),20191218,20211005
9,81255955,Midland Credit Management Inc.,1914SC002192,Small Claims,Disposed (Statistical Purposes),20191219,20201113
10,81298260,Midland Credit Management Inc.,2189SC000803,Small Claims,Open,20211129,20211129
11,81301056,Midland Credit Management Inc.,2189SC000802,Small Claims,Open,20211129,20211129
12,81304409,Midland Credit Management Inc.,2189SC000804,Small Claims,Open,20211129,20211129
13,81306325,Midland Credit Management Inc.,2189SC000805,Small Claims,Open,20211129,20211129
14,81312889,Midland Credit Management Inc.,2018CV000144,Civil,Disposed (Statistical Purposes),20200218,20200325
15,81321140,Midland Credit Management Inc.,2020SC000520,Small Claims,Open,20200914,20200914
16,81358365,Midland Credit Management Inc.,2189SC000764,Small Claims,Open,20211207,20211207
17,81358850,Midland Credit Management Inc.,2189SC000767,Small Claims,Open,20211206,20211206
18,81368564,Midland Credit Management Inc.,2020SC000517,Small Claims,Disposed (Statistical Purposes),20200917,20220111
19,81370892,Midland Credit Management Inc.,2020SC000516,Small Claims,Open,20200917,20200917
20,81375483,Midland Credit Management Inc.,2189SC000813,Small Claims,Open,20211208,20211208
21,81376497,Midland Credit Management Inc.,2189SC000795,Small Claims,Open,20211209,20211209
22,81376906,Midland Credit Management Inc.,2189SC000811,Small Claims,Open,20211208,20211208
23,81378006,Midland Credit Management Inc.,2020SC000518,Small Claims,Disposed (Statistical Purposes),20200917,20220111
24,81378236,Midland Credit Management Inc.,2189SC000812,Small Claims,Open,20211208,20211208
25,81412819,Midland Credit Management Inc.,2049SC000538,Small Claims,Disposed (Statistical Purposes),20200904,20210406
26,81414429,Midland Credit Management Inc.,2049SC000536,Small Claims,Disposed (Statistical Purposes),20200904,20210406
27,81415766,Midland Credit Management Inc.,2049SC000535,Small Claims,Disposed (Statistical Purposes),20200904,20210406
28,81417084,Midland Credit Management Inc.,2049SC000537,Small Claims,Disposed (Statistical Purposes),20200904,20210406
29,81560657,Midland Credit Management Inc.,2289SC000026,Small Claims,Open,20220120,20220120
30,81615715,Midland Credit Management Inc.,2113SC001474,Small Claims,Open,20210818,20210818
31,81615935,Midland Credit Management Inc.,2113SC001473,Small Claims,Open,20210818,20210818
32,81616201,Midland Credit Management Inc.,2113SC001476,Small Claims,Open,20210818,20210818
33,81631928,Midland Credit Management Inc.,2041SC000229,Small Claims,Open,20200615,20200615
34,81633780,Midland Credit Management Inc.,2041SC000231,Small Claims,Open,20200615,20200615
35,81857283,Midland Credit Management Inc.,2113CV000088,Civil,Open,20210211,20210211
36,81872296,Midland Credit Management Inc.,2141SC000112,Small Claims,Open,20210322,20210322
37,81891423,Midland Credit Management Inc.,2113CV000089,Civil,Open,20210211,20210211
38,81920329,Midland Credit Management Inc.,2113CV000087,Civil,Open,20210212,20210212
39,81959623,Midland Credit Management Inc.,2041SC000267,Small Claims,Open,20200720,20200720
40,82060800,Midland Credit Management Inc.,2132SC000196,Small Claims,Disposed (Statistical Purposes),20210205,20210914
41,82081070,Midland Credit Management Inc.,2132SC000197,Small Claims,Disposed (Statistical Purposes),20210205,20210914
42,82085725,Midland Credit Management Inc.,2132SC000198,Small Claims,Disposed (Statistical Purposes),20210205,20210914
43,82086595,Midland Credit Management Inc.,2132SC000199,Small Claims,Disposed (Statistical Purposes),20210205,20210914
44,82104918,Midland Credit Management Inc.,2141SC000159,Small Claims,Open,20210426,20210426
45,82107026,Midland Credit Management Inc.,2141SC000162,Small Claims,Open,20210426,20210426
46,82108558,Midland Credit Management Inc.,2141SC000163,Small Claims,Open,20210426,20210426
47,82110648,Midland Credit Management Inc.,2141SC000160,Small Claims,Open,20210426,20210426
48,82165945,Midland Credit Management Inc.,2256SC000093,Small Claims,Open,20220120,20220120
49,82172461,Midland Credit Management Inc.,2256SC000094,Small Claims,Open,20220120,20220120
0,82201336,Midland Credit Management Inc.,2133SC000131,Small Claims,Disposed (Statistical Purposes),20210128,20211021
1,82210780,Midland Credit Management Inc.,1963SC000463EF,Small Claims,Disposed (Statistical Purposes),20191219,20200401
2,82251102,Midland Credit Management Inc.,2063SC000004,Small Claims,Disposed (Statistical Purposes),20200108,20210125
3,82310057,Midland Credit Management Inc.,2086SC000395,Small Claims,Disposed (Statistical Purposes),20201027,20211213
4,82335675,Midland Credit Management Inc.,2056SC001922,Small Claims,Open,20201123,20201123
5,82345718,Midland Credit Management Inc.,2056SC001918,Small Claims,Open,20201123,20201123
6,82346374,Midland Credit Management Inc.,2056SC001594,Small Claims,Open,20200921,20200921
7,82347438,Midland Credit Management Inc.,2056SC001606,Small Claims,Disposed (Statistical Purposes),20200922,20211004
8,82351877,Midland Credit Management Inc.,2056SC001614,Small Claims,Open,20200922,20200922
9,82352636,Midland Credit Management Inc.,2056SC001616,Small Claims,Open,20200922,20200922
10,82353602,Midland Credit Management Inc.,2086SC000401,Small Claims,Disposed (Statistical Purposes),20201030,20211213
11,82452414,Midland Credit Management Inc.,2156SC000357,Small Claims,Open,20210305,20210305
12,82453222,Midland Credit Management Inc.,2156SC000341,Small Claims,Open,20210305,20210305
13,82455039,Midland Credit Management Inc.,2156SC000335,Small Claims,Open,20210305,20210305
14,82512147,Midland Credit Management Inc.,2256SC000185,Small Claims,Open,20220207,20220207
15,82517249,Midland Credit Management Inc.,2256SC000186,Small Claims,Open,20220207,20220207
16,82535605,Midland Credit Management Inc.,2256SC000183,Small Claims,Open,20220207,20220207
17,82543381,Midland Credit Management Inc.,2057SC000576,Small Claims,Disposed (Statistical Purposes),20200924,20210412
18,82631535,Midland Credit Management Inc.,2241SC000042,Small Claims,Open,20220127,20220127
19,82834051,Midland Credit Management Inc.,2156SC002988,Small Claims,Open,20211116,20211116
20,82839002,Midland Credit Management Inc.,2156SC002989,Small Claims,Open,20211116,20211116
21,82839813,Midland Credit Management Inc.,2251CV000011,Civil,Open,20220111,20220111
22,82844047,Midland Credit Management Inc.,2156SC002987,Small Claims,Open,20211116,20211116
23,82881350,Midland Credit Management Inc.,2043CV000127,Civil,Disposed (Statistical Purposes),20200806,20200924
24,82891131,Midland Credit Management Inc.,2156SC003068,Small Claims,Open,20211123,20211123
25,82904856,Midland Credit Management Inc.,2156SC003042,Small Claims,Open,20211122,20211122
26,82909385,Midland Credit Management Inc.,2156SC003069,Small Claims,Open,20211123,20211123
27,82910777,Midland Credit Management Inc.,2156SC003067,Small Claims,Open,20211123,20211123
28,82914831,Midland Credit Management Inc.,2156SC003050,Small Claims,Open,20211122,20211122
29,82916550,Midland Credit Management Inc.,2156SC003064,Small Claims,Open,20211123,20211123
30,82917398,Midland Credit Management Inc.,2156SC003052,Small Claims,Open,20211122,20211122
31,82921325,Midland Credit Management Inc.,2156SC003043,Small Claims,Open,20211122,20211122
32,82922203,Midland Credit Management Inc.,2156SC003065,Small Claims,Open,20211123,20211123
33,82973722,Midland Credit Management Inc.,2156SC003101,Small Claims,Open,20211201,20211201
34,82975084,Midland Credit Management Inc.,2156SC003096,Small Claims,Open,20211201,20211201
35,82975860,Midland Credit Management Inc.,2156SC003091,Small Claims,Open,20211201,20211201
36,82977399,Midland Credit Management Inc.,2156SC003095,Small Claims,Open,20211201,20211201
37,82979623,Midland Credit Management Inc.,2156SC003093,Small Claims,Open,20211201,20211201
38,82981631,Midland Credit Management Inc.,2156SC003094,Small Claims,Open,20211201,20211201
39,82981977,Midland Credit Management Inc.,2156SC003092,Small Claims,Open,20211201,20211201
40,82982359,Midland Credit Management Inc.,2156SC003097,Small Claims,Open,20211201,20211201
41,82983538,Midland Credit Management Inc.,2156SC003098,Small Claims,Open,20211201,20211201
42,82983942,Midland Credit Management Inc.,2156SC003102,Small Claims,Open,20211201,20211201
43,82995200,Midland Credit Management Inc.,2156SC003143,Small Claims,Open,20211203,20211203
44,82996183,Midland Credit Management Inc.,2156SC003142,Small Claims,Open,20211203,20211203
45,82997871,Midland Credit Management Inc.,2156SC003137,Small Claims,Open,20211203,20211203
46,82998474,Midland Credit Management Inc.,2156SC003138,Small Claims,Open,20211203,20211203
47,83000601,Midland Credit Management Inc.,2156SC003141,Small Claims,Open,20211203,20211203
48,83001343,Midland Credit Management Inc.,2156SC003140,Small Claims,Open,20211203,20211203
49,83002361,Midland Credit Management Inc.,2156SC003139,Small Claims,Open,20211203,20211203
0,83018541,Midland Credit Management Inc.,2156SC003149,Small Claims,Open,20211206,20211206
1,83019133,Midland Credit Management Inc.,2156SC003150,Small Claims,Open,20211206,20211206
2,83021425,Midland Credit Management Inc.,2156SC003152,Small Claims,Open,20211206,20211206
3,83027224,Midland Credit Management Inc.,2156SC003151,Small Claims,Open,20211206,20211206
4,83044310,Midland Credit Management Inc.,2156SC003226,Small Claims,Open,20211213,20211213
5,83049061,Midland Credit Management Inc.,2156SC003227,Small Claims,Open,20211213,20211213
6,83052467,Midland Credit Management Inc.,2156SC003228,Small Claims,Open,20211213,20211213
7,83127315,Midland Credit Management Inc.,2156SC003275,Small Claims,Open,20211217,20211217
8,83234896,Midland Credit Management Inc.,2256SC000029,Small Claims,Open,20220105,20220105
9,83239973,Midland Credit Management Inc.,2256SC000022,Small Claims,Open,20220105,20220105
10,83240184,Midland Credit Management Inc.,2256SC000015,Small Claims,Open,20220105,20220105
11,83241118,Midland Credit Management Inc.,2256SC000016,Small Claims,Open,20220105,20220105
12,83710150,Midland Credit Management Inc.,2105CV000119,Civil,Open,20210624,20210624
13,84995054,Midland Credit Management Inc.,2125SC000765,Small Claims,Open,20210715,20210715
14,85306616,Midland Credit Management Inc.,2164CV000165,Civil,Open,20210526,20210526
15,85732521,Midland Credit Management Inc.,2188SC000074,Small Claims,Disposed (Statistical Purposes),20210726,20210909
16,85817279,Midland Credit Management Inc.,2128SC000205,Small Claims,Disposed (Statistical Purposes),20210524,20210715
17,85906636,Midland Credit Management Inc.,2186SC000288,Small Claims,Open,20210519,20210519
18,85907170,Midland Credit Management Inc.,2186SC000289,Small Claims,Open,20210519,20210519
19,85910015,Midland Credit Management Inc.,2186SC000302,Small Claims,Open,20210521,20210521
20,86060484,Midland Credit Management Inc.,2156SC001022,Small Claims,Open,20210607,20210607
21,86069741,Midland Credit Management Inc.,2156SC001291,Small Claims,Open,20210614,20210614
22,86072416,Midland Credit Management Inc.,2156SC001098,Small Claims,Open,20210609,20210609
23,86072603,Midland Credit Management Inc.,2156SC001135,Small Claims,Open,20210609,20210609
24,86074950,Midland Credit Management Inc.,2156SC001107,Small Claims,Open,20210609,20210609
25,86075523,Midland Credit Management Inc.,2156SC001303,Small Claims,Open,20210614,20210614
26,86076947,Midland Credit Management Inc.,2156SC001108,Small Claims,Disposed (Statistical Purposes),20210609,20210816
27,86077220,Midland Credit Management Inc.,2156SC001134,Small Claims,Open,20210609,20210609
28,86079284,Midland Credit Management Inc.,2156SC001318,Small Claims,Open,20210614,20210614
29,86079553,Midland Credit Management Inc.,2156SC001116,Small Claims,Open,20210609,20210609
30,86079700,Midland Credit Management Inc.,2156SC001288,Small Claims,Open,20210614,20210614
31,86079714,Midland Credit Management Inc.,2156SC001120,Small Claims,Open,20210609,20210609
32,86079910,Midland Credit Management Inc.,2156SC001304,Small Claims,Open,20210614,20210614
33,86080547,Midland Credit Management Inc.,2156SC001319,Small Claims,Open,20210614,20210614
34,86081659,Midland Credit Management Inc.,2156SC001138,Small Claims,Open,20210609,20210609
35,86082550,Midland Credit Management Inc.,2156SC001136,Small Claims,Open,20210609,20210609
36,86082744,Midland Credit Management Inc.,2156SC001088,Small Claims,Open,20210609,20210609
37,86082783,Midland Credit Management Inc.,2156SC001096,Small Claims,Open,20210609,20210609
38,86082786,Midland Credit Management Inc.,2156SC001316,Small Claims,Open,20210614,20210614
39,86082846,Midland Credit Management Inc.,2156SC001089,Small Claims,Open,20210609,20210609
40,86084666,Midland Credit Management Inc.,2156SC001094,Small Claims,Open,20210609,20210609
41,86085121,Midland Credit Management Inc.,2156SC001090,Small Claims,Open,20210609,20210609
42,86085886,Midland Credit Management Inc.,2156SC001091,Small Claims,Open,20210609,20210609
43,86087008,Midland Credit Management Inc.,2156SC001306,Small Claims,Open,20210614,20210614
44,86087060,Midland Credit Management Inc.,2156SC001145,Small Claims,Open,20210609,20210609
45,86087225,Midland Credit Management Inc.,2156SC001105,Small Claims,Closed,20210609,20211115
46,86087456,Midland Credit Management Inc.,2156SC001103,Small Claims,Open,20210609,20210609
47,86087606,Midland Credit Management Inc.,2156SC001115,Small Claims,Open,20210609,20210609
48,86087678,Midland Credit Management Inc.,2156SC001285,Small Claims,Open,20210614,20210614
49,86088018,Midland Credit Management Inc.,2156SC001150,Small Claims,Open,20210609,20210609
0,86088930,Midland Credit Management Inc.,2156SC001106,Small Claims,Closed,20210609,20210818
1,86088995,Midland Credit Management Inc.,2156SC001315,Small Claims,Disposed (Statistical Purposes),20210614,20211206
2,86092610,Midland Credit Management Inc.,2156SC001095,Small Claims,Open,20210609,20210609
3,86093337,Midland Credit Management Inc.,2156SC001093,Small Claims,Open,20210609,20210609
4,86093367,Midland Credit Management Inc.,2156SC001142,Small Claims,Open,20210609,20210609
5,86093674,Midland Credit Management Inc.,2156SC001119,Small Claims,Open,20210609,20210609
6,86094330,Midland Credit Management Inc.,2156SC001137,Small Claims,Open,20210609,20210609
7,86096741,Midland Credit Management Inc.,2156SC001162,Small Claims,Open,20210610,20210610
8,86098393,Midland Credit Management Inc.,2156SC001159,Small Claims,Open,20210610,20210610
9,86098838,Midland Credit Management Inc.,2156SC001163,Small Claims,Open,20210610,20210610
10,86100146,Midland Credit Management Inc.,2156SC001165,Small Claims,Open,20210610,20210610
11,86100374,Midland Credit Management Inc.,2156SC001161,Small Claims,Open,20210610,20210610
12,86101539,Midland Credit Management Inc.,2156SC001177,Small Claims,Open,20210610,20210610
13,86101716,Midland Credit Management Inc.,2156SC001160,Small Claims,Open,20210610,20210610
14,86102110,Midland Credit Management Inc.,2156SC001164,Small Claims,Open,20210610,20210610
15,86105769,Midland Credit Management Inc.,2156SC001249,Small Claims,Open,20210611,20210611
16,86106020,Midland Credit Management Inc.,2156SC001233,Small Claims,Open,20210611,20210611
17,86108361,Midland Credit Management Inc.,2156SC001321,Small Claims,Open,20210614,20210614
18,86109707,Midland Credit Management Inc.,2156SC001320,Small Claims,Open,20210614,20210614
19,86110441,Midland Credit Management Inc.,2156SC001289,Small Claims,Open,20210614,20210614
20,86142738,Midland Credit Management Inc.,2156SC001531,Small Claims,Open,20210629,20210629
21,86143075,Midland Credit Management Inc.,2156SC001532,Small Claims,Open,20210629,20210629
22,86146540,Midland Credit Management Inc.,2156SC001533,Small Claims,Open,20210629,20210629
23,86146897,Midland Credit Management Inc.,2156SC001530,Small Claims,Open,20210629,20210629
24,86159081,Midland Credit Management Inc.,2156SC001569,Small Claims,Open,20210701,20210701
25,86160599,Midland Credit Management Inc.,2156SC001593,Small Claims,Open,20210702,20210702
26,86160655,Midland Credit Management Inc.,2156SC001600,Small Claims,Open,20210702,20210702
27,86162862,Midland Credit Management Inc.,2156SC001601,Small Claims,Open,20210702,20210702
28,86163624,Midland Credit Management Inc.,2156SC001590,Small Claims,Open,20210702,20210702
29,86164974,Midland Credit Management Inc.,2156SC001592,Small Claims,Open,20210702,20210702
30,86165279,Midland Credit Management Inc.,2156SC001591,Small Claims,Open,20210702,20210702
31,86170224,Midland Credit Management Inc.,2156SC001648,Small Claims,Open,20210707,20210707
32,86170318,Midland Credit Management Inc.,2156SC001617,Small Claims,Open,20210706,20210706
33,86170606,Midland Credit Management Inc.,2156SC001646,Small Claims,Open,20210707,20210707
34,86170680,Midland Credit Management Inc.,2156SC001614,Small Claims,Open,20210706,20210706
35,86170790,Midland Credit Management Inc.,2156SC001621,Small Claims,Open,20210706,20210706
36,86170809,Midland Credit Management Inc.,2156SC001609,Small Claims,Open,20210706,20210706
37,86171013,Midland Credit Management Inc.,2156SC001613,Small Claims,Open,20210706,20210706
38,86173938,Midland Credit Management Inc.,2156SC001635,Small Claims,Open,20210707,20210707
39,86174457,Midland Credit Management Inc.,2156SC001636,Small Claims,Open,20210707,20210707
40,86176093,Midland Credit Management Inc.,2156SC001647,Small Claims,Open,20210707,20210707
41,86176270,Midland Credit Management Inc.,2156SC001651,Small Claims,Open,20210707,20210707
42,86177553,Midland Credit Management Inc.,2156SC001649,Small Claims,Open,20210707,20210707
43,86189199,Midland Credit Management Inc.,2156SC001684,Small Claims,Open,20210712,20210712
44,86189990,Midland Credit Management Inc.,2156SC001675,Small Claims,Open,20210712,20210712
45,86192081,Midland Credit Management Inc.,2156SC001685,Small Claims,Open,20210712,20210712
46,86197258,Midland Credit Management Inc.,2156SC001676,Small Claims,Open,20210712,20210712
47,86233407,Midland Credit Management Inc.,2156SC001780,Small Claims,Open,20210720,20210720
48,86233778,Midland Credit Management Inc.,2156SC001787,Small Claims,Open,20210721,20210721
49,86236473,Midland Credit Management Inc.,2156SC001797,Small Claims,Closed,20210721,20220121
0,86237148,Midland Credit Management Inc.,2156SC001795,Small Claims,Open,20210721,20210721
1,86239478,Midland Credit Management Inc.,2156SC001779,Small Claims,Open,20210720,20210720
2,86241952,Midland Credit Management Inc.,2156SC001788,Small Claims,Open,20210721,20210721
3,86242388,Midland Credit Management Inc.,2156SC001765,Small Claims,Open,20210720,20210720
4,86242504,Midland Credit Management Inc.,2156SC001764,Small Claims,Open,20210720,20210720
5,86246028,Midland Credit Management Inc.,2156SC001784,Small Claims,Open,20210721,20210721
6,86247570,Midland Credit Management Inc.,2156SC001786,Small Claims,Open,20210721,20210721
7,86248306,Midland Credit Management Inc.,2156SC001763,Small Claims,Open,20210720,20210720
8,86249494,Midland Credit Management Inc.,2156SC001794,Small Claims,Disposed (Statistical Purposes),20210721,20211108
9,86253380,Midland Credit Management Inc.,2156SC001837,Small Claims,Closed,20210723,20211101
10,86253905,Midland Credit Management Inc.,2156SC001819,Small Claims,Open,20210722,20210722
11,86256114,Midland Credit Management Inc.,2156SC001817,Small Claims,Open,20210722,20210722
12,86256520,Midland Credit Management Inc.,2156SC001834,Small Claims,Open,20210723,20210723
13,86257396,Midland Credit Management Inc.,2156SC001841,Small Claims,Open,20210723,20210723
14,86258304,Midland Credit Management Inc.,2156SC001836,Small Claims,Open,20210723,20210723
15,86258484,Midland Credit Management Inc.,2156SC001828,Small Claims,Open,20210722,20210722
16,86258802,Midland Credit Management Inc.,2156SC001838,Small Claims,Open,20210723,20210723
17,86258836,Midland Credit Management Inc.,2156SC001842,Small Claims,Open,20210723,20210723
18,86260028,Midland Credit Management Inc.,2156SC001818,Small Claims,Open,20210722,20210722
19,86272145,Midland Credit Management Inc.,2156SC001864,Small Claims,Open,20210726,20210726
20,86275050,Midland Credit Management Inc.,2156SC001863,Small Claims,Open,20210726,20210726
21,86279897,Midland Credit Management Inc.,2156SC001862,Small Claims,Open,20210726,20210726
22,86283470,Midland Credit Management Inc.,2156SC001887,Small Claims,Open,20210727,20210727
23,86284044,Midland Credit Management Inc.,2156SC001881,Small Claims,Open,20210727,20210727
24,86285014,Midland Credit Management Inc.,2156SC001889,Small Claims,Open,20210727,20210727
25,86286309,Midland Credit Management Inc.,2156SC001879,Small Claims,Open,20210727,20210727
26,86286533,Midland Credit Management Inc.,2156SC001878,Small Claims,Open,20210727,20210727
27,86286836,Midland Credit Management Inc.,2156SC001883,Small Claims,Open,20210727,20210727
28,86288679,Midland Credit Management Inc.,2156SC001880,Small Claims,Open,20210727,20210727
29,86289761,Midland Credit Management Inc.,2156SC001886,Small Claims,Open,20210727,20210727
30,86290780,Midland Credit Management Inc.,2156SC001899,Small Claims,Open,20210728,20210728
31,86291229,Midland Credit Management Inc.,2156SC001901,Small Claims,Open,20210728,20210728
32,86292737,Midland Credit Management Inc.,2156SC001884,Small Claims,Open,20210727,20210727
33,86293197,Midland Credit Management Inc.,2156SC001885,Small Claims,Open,20210727,20210727
34,86324567,Midland Credit Management Inc.,2131SC001098,Small Claims,Open,20210702,20210702
35,86369964,Midland Credit Management Inc.,2131SC000872,Small Claims,Open,20210601,20210601
36,86379759,Midland Credit Management Inc.,2131SC000841,Small Claims,Disposed (Statistical Purposes),20210601,20210913
37,86385425,Midland Credit Management Inc.,2131SC000849,Small Claims,Disposed (Statistical Purposes),20210601,20210913
38,86722238,Midland Credit Management Inc.,2162SC001318,Small Claims,Disposed (Statistical Purposes),20210607,20211207
39,86724378,Midland Credit Management Inc.,2162SC001327,Small Claims,Disposed (Statistical Purposes),20210607,20211207
40,86724644,Midland Credit Management Inc.,2162SC001324,Small Claims,Disposed (Statistical Purposes),20210607,20211224
41,86724982,Midland Credit Management Inc.,2162SC001316,Small Claims,Disposed (Statistical Purposes),20210607,20211207
42,86727880,Midland Credit Management Inc.,2162SC001312,Small Claims,Disposed (Statistical Purposes),20210607,20211130
43,86728503,Midland Credit Management Inc.,2162SC001321,Small Claims,Disposed (Statistical Purposes),20210607,20220119
44,86729077,Midland Credit Management Inc.,2162SC001315,Small Claims,Disposed (Statistical Purposes),20210607,20211224
45,86731519,Midland Credit Management Inc.,2162SC001317,Small Claims,Disposed (Statistical Purposes),20210607,20211207
46,86733039,Midland Credit Management Inc.,2162SC001322,Small Claims,Disposed (Statistical Purposes),20210607,20211207
47,86735392,Midland Credit Management Inc.,2162SC001323,Small Claims,Open,20210607,20210607
48,86756555,Midland Credit Management Inc.,2162SC001314,Small Claims,Disposed (Statistical Purposes),20210607,20211224
49,86756902,Midland Credit Management Inc.,2162SC001309,Small Claims,Disposed (Statistical Purposes),20210607,20211201
0,86767721,Midland Credit Management Inc.,2156SC000972,Small Claims,Open,20210607,20210607
1,86768659,Midland Credit Management Inc.,2156SC001029,Small Claims,Open,20210607,20210607
2,86774957,Midland Credit Management Inc.,2156SC001021,Small Claims,Open,20210607,20210607
3,86775354,Midland Credit Management Inc.,2156SC001028,Small Claims,Open,20210607,20210607
4,86778109,Midland Credit Management Inc.,2156SC000975,Small Claims,Open,20210607,20210607
5,86782825,Midland Credit Management Inc.,2156SC000977,Small Claims,Open,20210607,20210607
6,86785501,Midland Credit Management Inc.,2156SC001027,Small Claims,Open,20210607,20210607
7,86899836,Midland Credit Management Inc.,2153SC000505,Small Claims,Disposed (Statistical Purposes),20210524,20211110
8,86909064,Midland Credit Management Inc.,2153SC000517,Small Claims,Disposed (Statistical Purposes),20210528,20211201
9,86911161,Midland Credit Management Inc.,2153SC000516,Small Claims,Disposed (Statistical Purposes),20210528,20211201
10,86915851,Midland Credit Management Inc.,2153SC000515,Small Claims,Disposed (Statistical Purposes),20210528,20211201
11,87161346,Midland Credit Management Inc.,2153SC000743,Small Claims,Open,20210716,20210716
12,87163866,Midland Credit Management Inc.,2153SC000744,Small Claims,Disposed (Statistical Purposes),20210716,20220209
13,88017231,Midland Credit Management Inc.,2223SC000038,Small Claims,Open,20220106,20220106
14,88020888,Midland Credit Management Inc.,2056SC001800,Small Claims,Open,20201029,20201029
15,88022154,Midland Credit Management Inc.,2056SC001793,Small Claims,Open,20201029,20201029
16,88022761,Midland Credit Management Inc.,2056SC001798,Small Claims,Closed,20201029,20210429
17,88023108,Midland Credit Management Inc.,2056SC001797,Small Claims,Open,20201029,20201029
18,88024736,Midland Credit Management Inc.,2056SC001792,Small Claims,Open,20201029,20201029
19,88036136,Midland Credit Management Inc.,2056SC001825,Small Claims,Open,20201102,20201102
20,88036566,Midland Credit Management Inc.,2056SC001830,Small Claims,Open,20201102,20201102
21,88039143,Midland Credit Management Inc.,2056SC001822,Small Claims,Open,20201102,20201102
22,88039564,Midland Credit Management Inc.,2056SC001832,Small Claims,Open,20201102,20201102
23,88039651,Midland Credit Management Inc.,2056SC001827,Small Claims,Open,20201102,20201102
24,88043928,Midland Credit Management Inc.,2056SC001831,Small Claims,Open,20201102,20201102
25,88045440,Midland Credit Management Inc.,2056SC001824,Small Claims,Disposed (Statistical Purposes),20201102,20211004
26,88047180,Midland Credit Management Inc.,2056SC001843,Small Claims,Open,20201103,20201103
27,88058817,Midland Credit Management Inc.,2145SC000061,Small Claims,Open,20210217,20210217
28,88063120,Midland Credit Management Inc.,2145SC000063,Small Claims,Open,20210217,20210217
29,88067741,Midland Credit Management Inc.,2145SC000056,Small Claims,Disposed (Statistical Purposes),20210217,20210322
30,88122024,Midland Credit Management Inc.,2145CV000036,Civil,Disposed (Statistical Purposes),20210305,20210524
31,88150864,Midland Credit Management Inc.,2055SC000365,Small Claims,Closed,20200703,20210611
32,88168591,Midland Credit Management Inc.,2145SC000139,Small Claims,Disposed (Statistical Purposes),20210329,20210922
33,88185637,Midland Credit Management Inc.,2013SC000136,Small Claims,Closed,20200124,20210820
34,88186625,Midland Credit Management Inc.,2013SC000135,Small Claims,Disposed (Statistical Purposes),20200124,20210820
35,88192581,Midland Credit Management Inc.,2013SC000148,Small Claims,Disposed (Statistical Purposes),20200128,20210217
36,88192597,Midland Credit Management Inc.,2013SC000147,Small Claims,Disposed (Statistical Purposes),20200128,20210818
37,88205778,Midland Credit Management Inc.,2013SC000160,Small Claims,Disposed (Statistical Purposes),20200130,20210217
38,88207101,Midland Credit Management Inc.,2013SC000164,Small Claims,Closed,20200130,20200130
39,88207845,Midland Credit Management Inc.,2013SC000161,Small Claims,Closed,20200130,20200825
40,88208509,Midland Credit Management Inc.,2013SC000159,Small Claims,Disposed (Statistical Purposes),20200130,20210217
41,88209808,Midland Credit Management Inc.,2145SC000164,Small Claims,Disposed (Statistical Purposes),20210426,20211110
42,88220323,Midland Credit Management Inc.,2013SC000198,Small Claims,Suspended Covid 19 extended,20200203,20200203
43,88229962,Midland Credit Management Inc.,2013SC000224,Small Claims,Suspended Covid 19 extended,20200205,20200205
44,88231119,Midland Credit Management Inc.,2013SC000223,Small Claims,Suspended Covid 19 extended,20200205,20200205
45,88232973,Midland Credit Management Inc.,2013SC000219,Small Claims,Disposed (Statistical Purposes),20200204,20210630
46,88235326,Midland Credit Management Inc.,2013SC000222,Small Claims,Disposed (Statistical Purposes),20200205,20210630
47,88268840,Midland Credit Management Inc.,2056SC001877,Small Claims,Disposed (Statistical Purposes),20201116,20210216
48,88272944,Midland Credit Management Inc.,2056SC001878,Small Claims,Open,20201116,20201116
49,88273259,Midland Credit Management Inc.,2056SC001893,Small Claims,Open,20201116,20201116
0,88281629,Midland Credit Management Inc.,2013SC000231,Small Claims,Disposed (Statistical Purposes),20200210,20210108
1,88286703,Midland Credit Management Inc.,2056SC001907,Small Claims,Open,20201118,20201118
2,88311203,Midland Credit Management Inc.,2056SC001977,Small Claims,Open,20201125,20201125
3,88312439,Midland Credit Management Inc.,2056SC001981,Small Claims,Open,20201125,20201125
4,88312667,Midland Credit Management Inc.,2056SC001975,Small Claims,Open,20201125,20201125
5,88314160,Midland Credit Management Inc.,2056SC001976,Small Claims,Open,20201125,20201125
6,88322570,Midland Credit Management Inc.,2186SC000063,Small Claims,Open,20210204,20210204
7,88337143,Midland Credit Management Inc.,2056SC002017,Small Claims,Open,20201201,20201201
8,88337597,Midland Credit Management Inc.,2056SC002019,Small Claims,Open,20201201,20201201
9,88340902,Midland Credit Management Inc.,2056SC002014,Small Claims,Closed,20201201,20210111
10,88341309,Midland Credit Management Inc.,2056SC002022,Small Claims,Open,20201201,20201201
11,88346636,Midland Credit Management Inc.,2186SC000195,Small Claims,Open,20210331,20210331
12,88354740,Midland Credit Management Inc.,2131SC002037,Small Claims,Disposed (Statistical Purposes),20211122,20220120
13,88376926,Midland Credit Management Inc.,2023SC001541,Small Claims,Disposed (Statistical Purposes),20200630,20211210
14,88381514,Midland Credit Management Inc.,2131SC002164,Small Claims,Open,20211202,20211202
15,88395898,Midland Credit Management Inc.,2186SC000255,Small Claims,Open,20210430,20210430
16,88401309,Midland Credit Management Inc.,2056SC001598,Small Claims,Open,20200922,20200922
17,88401597,Midland Credit Management Inc.,2056SC001600,Small Claims,Open,20200922,20200922
18,88402359,Midland Credit Management Inc.,2056SC001590,Small Claims,Open,20200921,20200921
19,88402604,Midland Credit Management Inc.,2056SC001602,Small Claims,Open,20200922,20200922
20,88403493,Midland Credit Management Inc.,2056SC001597,Small Claims,Open,20200921,20200921
21,88403689,Midland Credit Management Inc.,2056SC001589,Small Claims,Open,20200921,20200921
22,88404652,Midland Credit Management Inc.,2056SC001601,Small Claims,Open,20200922,20200922
23,88405084,Midland Credit Management Inc.,2056SC001599,Small Claims,Open,20200922,20200922
24,88405319,Midland Credit Management Inc.,2056SC001591,Small Claims,Open,20200921,20200921
25,88405420,Midland Credit Management Inc.,2056SC001607,Small Claims,Open,20200922,20200922
26,88405525,Midland Credit Management Inc.,2056SC001615,Small Claims,Open,20200922,20200922
27,88405646,Midland Credit Management Inc.,2056SC001592,Small Claims,Open,20200921,20200921
28,88419334,Midland Credit Management Inc.,2186SC000759,Small Claims,Open,20211028,20211028
29,88419526,Midland Credit Management Inc.,2186SC000760,Small Claims,Open,20211028,20211028
30,88430221,Midland Credit Management Inc.,2056SC001679,Small Claims,Open,20201002,20201002
31,88430969,Midland Credit Management Inc.,2056SC001637,Small Claims,Open,20201001,20201001
32,88431785,Midland Credit Management Inc.,2056SC001636,Small Claims,Open,20201001,20201001
33,88432222,Midland Credit Management Inc.,2056SC001645,Small Claims,Open,20201001,20201001
34,88432539,Midland Credit Management Inc.,2056SC001629,Small Claims,Open,20201001,20201001
35,88432903,Midland Credit Management Inc.,2056SC001633,Small Claims,Open,20201001,20201001
36,88433236,Midland Credit Management Inc.,2056SC001674,Small Claims,Open,20201002,20201002
37,88433445,Midland Credit Management Inc.,2056SC001650,Small Claims,Open,20201001,20201001
38,88433716,Midland Credit Management Inc.,2056SC001627,Small Claims,Open,20201001,20201001
39,88433739,Midland Credit Management Inc.,2056SC001678,Small Claims,Open,20201002,20201002
40,88433904,Midland Credit Management Inc.,2056SC001628,Small Claims,Open,20201001,20201001
41,88433947,Midland Credit Management Inc.,2056SC001642,Small Claims,Open,20201001,20201001
42,88434097,Midland Credit Management Inc.,2056SC001671,Small Claims,Open,20201002,20201002
43,88434141,Midland Credit Management Inc.,2056SC001626,Small Claims,Open,20201001,20201001
44,88434268,Midland Credit Management Inc.,2056SC001641,Small Claims,Open,20201001,20201001
45,88434863,Midland Credit Management Inc.,2056SC001675,Small Claims,Open,20201002,20201002
46,88633360,Midland Credit Management Inc.,2031SC000566,Small Claims,Covid 19 XXX Notice Issued,20200309,20210304
47,88634348,Midland Credit Management Inc.,2031SC000567,Small Claims,Disposed (Statistical Purposes),20200309,20210805
48,88636074,Midland Credit Management Inc.,2031SC000568,Small Claims,Disposed (Statistical Purposes),20200309,20210805
49,88636932,Midland Credit Management Inc.,2031SC000565,Small Claims,Disposed (Statistical Purposes),20200309,20200415
0,88896797,Midland Credit Management Inc.,2149SC000521,Small Claims,Disposed (Statistical Purposes),20210608,20210908
1,35889285,Meredith Management Corp for Brookside Village Associates LP,15H85SP005297,Housing Court Summary Process,Active,20151224,20151224
2,35942186,Harvest Credit Management Bank Of America N.A,0510CV000783,Civil,Disposed (Statistical Purposes),20050922,20051121
3,36033539,"Harvest Credit Management Viii, Llc",0729CV000026,Civil,Disposed (Statistical Purposes),20070208,20070910
4,36087964,Harvest Credit Management Metros Direct Merchants,0523CV002379,Civil,Disposed (Statistical Purposes),20050923,20060223
5,36163355,"Meredith Management Corporation, Agents For Presid",0755SU000060,Summary Process,Disposed (Statistical Purposes),20070430,20070511
6,36385493,"Meredith Management Corporation, Agents For Presid",0755SU000193,Summary Process,Disposed (Statistical Purposes),20071217,20071231
7,36170078,"Midland Credit Management, Inc. Servicer For Midla",0723CV000377,Civil,Disposed (Statistical Purposes),20070129,20070531
8,39383248,"Midland Credit Management, Inc. Servicer For Midla",0762CV000495,Civil,Disposed (Statistical Purposes),20070209,20070614
9,36172379,"Midland Credit Management, Inc. Sesrvicer For Midl",0723CV000375,Civil,Disposed (Statistical Purposes),20070129,20070531
10,36205429,"Midland Credit Management, Inc Servicer For Midlan",0723CV000376,Civil,Disposed (Statistical Purposes),20070129,20070531
11,36730076,"Midland Credit Management, Inc Servicer For Midlan",0731CV000078,Civil,Disposed (Statistical Purposes),20070125,20080416
12,36228957,Montiero Credit Management Llc,0936CV000566,Civil,Disposed (Statistical Purposes),20090401,20091028
13,36241947,"Meredith Management Corporation, Agents Of Preside",0755SU000071,Summary Process,Disposed (Statistical Purposes),20070529,20070611
14,36244666,"Meredith Management Corporation, Agensts For Presi",0755SU000072,Summary Process,Disposed (Statistical Purposes),20070529,20070611
15,36359163,"Harvest Credit Management,Vii,Llc",0922CV000386,Civil,Disposed (Statistical Purposes),20090601,20090807
16,36571763,"Harvest Credit Management V I I, L.L.C., M&I Ban",0631CV000856,Civil,Disposed (Statistical Purposes),20060905,20061031
17,36749876,"Harvest Credit Management Vi, B, Llc",0565SC000514,Small Claims,Disposed (Statistical Purposes),20050830,20051110
18,36950210,"Harvest Credit Management Vii, Llc Assignee Of Cha",0686CV000798,Civil,Disposed (Statistical Purposes),20061220,20071030
19,37281948,"Midland Credit Management, Incas Servicer For Midl",0751CV000076,Civil,Disposed (Statistical Purposes),20070122,20071031
20,37285019,"Midland Credit Management,Inc As Servicer For Midl",0751CV000077,Civil,Disposed (Statistical Purposes),20070122,20071031
21,52162714,"Midland Credit Management,Inc As Servicer For Midl",0733CV000277,Civil,Disposed (Statistical Purposes),20070212,20070618
22,37435208,"Harvest Credit Management V I I , L.L.C.",0760CV000489,Civil,Disposed (Statistical Purposes),20070621,20080328
23,63532190,"Harvest Credit Management V I I , L.L.C.",0901CV004746,Civil,Closed,20091118,20091118
24,37765545,"Harvest Credit Management Vi B, L.L.C.,",0570CV000089,Civil,Disposed (Statistical Purposes),20050825,20051011
25,37817181,"Midland Credit Managements, Inc. As Servicer For M",0767CV000082,Civil,Disposed (Statistical Purposes),20070123,20080213
26,37832218,Harvest Credit Management Chase Manhattan,0644CV000402,Civil,Disposed (Statistical Purposes),20060829,20061117
27,38026186,Harvest Credit Management Vii/ Household Bank Metr,0753SC000527,Small Claims,Disposed (Statistical Purposes),20070403,20070503
28,38095775,"Midland Credit Management, Inc. As Servicer For Mr",0744CV000093,Civil,Disposed (Statistical Purposes),20070209,20070627
29,46315231,"Midland Credit Management, Inc. As Servicer For Mr",0710CV000065,Civil,Disposed (Statistical Purposes),20070122,20070803
30,49588234,"Midland Credit Management, Inc. As Servicer For Mr",0723CV000532,Civil,Disposed (Statistical Purposes),20070212,20070711
31,38616569,Harvast Credit Management,0623SP001317,Supplementary Process,Disposed (Statistical Purposes),20061226,20070328
32,38616992,Harvast Credit Management,0623SP001320,Supplementary Process,Disposed (Statistical Purposes),20061226,20070328
33,38618313,Harvast Credit Management,0623SP001324,Supplementary Process,Disposed (Statistical Purposes),20061226,20070525
34,38881912,"Meredith Management, Managing Agent For Presidenti",0855SU000103,Summary Process,Disposed (Statistical Purposes),20080616,20080627
35,38909564,Harvest Credit Management Vii L.L.C,0762CV001746,Civil,Disposed (Statistical Purposes),20070615,20070904
36,39025036,"Harvest Credit Management Vii, Llc Assignee Of Jun",0786CV000624,Civil,Disposed (Statistical Purposes),20070905,20071102
37,39104221,Harvest Credit Management V I I L L C,0957SC001063,Small Claims,Disposed (Statistical Purposes),20090817,20090924
38,39287141,Harvest Credit Management V I I L L C,0957SC001242,Small Claims,Disposed (Statistical Purposes),20090925,20091105
39,41988146,Harvest Credit Management V I I L L C,0955CV000506,Civil,Disposed (Statistical Purposes),20090601,20090903
40,41994402,Harvest Credit Management V I I L L C,0955CV000507,Civil,Disposed (Statistical Purposes),20090601,20090903
41,39270211,"Harvest Credit Management,",0753SP000104,Supplementary Process,Disposed (Statistical Purposes),20070320,20070917
42,39328952,"Midland Credit Management, Inc. Asservicer For Mid",0762CV000267,Civil,Disposed (Statistical Purposes),20070122,20071205
43,77176708,"Midland Credit Management, Inc. Asservicer For Mid",0750CV000111,Civil,Disposed (Statistical Purposes),20070123,20070511
44,39371795,"Midland Credit Management, Inc., As Server For Mi",0762CV000268,Civil,Disposed (Statistical Purposes),20070122,20070521
45,39649104,"Midland Credit Management, Inc. As Serv For Midlan",0757CV000140,Civil,Disposed (Statistical Purposes),20070212,20070702
46,39671503,"Midland Credit Management, Inc. As Serv For Midlan",0757CV000139,Civil,Disposed (Statistical Purposes),20070212,20070702
47,39667664,"Midland Credit Management, Inc As Serv For Midland",0757CV000141,Civil,Disposed (Statistical Purposes),20070212,20070702
48,39684327,Harvest Credit Management V I I Llc,0943SC000651,Small Claims,Disposed (Statistical Purposes),20090601,20090714
49,41996350,Harvest Credit Management V I I Llc,0955CV000504,Civil,Disposed (Statistical Purposes),20090601,20090903
0,69766485,Harvest Credit Management V I I Llc,0601CV005598,Civil,Closed,20061124,20061124
1,70670352,Harvest Credit Management V I I Llc,0762SC003039,Small Claims,Disposed (Statistical Purposes),20070827,20071109
2,39930198,"Harvard Credit Management Mbna America Bank, N.A.",0657CV000368,Civil,Disposed (Statistical Purposes),20060522,20060621
3,40140461,"Meredith Management Corporation, managing agent for Riverboat Village Associates Limited Partnership",16H79SP000678,Housing Court Summary Process,Closed,20160216,20160229
4,40854047,Harvest Credit Management/Mbna America Bank N.A.,0510SC002314,Small Claims,Disposed (Statistical Purposes),20051006,20051117
5,41190029,Meredith Management Corporation Managing Agents Fo,0755SU000108,Summary Process,Disposed (Statistical Purposes),20070723,20070802
6,41191427,Meredith Management Corporation Agent For,0755SU000110,Summary Process,Disposed (Statistical Purposes),20070723,20070803
7,41195356,Meredith Management Corporation Agents For,0755SU000109,Summary Process,Disposed (Statistical Purposes),20070723,20070802
8,41449506,Harvest Credit Management Iv,0731CV001105,Civil,Disposed (Statistical Purposes),20070803,20071123
9,41736802,"Meredith Management Corp., managing agents for Brookside Terrace Associates Limited Partnership",15H85SP000568,Housing Court Summary Process,Active,20150213,20150213
10,41739960,"Meredith Management Corp., managing agents for Brookside Terrace Associates Limited Partnership",15H85SP000569,Housing Court Summary Process,Closed,20150213,20150324
11,41744039,"Meredith Management Corp., managing agents for Brookside Terrace Associates Limited Partnership",15H85SP000567,Housing Court Summary Process,Active,20150213,20150213
12,41747467,"Meredith Management Corp., managing agents for Brookside Terrace Associates Limited Partnership",15H85SP000570,Housing Court Summary Process,Closed,20150213,20150225
13,41751688,"Meredith Management Corp., managing agents for Brookside Terrace Associates Limited Partnership",15H85SP000571,Housing Court Summary Process,Active,20150213,20150213
14,41947018,"Harvest Credit Management I V, L L C",0855CV001087,Civil,Disposed (Statistical Purposes),20081208,20090429
15,42002394,"Harvest Credit Management V I I , L L C",0955SC000552,Small Claims,Disposed (Statistical Purposes),20090603,20091002
16,42430440,Riverboat Village Assoc. C/o Meredith Management,06H79SP002501,Housing Court Summary Process,Closed,20060714,20060816
17,42431716,Riverboat Village Assoc. C/o Meredith Management,06H79SP002502,Housing Court Summary Process,Closed,20060714,20060801
18,42907412,Harvest Credit Management Vii. Llc.,0762CV002669,Civil,Disposed (Statistical Purposes),20070906,20071211
19,67240741,Franklin Credit Management Corp,0884CV01109,Contract / Business Cases,Closed,20080310,20080528
20,67445405,Franklin Credit Management Corp,0784CV05624,Contract / Business Cases,Closed,20071227,20080924
21,76097477,Franklin Credit Management Corp,0884CV03170,Contract / Business Cases,Closed,20080717,20090112
22,76103846,Franklin Credit Management Corp,0884CV03171,Contract / Business Cases,Closed,20080717,20090827
23,43927656,Harvest Credit Management Vii/Household Bank Metri,0953CV001149,Civil,Disposed (Statistical Purposes),20090629,20100330
24,45483340,Harvest Credit Management Metris Direct Merchand B,0513CV000771,Civil,Disposed (Statistical Purposes),20050620,20050907
25,45552437,"Harvest Credit Management, Llc As Successor In Int",0532CV000327,Civil,Disposed (Statistical Purposes),20050325,20050616
26,45697670,"Harvest Credit Management, Llc As Successor In Int",0545CV000510,Civil,Disposed (Statistical Purposes),20051103,20060123
27,46007741,Harvest Credit Management Chase Manhattan Bank,0623CV001860,Civil,Disposed (Statistical Purposes),20060717,20060920
28,46168750,Harvest Credit Management V I I Llc Assignee Of,0645CV000530,Civil,Disposed (Statistical Purposes),20061222,20070827
29,46230091,"Meredith Management Corporation, Agent For Preside",0655SU000082,Summary Process,Disposed (Statistical Purposes),20060710,20060720
30,46232450,"Meredith Management Corp., For Presidential Courts",0655SU000092,Summary Process,Disposed (Statistical Purposes),20060724,20060815
31,46252017,"Midland Credit Management, Inc.,Servicer For Midla",0668CV000553,Civil,Disposed (Statistical Purposes),20061206,20070508
32,46273983,Harvest Credit Management Vii The Finance Company,0662CV002273,Civil,Disposed (Statistical Purposes),20060925,20061208
33,46316616,"Midland Credit Management, Inc As Servicer For Mi",0710CV000110,Civil,Disposed (Statistical Purposes),20070126,20070410
34,46316761,"Midland Credit Management,Inc. As Servicer For Mi",0710CV000107,Civil,Disposed (Statistical Purposes),20070126,20070410
35,46332002,"Harvest Credit Management V I I, L.L.C. Assignee O",0710CV001014,Civil,Disposed (Statistical Purposes),20070905,20071127
36,46332171,Harvest Credit Management V I I L.L.C,0710CV001022,Civil,Disposed (Statistical Purposes),20070906,20071109
37,46640466,"Meredith Management Corporation, Agent Of Presiden",0755SU000024,Summary Process,Disposed (Statistical Purposes),20070220,20070228
38,46733500,Harvest Credit Management assignee Chase Bank USA,0803SP000140,Supplementary Process,Disposed (Statistical Purposes),20081020,20100909
39,47638873,Harvest Credit Management Mbna America Bank N A,1016SP000109,Supplementary Process,Disposed (Statistical Purposes),20100329,20100707
40,76195761,Harvest Credit Management Mbna America Bank N A,0556CV002536,Civil,Disposed (Statistical Purposes),20051103,20060627
41,49586219,"Midland Credit Management, Inc. As Ser. For Midlan",0723CV000533,Civil,Disposed (Statistical Purposes),20070212,20070711
42,49586389,"Midland Credit Management, Inc. As Serv. For Midla",0723CV000534,Civil,Disposed (Statistical Purposes),20070212,20070711
43,49685375,"Harvest Creditmanagement Vii, Llc",1111CV000864,Civil,Disposed (Statistical Purposes),20110325,20110516
44,50012179,"Midland Credit Management, Inc. As Servicer/Assign",0615CV002895,Civil,Disposed (Statistical Purposes),20061227,20070508
45,50297861,Harvest Credit Management Vl,0515SC002543,Small Claims,Disposed (Statistical Purposes),20050831,20051021
46,50795377,Midland Credit Management Assignee For Ford Credit,0759CV000082,Civil,Disposed (Statistical Purposes),20070124,20070705
47,50920713,Harvest Credit Management Vh,0933CV000497,Civil,Disposed (Statistical Purposes),20090309,20090717
48,50922423,Harvest Credit Management Vh,0933CV000496,Civil,Disposed (Statistical Purposes),20090309,20090914
49,52752866,"Harvest Credit Management V I I , L. L. C.",0711CV001774,Civil,Disposed (Statistical Purposes),20070625,20071120
0,53717582,"Harvest Credit Management Bank Of America, Na",0613CV000603,Civil,Disposed (Statistical Purposes),20060501,20061215
1,54720946,Harvest Credit Management Sea-West,0662CV001516,Civil,Disposed (Statistical Purposes),20060627,20060907
2,55640432,Meredith Management Corp,07H85SP002833,Housing Court Summary Process,Closed,20070806,20090518
3,55654444,Meredith Management Corp,07H85SP002830,Housing Court Summary Process,Active,20070806,20070806
4,55666800,Meredith Management Corp,07H85SP002831,Housing Court Summary Process,Closed,20070806,20090518
5,55677737,Meredith Management Corp,07H85SP002832,Housing Court Summary Process,Active,20070806,20070806
6,55682762,Meredith Management Corp,07H85SP002829,Housing Court Summary Process,Active,20070806,20070821
7,55697013,Meredith Management Corp,07H85SP002834,Housing Court Summary Process,Active,20070806,20070806
8,56780254,Harvest Credit Management Metris,0562SC002108,Small Claims,Disposed (Statistical Purposes),20050526,20050722
9,57616506,Harvest Credit Management V Ii,0833CV002222,Civil,Disposed (Statistical Purposes),20081024,20090113
10,60738595,Harvest Credit Management V Ii,0933SP000407,Supplementary Process,Disposed (Statistical Purposes),20090421,20120306
11,57667131,"Midland Credit Management, Inc. As Serivcer For Mi",0752CV000086,Civil,Disposed (Statistical Purposes),20070124,20070216
12,57865213,"Harvest Credit Management Vii, L.L.C, M&I Ban",0831SP000557,Supplementary Process,Disposed (Statistical Purposes),20080902,20081030
13,58496525,"Midamerica Credit Management, Llc",0762SP000917,Supplementary Process,Disposed (Statistical Purposes),20071203,20080306
14,58518263,"Midland Credit Management, Inc. Serv. For Midland",0762CV000503,Civil,Disposed (Statistical Purposes),20070212,20070613
15,58541117,Midland Credit Management Inc. As Services For Mid,0762CV000506,Civil,Disposed (Statistical Purposes),20070212,20070613
16,58732911,Middlesex Mutual Assurance Company a/s/o Meredith Management,1481CV00641,Torts,Open,20140214,20140930
17,58751309,Harvest Credit Management Inc,0556CV002126,Civil,Disposed (Statistical Purposes),20050915,20060525
18,59088816,"Harvest Credit Management, Viii",0862SP000358,Supplementary Process,Disposed (Statistical Purposes),20080415,20080616
19,60091156,Midland Credit Management LLC,1634SC000691,Small Claims,Disposed (Statistical Purposes),20160906,20161116
20,80687926,Midland Credit Management LLC,2015SC000341,Small Claims,Disposed (Statistical Purposes),20200127,20210916
21,80694279,Midland Credit Management LLC,2015SC000339,Small Claims,Disposed (Statistical Purposes),20200127,20220106
22,82253223,Midland Credit Management LLC,2086SC000389,Small Claims,Disposed (Statistical Purposes),20201021,20211206
23,83056638,Midland Credit Management LLC,2156CV001680,Civil,Open,20211213,20211213
24,84424995,Midland Credit Management LLC,2125SC000734,Small Claims,Disposed (Statistical Purposes),20210708,20220201
25,60442575,Harvest Credit Union Management Vii,0862CV002054,Civil,Disposed (Statistical Purposes),20080701,20081104
26,63488319,Harvest Credit Management VIILLC,1111SC003181,Small Claims,Disposed (Statistical Purposes),20111107,20111206
27,64751640,"Harvest Credit Management, Assignee",0573CV00484,Contract / Business Cases,Closed,20050506,20060508
28,64801618,Mbna America Bank Harvest Credit Management Assignee of,0573CV00453,Contract / Business Cases,Closed,20050429,20060508
29,65506659,"Harvest Credit Management,Vii,Llc,",0901SP000152,Supplementary Process,Closed,20090508,20090508
30,66456619,Meredith Management Corp. agent for Brookside Terrace Apartments,13H85SP001498,Housing Court Summary Process,Closed,20130422,20130507
31,66474928,Meredith Management Corp. agent for Brookside Terrace Association,13H85SP001497,Housing Court Summary Process,Closed,20130422,20130507
32,68003854,Harvest Credit Management VII Household Bank,1656CV001136,Civil,Pending,20160829,20160829
33,68022053,"Meredith Management Corporation, managing agents for Peirce Hous",0981CV01442,Equitable Remedies,Closed,20090413,20100929
34,68307246,"Security Credit Services, LLC assignee of Absolute Resolutions Corp., assignee of apartment Investment and Management Company",1656SC000906,Small Claims,Disposed (Statistical Purposes),20160516,20160620
35,68886185,Meredith Management Corporation as,13H79CV000137,Housing Court Civil,Active,20130219,20130219
36,69583058,CMC Credit Management Corporation,0781CV04648,Administrative Civil Actions,Closed,20071129,20080408
37,69610863,"Meredith Management Corporation, Managing Agents For Harwell",0781CV02544,Equitable Remedies,Closed,20070705,20081215
38,70272051,Harvest Credit Management Llc Successor To Chase,0501SC000904,Small Claims,Closed,20050223,20050223
39,70341387,"Portfolio Recovery Associates, LLC assignee of Midland Credit Management",1311SC000669,Small Claims,Disposed (Statistical Purposes),20130228,20130605
40,70762399,"Harvest Credit Management V II, L.L.C. Assignee Of Chase",0681CV03046,Contract / Business Cases,Closed,20060825,20070426
41,71188197,"Midland Credit Management, In",0351SC000413,Small Claims,Disposed (Statistical Purposes),20030401,20040102
42,71275335,United Credit Management Corp. as assignee of First USA,0578CV00087,Contract / Business Cases,Closed,20051027,20051214
43,77475708,"Midland Credit Management , Inc.",2156SC002411,Small Claims,Open,20210920,20210920
44,77540178,"Midland Credit Management , Inc.",2065SC000323,Small Claims,Disposed (Statistical Purposes),20200911,20210823
45,77558827,"Midland Credit Management , Inc.",2065SC000375,Small Claims,Disposed (Statistical Purposes),20201013,20211019
46,77562321,"Midland Credit Management , Inc.",2065SC000398,Small Claims,Disposed (Statistical Purposes),20201021,20211025
47,78001198,"Midland Credit Management , Inc.",2158SC000409,Small Claims,Disposed (Statistical Purposes),20210712,20211208
48,81220560,"Midland Credit Management , Inc.",2118SC002456,Small Claims,Open,20211206,20211206
49,82373657,"Midland Credit Management , Inc.",2113CV000296,Civil,Open,20210503,20210503
0,82727835,"Midland Credit Management , Inc.",2213CV000020,Civil,Open,20220112,20220112
1,86826111,"Midland Credit Management , Inc.",2165SC000359,Small Claims,Open,20210706,20210706
2,87937151,"Midland Credit Management , Inc.",2056SC000780,Small Claims,Open,20200310,20200310
3,88085208,"Midland Credit Management , Inc.",2145SC000069,Small Claims,Disposed (Statistical Purposes),20210222,20210920
4,88090424,"Midland Credit Management , Inc.",1913SC002601,Small Claims,Disposed (Statistical Purposes),20191231,20200807
5,88327967,"Midland Credit Management , Inc.",2023SC001532,Small Claims,Disposed (Statistical Purposes),20200617,20210910
6,88336912,"Midland Credit Management , Inc.",2023SC001407,Small Claims,Disposed (Statistical Purposes),20200324,20201106
7,77482390,"Midland lCredit Management, Inc",2023SC002673,Small Claims,Open,20201123,20201123
8,77565265,"Midland Credit Managementt, Inc.",2123SC000301,Small Claims,Open,20210211,20210211
9,77565392,"Midland Credit Managementt, Inc.",2123SC000297,Small Claims,Open,20210211,20210211
10,77565657,"Midland Credit Managementt, Inc.",2123SC000294,Small Claims,Open,20210211,20210211
11,77565820,"Midland Credit Managementt, Inc.",2123SC000305,Small Claims,Open,20210211,20210211
12,77565858,"Midland Credit Managementt, Inc.",2123SC000307,Small Claims,Open,20210211,20210211
13,77566014,"Midland Credit Managementt, Inc.",2123SC000302,Small Claims,Open,20210211,20210211
14,77566057,"Midland Credit Managementt, Inc.",2123SC000306,Small Claims,Open,20210211,20210211
15,77566065,"Midland Credit Managementt, Inc.",2123SC000295,Small Claims,Open,20210211,20210211
16,77566196,"Midland Credit Managementt, Inc.",2123SC000303,Small Claims,Open,20210211,20210211
17,77566622,"Midland Credit Managementt, Inc.",2123SC000296,Small Claims,Open,20210211,20210211
18,77566799,"Midland Credit Managementt, Inc.",2123SC000304,Small Claims,Open,20210211,20210211
19,77674309,"Midalnd Credit Management, Inc.",2115SC001744,Small Claims,Open,20210719,20210719
20,77716438,"Midland Credit Management , Inc",2138SC000438,Small Claims,Open,20210519,20210519
21,77716439,"Midland Credit Management , Inc",2138SC000438,Small Claims,Open,20210519,20210519
22,77716783,"Midland Credit Management , Inc",2138SC000440,Small Claims,Open,20210519,20210519
23,78539489,"Midland Credit Management , Inc",2108SC000255,Small Claims,Open,20210824,20210824
24,81610771,"Midland Credit Management , Inc",2016SC000291,Small Claims,Disposed (Statistical Purposes),20200624,20210322
25,82729226,"Midland Credit Management , Inc",2032SC000459,Small Claims,Disposed (Statistical Purposes),20200210,20220120
26,88540717,"Midland Credit Management , Inc",2132SC001417,Small Claims,Disposed (Statistical Purposes),20210701,20211001
27,78073653,"Midland Funding Credit Management, Inc.",2166SC000367,Small Claims,Open,20210720,20210720
28,87964762,"Midland Funding Credit Management, Inc.",2127SC000032,Small Claims,Disposed (Statistical Purposes),20210201,20210324
29,78086348,"Maidland Credit Management, Inc.",2166SC000404,Small Claims,Open,20210728,20210728
30,78543972,"Midland Credit Management ,Inc",2008SC000185,Small Claims,Open,20200911,20200911
31,78550832,"Midland Credit Management ,Inc",2008SC000186,Small Claims,Disposed (Statistical Purposes),20200915,20211213
32,78551092,"Midland Credit Management ,Inc",2008SC000183,Small Claims,Disposed (Statistical Purposes),20200915,20211213
33,78583266,"Midland Credit Management ,Inc",2008SC000188,Small Claims,Disposed (Statistical Purposes),20200922,20211213
34,78584591,"Midland Credit Management ,Inc",2008SC000191,Small Claims,Closed,20200922,20211115
35,80202834,"Midland Credit Management, Inc,",2115CV001299,Civil,Open,20211220,20211220
36,81231669,"Midland Credit Management, Inc,",2147SC000398,Small Claims,Open,20211025,20211025
37,81346146,"Midland Credit Management, Inc,",2115CV001122,Civil,Open,20211025,20211025
38,81419623,"Midland Credit Management, Inc,",2158SC000128,Small Claims,Disposed (Statistical Purposes),20210309,20210730
39,81498821,"Midland Credit Management, Inc,",2218CV000013,Civil,Open,20220104,20220104
40,81500485,"Midland Credit Management, Inc,",2218CV000014,Civil,Open,20220104,20220104
41,81501089,"Midland Credit Management, Inc,",2218CV000010,Civil,Open,20220104,20220104
42,81525291,"Midland Credit Management, Inc,",2063SC000103,Small Claims,Disposed (Statistical Purposes),20200310,20210222
43,81769611,"Midland Credit Management, Inc,",2113SC001847,Small Claims,Open,20210927,20210927
44,81980559,"Midland Credit Management, Inc,",2158SC000066,Small Claims,Disposed (Statistical Purposes),20210210,20210709
45,82514562,"Midland Credit Management, Inc,",2042SC000213,Small Claims,Open,20201030,20201030
46,82712567,"Midland Credit Management, Inc,",2033SC002115,Small Claims,Open,20201230,20201230
47,82725184,"Midland Credit Management, Inc,",2158SC000222,Small Claims,Disposed (Statistical Purposes),20210422,20210823
48,83032627,"Midland Credit Management, Inc,",2043SC000617,Small Claims,Disposed (Statistical Purposes),20201022,20210324
49,83641069,"Midland Credit Management, Inc,",2103SC000102,Small Claims,Disposed (Statistical Purposes),20210519,20210720
0,87186547,"Midland Credit Management, Inc,",2153SC000783,Small Claims,Open,20210723,20210723
1,88171080,"Midland Credit Management, Inc,",2126SC000134,Small Claims,Open,20210421,20210421
2,88225456,"Midland Credit Management, Inc,",2143SC000109,Small Claims,Disposed (Statistical Purposes),20210223,20210616
3,88360835,"Midland Credit Management, Inc,",2010SC000537,Small Claims,Disposed (Statistical Purposes),20200908,20210527
4,88398845,"Midland Credit Management, Inc,",2023SC001092,Small Claims,Disposed (Statistical Purposes),20200310,20211029
5,88400497,"Midland Credit Management, Inc,",2143SC000305,Small Claims,Disposed (Statistical Purposes),20210429,20210721
6,80273006,Midland Credit Management. Inc,2001SC000694,Small Claims,Open,20200824,20200824
7,81560939,Midland Credit Management. Inc,2111SC000580,Small Claims,Open,20210303,20210303
8,82530649,Midland Credit Management. Inc,2023SC002258,Small Claims,Disposed (Statistical Purposes),20200921,20220121
9,82691880,Midland Credit Management. Inc,2023SC002075,Small Claims,Disposed (Statistical Purposes),20200824,20210122
10,82758071,Midland Credit Management. Inc,2023SC002168,Small Claims,Open,20200828,20200828
11,80476897,"Midland Credit Management, IInc",2134SC000146,Small Claims,Open,20210202,20210202
12,80480366,"Midalnd Credit Management, Inc",2134SC000149,Small Claims,Open,20210202,20210202
13,80502007,"Midland Credit Management, LLC.",2125SC001331,Small Claims,Open,20211124,20211124
14,80598908,"Mildand Credit Management, Inc.",2120SC000145,Small Claims,Open,20210225,20210225
15,80620598,"Mildand Credit Management, Inc.",2120SC000162,Small Claims,Open,20210301,20210301
16,80634886,"Mildand Credit Management, Inc.",2120SC000171,Small Claims,Open,20210303,20210303
17,80870420,"Mildand Credit Management, Inc.",2120SC000302,Small Claims,Open,20210421,20210421
18,80682355,"Midland Credit Management, Inc. As",2120SC000045,Small Claims,Open,20210122,20210122
19,81033606,"Midland Credit Management, Inc. As",2025SC000623,Small Claims,Disposed (Statistical Purposes),20200904,20210504
20,81531142,"Midland Credit Management, Inc. As",2049SC000571EF,Small Claims,Disposed (Statistical Purposes),20200917,20210407
21,80682837,"Midland Credit Management, Inc.f",2106SC000497EF,Small Claims,Suspended Covid 19 extended,20210503,20210503
22,80872317,"Midland Credit Management, ""Inc",2154SC000208,Small Claims,Open,20210331,20210331
23,80873051,"Midland Credit Management,LLC",2054SC000630,Small Claims,Disposed (Statistical Purposes),20200908,20210224
24,81613125,"Midland Credit Management,LLC",2117SC000581,Small Claims,Open,20211025,20211025
25,80940726,"Misland Credit Management, Inc.",2152SC000102,Small Claims,Disposed (Statistical Purposes),20210211,20211014
26,81116218,Midland Credit Management `,2069SC000151,Small Claims,Disposed (Statistical Purposes),20200130,20210312
27,81193017,"MidlandCredit Management, LLC",2069SC000179,Small Claims,Disposed (Statistical Purposes),20200207,20210325
28,81333673,"Land Credit Management, Inc",2032SC001373,Small Claims,Disposed (Statistical Purposes),20200826,20200929
29,81343787,"Land Credit Management, Inc",2032SC001374,Small Claims,Covid 19 XXX Notice Issued,20200826,20201228
30,81339860,"Land Credit Management, Inc.",2032SC001372,Small Claims,Disposed (Statistical Purposes),20200826,20210915
31,81366064,"Midland Credit Union Management, INC",2132SC000283,Small Claims,Disposed (Statistical Purposes),20210210,20211026
32,81437483,"Mildand Credit Management, inc",2014SC001077,Small Claims,Open,20201216,20201216
33,81447401,"MMidland Credit Management, Inc.",2017SC000420,Small Claims,Disposed (Statistical Purposes),20201023,20220110
34,81482024,"Midland Credit Management, Inc..",2152SC000717,Small Claims,Open,20211022,20211022
35,81498736,"Midlland Credit Management, Inc.",2032SC001536,Small Claims,Disposed (Statistical Purposes),20200921,20210507
36,81586654,"Mindland Credit Management, Inc",2050SC000978,Small Claims,Open,20200708,20200708
37,81671010,"Mindland Credit Management, Inc",2150SC001613,Small Claims,Disposed (Statistical Purposes),20210818,20210910
38,81873990,"Midland Credit Management., Inc.",2158SC000051,Small Claims,Disposed (Statistical Purposes),20210202,20210722
39,81901530,"Midand Credit Management, Inc.",2032SC001707,Small Claims,Disposed (Statistical Purposes),20201021,20210324
40,87963326,"Midand Credit Management, Inc.",2010SC000377,Small Claims,Disposed (Statistical Purposes),20200626,20210225
41,82012152,"Miland Credit Management, Inc.",2032SC001768,Small Claims,Disposed (Statistical Purposes),20201030,20211223
42,82095051,"Midlang Credit Management, Inc",2111SC000804,Small Claims,Open,20210322,20210322
43,82151319,"MKidland Credit Management, Inc",2111SC000820,Small Claims,Open,20210329,20210329
44,82162499,"Midland Funding Credit Management, Inc",2050SC001589,Small Claims,Disposed (Statistical Purposes),20201112,20210816
45,85366471,"Midland Funding Credit Management, Inc",2198CV000119,Civil,Open,20210629,20210629
46,86119122,"Midland Funding Credit Management, Inc",2127SC000543,Small Claims,Open,20210630,20210630
47,82217134,"Midland Credit Management, Inc. .",2161SC000033-EF,Small Claims,Disposed (Statistical Purposes),20210118,20220208
48,82307184,"FMidland Credit Management, Inc",2023SC002200,Small Claims,Open,20200908,20200908
49,82375644,"Midland Credit Management, Ic",2036SC001108,Small Claims,Disposed (Statistical Purposes),20201228,20211014
0,82525720,"Minland Credit Management, Inc.",2133SC000397,Small Claims,Open,20210302,20210302
1,82545881,"Midland Credit Management,. Inc",2023SC002251,Small Claims,Open,20200921,20200921
2,82744465,"Midland Credite Management, Inc",2023SC002169,Small Claims,Open,20200828,20200828
3,82756870,"Midland Credit Management, Inv",2032SC000417,Small Claims,Disposed (Statistical Purposes),20200210,20201009
4,82758853,"Medland Credit Management, Inc.",2166SC000629,Small Claims,Open,20211028,20211028
5,82759986,Mid;and Credit Management. Inc,2023SC002181,Small Claims,Disposed (Statistical Purposes),20200828,20220210
6,82906099,"MidlandCredit Management, Inc",1957SC001091,Small Claims,Disposed (Statistical Purposes),20191212,20201113
7,82927679,"Midand Credit Management, Inc",2136SC000138,Small Claims,Disposed (Statistical Purposes),20210211,20211021
8,82953988,"Midland cCredit Management, Inc",1957SC001127,Small Claims,Disposed (Statistical Purposes),20191223,20211004
9,83012560,"Midland Credit Management, Incl.",2027SC000144,Small Claims,Disposed (Statistical Purposes),20200211,20200312
10,83145440,Meredith Management Corproation ((lessor)and/Managing Agent For Riverboat Village Associates Limited Partnership(owner),20H79SP000300,Housing Court Summary Process,Active,20200124,20200124
11,83154484,"Meredith Management Corporation, (Lessor) And/Managing Agent For Riverboat Village Associates Limited Parternship (Owner)",20H79SP000299,Housing Court Summary Process,Active,20200124,20200124
12,84191255,"Midland Credit vManagement, Inc.",2102SC000340,Small Claims,Disposed (Statistical Purposes),20210610,20220126
13,85904959,"<idland Credit Management, Inc.",2126SC000302,Small Claims,Open,20210528,20210528
14,86671175,"Midland Credit Management,, Inc",2136SC000686,Small Claims,Open,20210702,20210702
15,86723198,"Midlnd Credit Management, Inc.",2160SC000672,Small Claims,Open,20210723,20210723
16,87047491,"Midland Credit Management, Inc,.",2153SC000676,Small Claims,Disposed (Statistical Purposes),20210702,20220119
17,87184922,"Midland Credit Management, Inc,.",2153SC000782,Small Claims,Open,20210723,20210723
18,87905776,"Mutual Credit Management, Inc.",2056SC000768,Small Claims,Open,20200310,20200310
19,87954689,"Mdiland Credit Management, Inc.",2123CV001138,Civil,Open,20211222,20211222
20,88014633,"Midland Credit Management, Incorporated",2223SC000036,Small Claims,Open,20220106,20220106
21,88017473,"Midland Credit Management, Incorporated",2223SC000037,Small Claims,Open,20220106,20220106
22,88379050,"Midland Credit Management, Incorporated",2023SC001493,Small Claims,Disposed (Statistical Purposes),20200629,20211108
23,88098780,"Midland Credit Management ,Inc.",2010SC000519,Small Claims,Disposed (Statistical Purposes),20200813,20210316
24,88327239,Midland Credit Management. INC.,2023SC001513,Small Claims,Disposed (Statistical Purposes),20200617,20210203
25,88379303,Midland Credit Management. INC.,2023SC001542,Small Claims,Disposed (Statistical Purposes),20200630,20211210
26,88338421,"Micland Credit Management, Inc.",2023SC001583,Small Claims,Suspended Covid 19 extended,20200619,20200723
27,88345975,"Wilmington Savings Fund Society,FSB as Owner Trustee of the Residential Credit Opportunities Trust V-C c/o AMIP Management, LLC",1913SU000355,Summary Process,Disposed (Statistical Purposes),20191108,20191118
28,88357100,Midland Funding Credit Management Inc,2056CV001109,Civil,Disposed (Statistical Purposes),20201203,20210406
29,88360860,"Midlane Credit Management, Inc.",2231CV000055,Civil,Open,20220124,20220124
30,88382416,"Midland Credit Management, In.",2128SC000454,Small Claims,Open,20211025,20211025
31,88429589,"Miidland Credit Management, Inc.",2123CV001087,Civil,Open,20211210,20211210
32,88626517,"Mlidland Credit Management, Inc",2023SC002435,Small Claims,Open,20201021,20201021
33,88963936,"Midlnad Credit Management, Inc",2150SC001339,Small Claims,Open,20210723,20210723
34,88978737,"Managment Credit Management, Inc.",2205CV000052,Civil,Open,20220301,20220301
35,88981422,"Midland Credit Management, In.c",2215CV000197,Civil,Open,20220302,20220302
